951221,92.26,92.3,92.26,92.26,340,340
951222,92.32,92.36,92.32,92.36,4,340
951227,92.34,92.41,92.34,92.41,33,373
951228,92.43,92.43,92.39,92.42,247,412
951229,92.42,92.42,92.42,92.42,30,416
960102,92.32,92.32,92.32,92.32,1,416
960103,92.28,92.28,92.19,92.19,475,887
960104,92.22,92.3,92.21,92.29,412,1264
960105,92.27,92.3,92.24,92.26,760,1819
960108,92.27,92.27,92.26,92.26,156,1899
960109,92.3,92.35,92.28,92.28,345,2154
960110,92.28,92.33,92.28,92.31,485,2386
960111,92.29,92.38,92.29,92.36,66,2416
960112,92.42,92.43,92.41,92.41,332,2406
960115,92.42,92.45,92.41,92.43,108,2453
960116,92.49,92.53,92.49,92.53,275,2596
960117,92.48,92.53,92.48,92.53,30,2596
960118,92.51,92.69,92.51,92.69,164,2587
960119,92.61,92.62,92.59,92.61,168,2531
960122,92.58,92.59,92.55,92.55,195,2718
960123,92.44,92.5,92.43,92.49,112,2616
960124,92.53,92.53,92.52,92.52,34,2629
960125,92.53,92.53,92.48,92.48,25,2639
960126,92.47,92.47,92.4,92.42,65,2624
960129,92.36,92.38,92.36,92.38,30,2644
960130,92.4,92.43,92.4,92.42,6,2648
960131,92.38,92.38,92.37,92.38,53,2599
960201,92.36,92.37,92.34,92.36,245,2760
960202,92.3,92.3,92.26,92.27,167,2896
960205,92.17,92.17,92.1,92.1,298,2881
960206,92.12,92.12,92.12,92.12,0,2881
960207,92.17,92.18,92.16,92.16,478,2948
960208,92.18,92.18,92.16,92.16,1000,3948
960209,92.16,92.2,92.04,92.15,156,4036
960212,92.13,92.13,92.13,92.13,0,4036
960213,92.17,92.18,92.15,92.18,393,4350
960214,92.14,92.15,92.12,92.12,327,4672
960215,92.11,92.15,92.11,92.15,180,4788
960216,92.16,92.16,92.16,92.16,239,4978
960219,92.07,92.07,91.91,91.91,501,5478
960220,91.96,91.96,91.7,91.78,1547,6732
960221,91.8,91.85,91.8,91.85,135,6731
960222,91.88,91.98,91.88,91.91,253,6787
960223,91.97,91.97,91.92,91.92,57,6835
960226,91.85,91.86,91.8,91.8,168,6883
960227,91.8,91.83,91.8,91.83,476,6870
960228,91.88,91.9,91.83,91.83,309,6888
960229,91.87,91.87,91.76,91.78,221,6964
960301,91.89,91.97,91.89,91.95,52,6979
960304,92.04,92.08,92.04,92.08,106,6931
960305,92.05,92.06,92.04,92.06,20,6934
960306,92.07,92.07,92.02,92.03,294,6934
960307,91.99,91.99,91.95,91.96,256,7063
960308,91.86,91.86,91.6,91.6,232,7255
960311,91.33,91.45,91.27,91.43,371,7574
960312,91.44,91.44,91.36,91.37,124,7647
960313,91.41,91.7,91.41,91.61,643,7811
960314,91.58,91.64,91.58,91.64,432,7617
960315,91.64,91.64,91.54,91.55,109,7602
960318,91.51,91.59,91.51,91.58,54,7636
960319,91.63,91.64,91.6,91.61,528,7956
960320,91.58,91.67,91.57,91.66,66,7977
960321,91.71,91.73,91.58,91.68,676,8077
960322,91.67,91.67,91.64,91.66,55,8117
960325,91.63,91.68,91.63,91.68,50,8117
960326,91.67,91.67,91.65,91.67,139,8203
960327,91.7,91.7,91.67,91.67,185,8161
960328,91.64,91.64,91.55,91.57,214,8138
960329,91.58,91.6,91.56,91.59,401,8051
960401,91.66,91.69,91.65,91.69,409,8032
960402,91.69,91.73,91.68,91.71,263,8171
960403,91.7,91.72,91.66,91.72,134,8230
960404,91.73,91.73,91.71,91.72,173,8226
960409,91.62,91.62,91.62,91.62,1,8226
960410,91.68,91.68,91.64,91.64,202,8399
960411,91.57,91.59,91.56,91.56,147,8470
960412,91.56,91.59,91.54,91.59,52,8519
960415,91.65,91.68,91.64,91.64,119,8613
960416,91.66,91.68,91.66,91.68,6,8610
960417,91.67,91.67,91.56,91.59,162,8686
960418,91.61,91.69,91.59,91.67,294,8728
960419,91.72,91.76,91.72,91.75,51,8769
960422,91.81,91.82,91.79,91.82,177,8752
960423,91.8,91.86,91.8,91.85,465,8422
960424,91.87,91.89,91.85,91.87,281,8197
960425,91.91,91.94,91.9,91.94,250,8142
960426,91.96,91.98,91.94,91.95,158,8169
960429,91.92,91.93,91.92,91.92,58,8136
960430,91.91,91.91,91.87,91.87,5,8131
960501,91.85,91.85,91.84,91.84,105,8198
960502,91.86,91.86,91.7,91.7,147,8277
960503,91.58,91.62,91.58,91.61,287,8477
960507,91.63,91.63,91.57,91.57,160,8317
960508,91.61,91.63,91.58,91.63,123,8307
960509,91.63,91.64,91.6,91.63,267,8211
960510,91.63,91.75,91.61,91.75,424,8021
960513,91.74,91.78,91.74,91.76,160,8062
960514,91.76,91.77,91.76,91.77,10,8062
960515,91.79,91.8,91.74,91.75,36,8039
960516,91.74,91.75,91.73,91.75,50,8021
960517,91.74,91.82,91.74,91.8,555,8005
960520,91.86,91.86,91.83,91.84,299,7880
960521,91.82,91.86,91.82,91.84,257,8025
960522,91.79,91.8,91.75,91.8,291,8021
960523,91.82,91.82,91.81,91.82,35,8021
960524,91.82,91.82,91.78,91.78,117,7991
960528,91.79,91.79,91.77,91.77,59,8002
960529,91.75,91.78,91.75,91.78,125,7906
960530,91.75,91.75,91.65,91.68,457,8196
960531,91.7,91.71,91.66,91.66,240,8235
960603,91.68,91.7,91.68,91.68,21,8235
960604,91.74,91.79,91.74,91.79,21,8235
960605,91.79,91.81,91.74,91.77,176,8184
960606,91.8,91.87,91.79,91.85,843,8454
960607,91.86,91.86,91.73,91.74,65,8448
960610,91.82,91.82,91.79,91.79,351,8615
960611,91.75,91.79,91.72,91.79,595,8597
960612,91.74,91.75,91.72,91.73,237,8677
960613,91.68,91.74,91.68,91.7,280,8622
960614,91.72,91.72,91.6,91.67,381,8442
960617,91.69,91.7,91.65,91.7,85,8423
960618,91.66,91.76,91.66,91.74,120,8364
960619,91.75,91.8,91.73,91.77,154,8386
960620,91.77,91.77,91.7,91.74,70,8404
960621,91.78,91.8,91.78,91.8,218,8448
960624,91.82,91.87,91.8,91.8,5,8448
960625,91.83,91.84,91.83,91.83,285,8520
960626,91.84,91.84,91.81,91.84,297,8414
960627,91.86,91.86,91.79,91.86,280,8495
960628,91.9,91.98,91.89,91.98,443,8579
960701,91.96,91.98,91.96,91.98,140,8549
960702,92.01,92.04,91.97,92.03,158,8550
960703,92.03,92.03,91.96,91.98,45,8542
960704,92.03,92.07,92.03,92.07,3,8545
960705,92.07,92.08,92,92,275,8649
960708,91.93,91.98,91.93,91.98,45,8649
960709,91.99,92.02,91.99,92.02,619,9225
960710,92,92.05,92,92.05,184,9235
960711,92.05,92.06,92.04,92.06,77,9210
960712,92.05,92.05,92.01,92.04,171,9217
960715,92.01,92.01,91.99,91.99,46,9217
960716,91.97,91.99,91.96,91.97,52,9261
960717,91.94,91.98,91.94,91.97,461,9417
960718,91.99,91.99,91.95,91.99,82,9377
960719,92.03,92.03,92.01,92.02,119,9326
960722,92.03,92.03,92.01,92.02,218,9489
960723,92.01,92.01,92,92.01,118,9522
960724,92.04,92.07,92.04,92.06,213,9678
960725,92.06,92.06,92,92.03,82,9674
960726,92.05,92.05,92.05,92.05,50,9674
960729,92.04,92.04,92.04,92.04,0,9674
960730,92.03,92.03,91.98,92.03,421,10054
960731,92.04,92.04,92,92.03,41,10048
960801,92.03,92.07,92.03,92.07,143,10017
960802,92.08,92.16,92.08,92.16,270,9906
960805,92.21,92.21,92.18,92.18,244,10011
960806,92.17,92.17,92.14,92.17,156,10036
960807,92.19,92.2,92.16,92.16,45,10036
960808,92.14,92.14,92.1,92.11,438,10404
960809,92.12,92.15,92.06,92.13,885,10450
960812,92.17,92.17,92.12,92.16,207,10504
960813,92.21,92.21,92.2,92.2,201,10633
960814,92.19,92.19,92.15,92.15,341,10928
960815,92.14,92.14,92.14,92.14,81,10928
960816,92.17,92.22,92.17,92.22,290,10901
960819,92.22,92.22,92.21,92.21,50,10951
960820,92.22,92.23,92.22,92.22,557,10898
960821,92.21,92.24,92.18,92.19,74,10879
960822,92.22,92.29,92.22,92.27,567,10802
960823,92.29,92.29,92.25,92.27,289,10955
960827,92.24,92.25,92.22,92.22,50,10945
960828,92.23,92.23,92.21,92.22,270,11045
960829,92.24,92.24,92.21,92.21,287,11282
960830,92.2,92.2,92.17,92.17,229,11411
960902,92.17,92.18,92.17,92.18,68,11411
960903,92.14,92.15,92.09,92.12,450,11510
960904,92.14,92.16,92.11,92.11,572,11197
960905,92.12,92.15,92.09,92.11,513,11305
960906,92.1,92.15,92.1,92.13,633,11807
960909,92.18,92.2,92.18,92.2,533,11818
960910,92.24,92.24,92.21,92.23,524,12009
960911,92.23,92.23,92.21,92.23,150,12021
960912,92.25,92.27,92.25,92.26,351,11879
960913,92.28,92.36,92.26,92.36,812,12125
960916,92.4,92.4,92.39,92.39,648,12335
960917,92.38,92.4,92.36,92.36,313,12117
960918,92.37,92.37,92.29,92.29,566,12440
960919,92.28,92.29,92.25,92.28,487,12562
960920,92.3,92.33,92.28,92.29,406,12599
960923,92.26,92.26,92.25,92.25,281,12685
960924,92.27,92.28,92.25,92.25,629,12966
960925,92.29,92.32,92.28,92.32,912,13171
960926,92.4,92.44,92.4,92.43,530,13207
960927,92.52,92.58,92.51,92.51,1313,13705
960930,92.49,92.5,92.47,92.47,302,13607
961001,92.49,92.55,92.47,92.55,83,13600
961002,92.58,92.67,92.58,92.67,1468,13637
961003,92.68,92.74,92.67,92.67,569,13901
961004,92.67,92.74,92.64,92.74,471,13620
961007,92.71,92.73,92.71,92.73,353,13614
961008,92.7,92.74,92.69,92.74,184,13599
961009,92.78,92.87,92.78,92.82,675,13960
961010,92.82,92.82,92.68,92.73,1310,14488
961011,92.74,92.76,92.73,92.74,1300,15021
961014,92.74,92.76,92.74,92.76,249,15037
961015,92.8,92.82,92.8,92.82,510,15084
961016,92.82,92.82,92.61,92.62,1002,14929
961017,92.6,92.63,92.56,92.62,304,15120
961018,92.66,92.66,92.5,92.5,467,15145
961021,92.52,92.54,92.49,92.49,682,15490
961022,92.49,92.63,92.49,92.63,680,15545
961023,92.66,92.66,92.58,92.6,482,15466
961024,92.61,92.63,92.5,92.53,1057,15119
961025,92.5,92.6,92.5,92.6,836,14893
961028,92.6,92.61,92.53,92.53,768,14826
961029,92.49,92.56,92.49,92.55,898,14952
961030,92.6,92.62,92.41,92.43,1550,15072
961031,92.4,92.46,92.4,92.42,1190,15198
961101,92.42,92.44,92.37,92.37,90,15223
961104,92.33,92.35,92.31,92.31,558,15072
961105,92.33,92.4,92.33,92.39,604,15281
961106,92.42,92.43,92.27,92.39,260,15227
961107,92.39,92.39,92.32,92.32,944,15499
961108,92.35,92.37,92.32,92.34,1085,15507
961111,92.35,92.35,92.32,92.34,228,15505
961112,92.37,92.38,92.34,92.35,1481,15073
961113,92.36,92.36,92.24,92.24,581,15192
961114,92.24,92.3,92.14,92.29,2069,15365
961115,92.32,92.35,92.31,92.35,1498,15875
961118,92.35,92.4,92.33,92.4,2011,16255
961119,92.41,92.45,92.41,92.45,1144,15924
961120,92.44,92.44,92.4,92.42,2013,15504
961121,92.42,92.47,92.42,92.45,1237,15291
961122,92.43,92.51,92.43,92.46,427,15411
961125,92.47,92.52,92.47,92.52,737,15271
961126,92.54,92.57,92.52,92.57,1096,15362
961127,92.54,92.54,92.5,92.5,465,15352
961128,92.53,92.54,92.52,92.54,340,15212
961129,92.56,92.62,92.56,92.61,154,15246
961202,92.6,92.61,92.55,92.59,324,14895
961203,92.63,92.63,92.56,92.57,765,15128
961204,92.54,92.54,92.44,92.45,377,15228
961205,92.45,92.55,92.42,92.42,935,15540
961206,92.37,92.37,92.25,92.32,2611,16422
961209,92.38,92.4,92.38,92.4,265,16437
961210,92.43,92.45,92.43,92.45,160,16312
961211,92.41,92.41,92.37,92.37,612,16669
961212,92.35,92.37,92.29,92.3,636,16581
961213,92.28,92.32,92.25,92.32,721,16327
961216,92.36,92.41,92.35,92.36,1118,16551
961217,92.33,92.36,92.33,92.33,319,16437
961218,92.34,92.34,92.2,92.24,949,16267
961219,92.23,92.3,92.23,92.29,633,16416
961220,92.32,92.36,92.3,92.3,321,16421
961223,92.29,92.31,92.29,92.3,34,16408
961224,92.31,92.33,92.31,92.33,23,16415
961227,92.34,92.34,92.34,92.34,0,16415
961230,92.38,92.38,92.38,92.38,0,16415
961231,92.37,92.37,92.37,92.37,100,16415
970102,92.33,92.35,92.27,92.27,231,16314
970103,92.27,92.29,92.25,92.28,792,15889
970106,92.23,92.25,92.22,92.25,976,15436
970107,92.25,92.28,92.25,92.28,373,15470
970108,92.33,92.35,92.33,92.33,444,15625
970109,92.34,92.39,92.33,92.39,255,15650
970110,92.46,92.48,92.41,92.42,471,15672
970113,92.48,92.49,92.48,92.49,291,15655
970114,92.49,92.51,92.47,92.49,1290,15635
970115,92.5,92.53,92.49,92.52,1479,15658
970116,92.5,92.67,92.5,92.62,1347,15988
970117,92.59,92.64,92.57,92.63,668,15887
970120,92.66,92.7,92.64,92.64,1257,16154
970121,92.61,92.64,92.54,92.57,749,16204
970122,92.63,92.74,92.61,92.69,1049,16093
970123,92.67,92.68,92.65,92.66,734,16474
970124,92.63,92.63,92.54,92.54,715,16712
970127,92.57,92.57,92.52,92.54,1394,17157
970128,92.51,92.59,92.51,92.59,1618,17741
970129,92.58,92.6,92.52,92.53,1693,18673
970130,92.56,92.57,92.54,92.54,844,18286
970131,92.54,92.6,92.52,92.6,531,18367
970203,92.63,92.68,92.63,92.67,238,18367
970204,92.71,92.72,92.69,92.7,1192,18915
970205,92.74,92.74,92.69,92.69,1692,18595
970206,92.7,92.74,92.7,92.72,991,18645
970207,92.73,92.86,92.72,92.86,850,18254
970210,92.82,92.88,92.82,92.84,406,18399
970211,92.82,92.88,92.82,92.87,1419,18537
970212,92.83,92.88,92.83,92.87,684,18357
970213,92.89,92.89,92.86,92.88,210,18557
970214,92.92,92.93,92.88,92.88,496,18504
970217,92.87,92.89,92.87,92.89,329,18648
970218,92.95,93.03,92.95,92.97,909,18859
970219,92.97,92.97,92.92,92.92,514,18832
970220,92.89,92.95,92.89,92.95,513,18675
970221,92.94,92.95,92.92,92.93,236,18669
970224,92.92,92.92,92.91,92.91,505,18617
970225,92.92,92.94,92.92,92.93,401,18581
970226,92.9,92.91,92.85,92.85,378,18596
970227,92.87,92.87,92.82,92.85,1493,19130
970228,92.86,92.86,92.74,92.74,1726,18807
970303,92.72,92.75,92.71,92.73,671,18969
970304,92.76,92.81,92.76,92.8,608,18900
970305,92.79,92.81,92.75,92.75,1962,19489
970306,92.77,92.83,92.76,92.78,2576,20382
970307,92.77,92.81,92.73,92.78,1025,20263
970310,92.82,92.84,92.82,92.83,925,20296
970311,92.87,92.91,92.83,92.83,1294,20128
970312,92.83,92.84,92.76,92.77,1298,19777
970313,92.74,92.74,92.72,92.72,494,19578
970314,92.7,92.72,92.7,92.72,697,19655
970317,92.68,92.68,92.62,92.63,1341,19720
970318,92.6,92.61,92.57,92.57,1121,19731
970319,92.58,92.58,92.37,92.37,1839,19808
970320,92.35,92.37,92.28,92.3,4717,19324
970321,92.35,92.36,92.31,92.31,776,19148
970324,92.29,92.3,92.26,92.29,1116,19449
970325,92.31,92.34,92.3,92.34,880,19598
970326,92.29,92.32,92.27,92.3,1905,20469
970327,92.33,92.36,92.28,92.28,700,20631
970401,92.21,92.25,92.21,92.22,204,20750
970402,92.25,92.28,92.24,92.26,1265,20241
970403,92.24,92.25,92.23,92.24,1264,20501
970404,92.24,92.32,92.24,92.28,2150,20425
970407,92.25,92.34,92.23,92.34,900,20745
970408,92.32,92.39,92.3,92.38,1170,20669
970409,92.37,92.46,92.37,92.41,1178,20976
970410,92.41,92.45,92.4,92.43,1683,21282
970411,92.43,92.45,92.36,92.36,1502,21671
970414,92.36,92.4,92.36,92.4,699,21595
970415,92.44,92.45,92.39,92.44,1102,21552
970416,92.44,92.46,92.41,92.45,1595,21005
970417,92.48,92.54,92.47,92.52,1701,21207
970418,92.49,92.49,92.45,92.45,764,21408
970421,92.43,92.43,92.4,92.4,193,21450
970422,92.39,92.39,92.35,92.37,2102,21887
970423,92.38,92.43,92.37,92.37,1980,21912
970424,92.38,92.39,92.35,92.36,1514,21487
970425,92.34,92.34,92.31,92.33,1143,21339
970428,92.34,92.37,92.34,92.36,1417,22030
970429,92.37,92.44,92.36,92.44,1265,22483
970430,92.48,92.54,92.47,92.54,1547,22594
970501,92.54,92.6,92.53,92.54,876,22794
970502,92.54,92.63,92.49,92.6,3939,23471
970506,92.57,92.8,92.57,92.8,5912,23720
970507,92.79,92.79,92.69,92.71,2883,24024
970508,92.68,92.74,92.66,92.73,2362,24233
970509,92.77,92.83,92.76,92.78,2718,25468
970512,92.83,92.87,92.81,92.87,3059,25671
970513,92.87,92.9,92.8,92.81,3400,25697
970514,92.8,92.84,92.78,92.83,2670,25880
970515,92.81,92.84,92.78,92.84,1170,25684
970516,92.85,92.85,92.75,92.76,390,25700
970519,92.75,92.75,92.71,92.73,205,25709
970520,92.72,92.73,92.69,92.73,2941,26542
970521,92.72,92.75,92.67,92.68,2850,25876
970522,92.66,92.66,92.58,92.58,4153,26426
970523,92.6,92.65,92.6,92.64,777,26477
970527,92.62,92.63,92.62,92.62,560,26272
970528,92.63,92.63,92.58,92.58,1483,26874
970529,92.63,92.63,92.58,92.6,606,27104
970530,92.61,92.63,92.61,92.63,524,26798
970602,92.63,92.64,92.61,92.64,1310,27074
970603,92.65,92.71,92.65,92.71,1109,26818
970604,92.7,92.7,92.66,92.68,2504,26615
970605,92.66,92.72,92.66,92.68,1085,26433
970606,92.69,92.73,92.66,92.73,2861,25961
970609,92.71,92.72,92.66,92.66,906,26085
970610,92.63,92.65,92.61,92.65,4664,25253
970611,92.65,92.68,92.62,92.66,2824,25497
970612,92.65,92.74,92.65,92.73,1907,25688
970613,92.74,92.76,92.71,92.74,2087,26521
970616,92.74,92.77,92.74,92.77,952,26509
970617,92.76,92.77,92.74,92.74,1045,26691
970618,92.74,92.76,92.61,92.65,3023,26721
970619,92.63,92.63,92.59,92.6,4816,27999
970620,92.58,92.61,92.58,92.61,951,27771
970623,92.51,92.54,92.51,92.52,3768,27567
970624,92.51,92.56,92.48,92.56,6914,28633
970625,92.56,92.65,92.56,92.63,4836,28603
970626,92.62,92.66,92.62,92.65,2979,29554
970627,92.67,92.71,92.67,92.68,2430,29531
970630,92.69,92.69,92.62,92.63,1642,29629
970701,92.64,92.7,92.6,92.69,2911,30011
970702,92.69,92.74,92.69,92.72,2911,29306
970703,92.5,92.58,92.48,92.57,9171,29546
970704,92.57,92.62,92.57,92.59,2233,29676
970707,92.59,92.62,92.56,92.57,3317,30513
970708,92.56,92.57,92.47,92.5,6887,32695
970709,92.48,92.51,92.44,92.46,7698,32312
970710,92.46,92.51,92.46,92.48,3270,32783
970711,92.5,92.59,92.5,92.59,4809,34690
970714,92.6,92.6,92.53,92.54,4419,36589
970715,92.52,92.55,92.52,92.54,4098,37463
970716,92.55,92.61,92.54,92.59,4588,38667
970717,92.62,92.66,92.59,92.61,7167,41576
970718,92.57,92.61,92.54,92.57,6423,42856
970721,92.58,92.58,92.54,92.56,3190,44026
970722,92.6,92.62,92.58,92.61,3114,44247
970723,92.65,92.7,92.62,92.68,7485,43100
970724,92.72,92.74,92.7,92.7,6021,44137
970725,92.69,92.76,92.67,92.74,6945,44474
970728,92.74,92.74,92.71,92.71,2693,44558
970729,92.72,92.72,92.69,92.71,4493,44077
970730,92.72,92.76,92.72,92.76,2204,44251
970731,92.75,92.76,92.73,92.73,3755,43780
970801,92.73,92.75,92.68,92.68,4634,44913
970804,92.67,92.67,92.61,92.62,3959,46561
970805,92.63,92.66,92.61,92.62,3475,46306
970806,92.63,92.68,92.63,92.67,3888,46563
970807,92.66,92.83,92.66,92.81,8930,47726
970808,92.81,92.81,92.7,92.72,6821,48947
970811,92.71,92.73,92.67,92.68,7030,46184
970812,92.68,92.71,92.65,92.7,4778,46761
970813,92.68,92.72,92.66,92.66,4962,46564
970814,92.68,92.71,92.68,92.71,897,46789
970815,92.71,92.72,92.68,92.69,1958,47681
970818,92.71,92.72,92.69,92.69,1257,48048
970819,92.68,92.7,92.66,92.67,2842,47679
970820,92.66,92.72,92.66,92.71,3449,48004
970821,92.68,92.72,92.68,92.71,4736,47960
970822,92.69,92.69,92.63,92.64,3967,49070
970826,92.65,92.66,92.62,92.66,1379,49428
970827,92.66,92.67,92.63,92.65,1418,49773
970828,92.65,92.68,92.62,92.67,4834,51047
970829,92.67,92.7,92.66,92.68,2638,51053
970901,92.68,92.72,92.66,92.71,1931,51595
970902,92.74,92.75,92.71,92.74,4736,53152
970903,92.75,92.8,92.75,92.79,5149,53239
970904,92.78,92.78,92.76,92.77,4504,53730
970905,92.79,92.81,92.78,92.78,3172,54901
970908,92.82,92.84,92.81,92.82,2882,55782
970909,92.85,92.85,92.77,92.8,6150,54653
970910,92.81,92.81,92.77,92.78,5915,55806
970911,92.77,92.79,92.76,92.78,3465,56522
970912,92.79,92.81,92.78,92.81,6330,56999
970915,92.84,92.88,92.83,92.87,4598,57396
970916,92.89,93.07,92.89,93.07,15881,57668
970917,93.09,93.18,93,93.01,17190,58845
970918,92.98,93.05,92.95,93,11059,58011
970919,92.99,93,92.94,92.94,4800,57541
970922,92.93,92.98,92.92,92.97,5615,58505
970923,92.97,92.97,92.89,92.9,7628,60642
970924,92.92,92.94,92.89,92.91,8539,60740
970925,92.92,92.94,92.86,92.88,8889,60905
970926,93.02,93.09,92.96,93.02,32392,63545
970929,93,93,92.9,92.92,12004,59905
970930,92.92,92.92,92.81,92.88,11113,58617
971001,92.89,92.9,92.85,92.89,10462,59426
971002,92.88,92.89,92.82,92.86,9289,59593
971003,92.85,92.97,92.81,92.95,20603,62671
971006,92.91,92.91,92.86,92.87,8354,61366
971007,92.86,92.86,92.8,92.84,10508,59636
971008,92.83,92.84,92.76,92.76,7632,59229
971009,92.73,92.77,92.67,92.72,16652,63258
971010,92.72,92.74,92.69,92.71,6831,63114
971013,92.75,92.83,92.75,92.78,7890,62800
971014,92.82,92.85,92.82,92.83,6217,63222
971015,92.8,92.92,92.8,92.92,15086,63986
971016,92.92,92.99,92.89,92.89,19239,64484
971017,92.87,92.91,92.85,92.9,9955,63338
971020,92.75,92.81,92.69,92.81,12339,62838
971021,92.79,92.83,92.78,92.8,5940,62222
971022,92.79,92.85,92.77,92.78,7364,62557
971023,92.82,92.86,92.8,92.8,7711,62910
971024,92.79,92.8,92.76,92.8,4411,64170
971027,92.81,92.82,92.75,92.77,6643,63106
971028,92.87,92.94,92.79,92.8,11872,63939
971029,92.76,92.78,92.75,92.78,5338,63604
971030,92.8,92.86,92.8,92.82,3887,63585
971031,92.8,92.84,92.8,92.84,1976,64089
971103,92.82,92.82,92.78,92.8,2393,64604
971104,92.81,92.81,92.77,92.78,3151,64645
971105,92.77,92.77,92.75,92.76,3494,64867
971106,92.76,92.76,92.59,92.62,18795,65254
971107,92.65,92.68,92.63,92.64,10087,65222
971110,92.62,92.64,92.58,92.58,2437,65105
971111,92.57,92.57,92.37,92.4,11468,67611
971112,92.4,92.46,92.3,92.37,16007,69584
971113,92.41,92.44,92.38,92.42,9065,71345
971114,92.44,92.49,92.44,92.47,5759,71259
971117,92.46,92.51,92.46,92.5,2830,71604
971118,92.49,92.51,92.46,92.47,4643,71789
971119,92.47,92.5,92.45,92.49,5073,72551
971120,92.5,92.57,92.5,92.57,5905,72815
971121,92.57,92.58,92.54,92.57,10091,75334
971124,92.59,92.63,92.59,92.61,4086,75821
971125,92.6,92.66,92.6,92.64,4773,76504
971126,92.61,92.61,92.52,92.57,6952,76030
971127,92.54,92.54,92.5,92.53,1124,76334
971128,92.52,92.54,92.51,92.54,2409,75510
971201,92.56,92.59,92.55,92.57,2878,74995
971202,92.55,92.56,92.53,92.54,2894,74481
971203,92.54,92.56,92.52,92.54,2483,74420
971204,92.54,92.63,92.54,92.62,3938,75254
971205,92.62,92.62,92.57,92.59,2701,75901
971208,92.6,92.64,92.6,92.62,2274,75854
971209,92.64,92.72,92.64,92.7,14132,77684
971210,92.72,92.72,92.67,92.7,4466,76262
971211,92.72,92.81,92.72,92.81,7459,76517
971212,92.82,92.85,92.81,92.81,7108,77721
971215,92.81,92.87,92.81,92.84,3762,77683
971216,92.82,92.89,92.82,92.86,8313,76895
971217,92.85,92.86,92.8,92.83,7035,77155
971218,92.83,92.84,92.82,92.82,3471,77362
971219,92.86,92.92,92.85,92.9,7032,76962
971222,92.92,92.92,92.85,92.86,3863,78340
971223,92.87,92.92,92.87,92.9,1483,78495
971224,92.89,92.92,92.89,92.91,502,78550
971229,92.9,92.9,92.88,92.88,801,78390
971230,92.87,92.87,92.8,92.81,2195,79202
971231,92.83,92.85,92.82,92.85,1321,79265
980102,92.85,92.85,92.82,92.83,1474,79157
980105,92.89,93.01,92.87,92.96,13771,80567
980106,92.96,93.02,92.96,93,8490,81691
980107,93.03,93.07,92.99,92.99,19275,85405
980108,92.97,93.05,92.96,93.02,19690,84499
980109,93.05,93.1,93.02,93.05,14973,83745
980112,93.12,93.25,93.12,93.19,29632,87903
980113,93.14,93.14,93.05,93.13,26181,92067
980114,93.07,93.07,92.91,92.97,35033,92053
980115,92.94,92.96,92.87,92.93,23839,91542
980116,92.9,92.92,92.85,92.85,14619,90343
980119,92.8,92.81,92.77,92.8,17482,87824
980120,92.81,92.89,92.81,92.83,14384,86549
980121,92.82,92.95,92.82,92.86,29699,92331
980122,92.9,92.97,92.85,92.95,23227,92768
980123,92.96,93,92.95,93,18877,89774
980126,92.97,93,92.92,92.96,14584,91624
980127,92.94,93.05,92.9,93.03,37274,93308
980128,93.04,93.07,92.99,93.01,21147,91428
980129,93.02,93.06,93,93.04,19367,89983
980130,93.05,93.1,93.04,93.07,16847,87997
980202,93.09,93.09,93.01,93.02,10100,89374
980203,93.02,93.03,92.99,93.03,5783,90891
980204,93.01,93.02,92.99,93,7999,91865
980205,92.99,93.09,92.99,93.05,21083,89052
980206,93.03,93.07,93.02,93.06,13293,91447
980209,93.08,93.1,93.05,93.05,6841,91366
980210,93.05,93.14,93.04,93.14,21057,91959
980211,93.15,93.19,93.07,93.07,37165,93876
980212,93.08,93.08,93.01,93.06,21284,94052
980213,93.04,93.07,93.01,93.04,16079,92102
980216,93.02,93.04,93.02,93.03,3393,91374
980217,93.05,93.05,92.95,92.96,30075,92145
980218,92.94,92.97,92.89,92.92,43110,91727
980219,92.91,92.97,92.89,92.95,21985,95060
980220,92.95,92.97,92.92,92.97,9079,94817
980223,93.01,93.02,92.95,92.96,11502,96272
980224,92.96,92.96,92.9,92.91,18316,96920
980225,92.89,92.91,92.86,92.88,14756,99265
980226,92.89,92.93,92.85,92.86,22119,102627
980227,92.85,92.85,92.76,92.79,41461,109468
980302,92.77,92.84,92.77,92.83,21919,109493
980303,92.82,92.82,92.77,92.78,18167,108493
980304,92.78,92.8,92.73,92.79,27607,113134
980305,92.77,92.92,92.77,92.91,40959,115552
980306,92.89,92.9,92.85,92.89,17467,115449
980309,92.9,92.99,92.9,92.97,30017,118035
980310,93,93,92.93,92.94,27546,114647
980311,92.95,92.95,92.9,92.91,26777,120142
980312,92.91,92.91,92.84,92.87,33166,120078
980313,92.88,92.89,92.78,92.8,34247,118354
980316,92.8,92.84,92.78,92.84,13454,118964
980317,92.86,92.86,92.67,92.7,48209,125984
980318,92.64,92.79,92.6,92.78,101372,144933
980319,92.77,92.83,92.72,92.74,35847,148986
980320,92.76,92.82,92.76,92.79,19000,147454
980323,92.77,92.82,92.77,92.8,14591,147125
980324,92.82,92.83,92.8,92.82,11559,146372
980325,92.83,92.84,92.73,92.74,29080,149376
980326,92.72,92.76,92.7,92.71,30100,150488
980327,92.71,92.74,92.69,92.7,19400,142445
980330,92.72,92.73,92.69,92.71,16889,141920
980331,92.73,92.78,92.73,92.76,24718,145541
980401,92.76,92.78,92.72,92.74,15462,146573
980402,92.74,92.77,92.7,92.76,24844,146949
980403,92.78,92.81,92.77,92.78,22310,146160
980406,92.78,92.85,92.78,92.85,29427,142653
980407,92.85,92.87,92.83,92.85,19634,141313
980408,92.84,92.86,92.82,92.86,17212,141464
980409,92.86,92.89,92.82,92.85,18348,142298
980414,92.83,92.87,92.83,92.86,8563,140981
980415,92.89,92.9,92.83,92.86,30276,141001
980416,92.84,92.85,92.78,92.81,28873,143023
980417,92.81,92.82,92.76,92.79,19509,143260
980420,92.78,92.81,92.77,92.79,12034,144433
980421,92.78,92.82,92.78,92.8,18828,148515
980422,92.83,92.84,92.8,92.82,23359,148260
980423,92.85,92.89,92.85,92.89,49984,149761
980424,92.88,92.95,92.88,92.94,66122,138427
980427,92.95,92.95,92.88,92.89,29325,136184
980428,92.91,92.95,92.9,92.95,23683,133754
980429,92.95,92.97,92.92,92.94,21644,133001
980430,92.94,92.95,92.91,92.94,16201,133621
980501,92.96,92.99,92.95,92.97,22566,132771
980504,92.98,92.98,92.93,92.94,10202,134557
980505,92.95,92.95,92.89,92.9,22670,133213
980506,92.9,92.91,92.86,92.91,26495,130150
980507,92.91,92.92,92.86,92.86,31678,126286
980508,92.87,92.88,92.83,92.86,31190,123604
980511,92.86,92.86,92.83,92.85,11111,122782
980512,92.84,92.87,92.81,92.85,16888,119937
980513,92.86,92.86,92.77,92.795,49901,125039
980514,92.79,92.79,92.73,92.75,64036,121907
980515,92.72,92.76,92.72,92.72,20725,119035
980518,92.73,92.76,92.69,92.72,27801,118232
980519,92.72,92.73,92.68,92.7,36666,122051
980520,92.71,92.71,92.68,92.69,37540,124176
980521,92.7,92.78,92.7,92.78,37590,118267
980522,92.78,92.8,92.76,92.77,12686,118136
980526,92.79,92.81,92.78,92.81,13404,118378
980527,92.82,92.83,92.75,92.78,40702,125810
980528,92.78,92.82,92.74,92.79,27684,127761
980529,92.8,92.83,92.8,92.83,13393,126653
980601,92.84,92.86,92.83,92.85,15698,126522
980602,92.84,92.84,92.81,92.82,14706,126243
980603,92.81,92.83,92.79,92.81,17674,127236
980604,92.81,92.82,92.54,92.55,109304,145647
980605,92.53,92.54,92.47,92.51,80028,146265
980608,92.52,92.55,92.47,92.495,28322,147375
980609,92.51,92.52,92.43,92.45,48899,155179
980610,92.47,92.47,92.43,92.46,34475,157616
980611,92.47,92.52,92.47,92.51,37285,162531
980612,92.51,92.51,92.45,92.49,47278,164339
980615,92.48,92.48,92.44,92.47,24078,168571
980616,92.46,92.46,92.23,92.26,139068,172964
980617,92.23,92.27,92.06,92.15,169873,193301
980618,92.12,92.19,92.07,92.14,77251,191197
980619,92.13,92.19,92.09,92.1,41783,190264
980622,92.11,92.14,92.1,92.12,20369,188450
980623,92.12,92.15,92.12,92.14,12603,186963
980624,92.15,92.18,92.14,92.17,31858,184709
980625,92.15,92.18,92.12,92.13,31525,180658
980626,92.12,92.13,92.07,92.12,23848,180236
980629,92.13,92.15,92.1,92.12,16980,177698
980630,92.11,92.15,92.11,92.15,25473,173850
980701,92.15,92.18,92.13,92.16,17764,177007
980702,92.17,92.18,92.14,92.14,23318,182020
980703,92.12,92.15,92.11,92.13,13410,184948
980706,92.15,92.17,92.14,92.16,15392,184750
980707,92.16,92.16,92.12,92.13,18769,186567
980708,92.11,92.14,92.11,92.11,23256,184078
980709,92.11,92.28,92.1,92.28,106997,179250
980710,92.3,92.32,92.24,92.25,43008,175128
980713,92.26,92.28,92.24,92.25,10882,172849
980714,92.27,92.37,92.27,92.32,61631,179710
980715,92.33,92.37,92.18,92.21,72650,188215
980716,92.19,92.23,92.17,92.22,37413,186410
980717,92.21,92.25,92.2,92.245,18021,189564
980720,92.21,92.22,92.19,92.21,24535,188599
980721,92.22,92.23,92.19,92.2,24772,182851
980722,92.21,92.23,92.15,92.17,44462,177745
980723,92.16,92.19,92.15,92.185,17386,178174
980724,92.18,92.21,92.17,92.17,15812,178584
980727,92.18,92.23,92.18,92.225,22985,179789
980728,92.22,92.33,92.22,92.32,56791,178475
980729,92.34,92.35,92.31,92.34,36807,180123
980730,92.32,92.33,92.28,92.29,21767,182063
980731,92.3,92.32,92.28,92.295,16708,179792
980803,92.31,92.36,92.31,92.35,29575,178459
980804,92.35,92.35,92.32,92.35,21075,177660
980805,92.37,92.39,92.34,92.36,47151,180019
980806,92.34,92.47,92.34,92.45,83156,180920
980807,92.45,92.5,92.44,92.47,31352,179637
980810,92.47,92.48,92.45,92.48,16411,175498
980811,92.49,92.51,92.46,92.46,44361,173074
980812,92.43,92.54,92.43,92.505,88537,169866
980813,92.51,92.51,92.46,92.47,42307,168686
980814,92.47,92.48,92.44,92.46,17844,168933
980817,92.48,92.49,92.46,92.48,13810,166890
980818,92.48,92.5,92.46,92.46,25428,166258
980819,92.44,92.46,92.42,92.44,28392,165994
980820,92.45,92.46,92.41,92.45,25601,164832
980821,92.46,92.52,92.45,92.505,51564,165140
980824,92.5,92.55,92.5,92.52,30671,165342
980825,92.54,92.59,92.54,92.56,54493,168601
980826,92.54,92.58,92.53,92.56,25716,169529
980827,92.56,92.68,92.56,92.675,76337,170914
980828,92.74,92.93,92.74,92.81,95262,175234
980901,92.87,92.9,92.82,92.835,57326,180263
980902,92.8,92.8,92.72,92.75,50462,182670
980903,92.75,92.8,92.75,92.78,46811,185084
980904,92.77,92.79,92.72,92.78,29027,181754
980907,92.81,92.85,92.79,92.815,31986,177483
980908,92.8,92.82,92.74,92.77,41530,180641
980909,92.78,92.88,92.76,92.86,55515,187026
980910,92.88,92.96,92.82,92.95,78348,192863
980911,93,93.06,92.93,92.97,75492,189004
980914,92.94,92.97,92.92,92.94,23808,190613
980915,92.95,92.98,92.95,92.95,58189,183287
980916,92.92,92.94,92.88,92.915,55813,183074
980917,92.91,92.93,92.86,92.93,52593,183742
980918,92.91,92.94,92.9,92.91,20096,185886
980921,92.94,92.96,92.92,92.94,31163,185053
980922,92.93,92.94,92.9,92.93,31794,182314
980923,92.93,92.98,92.93,92.98,33672,187529
980924,93.03,93.05,93.01,93.05,43223,187042
980925,93.07,93.14,93.05,93.07,42907,190673
980928,93.05,93.1,93.05,93.08,12853,188728
980929,93.08,93.08,93.04,93.06,27706,186978
980930,93.06,93.06,93.02,93.03,39868,185607
981001,93.07,93.12,93.07,93.1,37380,190278
981002,93.1,93.16,93.08,93.14,31514,190873
981005,93.2,93.2,93.14,93.15,34720,191268
981006,93.14,93.15,93.02,93.08,61819,193418
981007,93.07,93.1,93.03,93.07,37256,192627
981008,93.1,93.21,93.08,93.18,80774,199176
981009,93.16,93.3,93.13,93.23,82892,197821
981012,93.22,93.25,93.17,93.19,33024,194299
981013,93.22,93.24,93.2,93.22,22602,193401
981014,93.22,93.23,93.19,93.2,25127,192046
981015,93.21,93.23,93.2,93.21,17349,193030
981016,93.37,93.38,93.32,93.36,47309,195714
981019,93.4,93.4,93.37,93.37,18446,194447
981020,93.36,93.36,93.32,93.33,22349,196779
981021,93.29,93.38,93.29,93.38,37848,193886
981022,93.37,93.38,93.31,93.33,27205,185681
981023,93.33,93.35,93.28,93.29,19799,183156
981026,93.28,93.28,93.25,93.28,13931,184228
981027,93.28,93.32,93.28,93.3,22014,187971
981028,93.31,93.32,93.29,93.3,12966,191605
981029,93.3,93.32,93.29,93.31,12561,193581
981030,93.31,93.33,93.29,93.315,18951,197431
981102,93.31,93.32,93.27,93.305,16449,196593
981103,93.3,93.32,93.29,93.31,18933,196796
981104,93.32,93.32,93.29,93.31,19793,197409
981105,93.29,93.44,93.29,93.37,63035,199677
981106,93.36,93.36,93.27,93.29,29389,204324
981109,93.27,93.32,93.27,93.32,22707,199917
981110,93.34,93.36,93.34,93.355,15247,198134
981111,93.36,93.38,93.21,93.23,47225,197785
981112,93.24,93.25,93.21,93.22,16231,200439
981113,93.22,93.24,93.18,93.18,20631,196870
981116,93.16,93.18,93.16,93.18,18690,199491
981117,93.19,93.22,93.17,93.2,23161,200701
981118,93.23,93.25,93.21,93.24,21982,201140
981119,93.25,93.25,93.21,93.23,12116,199335
981120,93.23,93.23,93.17,93.19,27295,194944
981123,93.2,93.22,93.19,93.21,10099,194288
981124,93.2,93.22,93.2,93.22,13681,191003
981125,93.22,93.25,93.22,93.24,17415,190144
981126,93.25,93.27,93.24,93.26,17617,190502
981127,93.26,93.28,93.25,93.27,13509,189471
981130,93.26,93.29,93.26,93.29,9326,189227
981201,93.29,93.3,93.28,93.29,16021,191788
981202,93.29,93.29,93.26,93.27,23057,188319
981203,93.29,93.45,93.28,93.41,43265,188676
981204,93.44,93.48,93.43,93.46,26872,182598
981207,93.45,93.47,93.44,93.47,24586,177517
981208,93.47,93.55,93.47,93.52,37689,179036
981209,93.54,93.56,93.52,93.53,16670,177049
981210,93.53,93.61,93.51,93.58,69390,171787
981211,93.6,93.61,93.59,93.6,19955,160920
981214,93.61,93.64,93.6,93.63,17938,165451
981215,93.65,93.65,93.62,93.63,22256,158332
981216,93.63,93.64,93.62,93.63,5948,195471
