940902,156.5,156.5,156.3,156.3,51,51
940906,156.25,156.25,156.25,156.25,0,51
940907,157,157,157,157,0,51
940908,156.25,156.25,156.25,156.25,0,51
940909,155.5,155.5,155.5,155.5,0,51
940912,151.7,151.7,151.7,151.7,100,151
940913,152,152,151.6,151.6,1,152
940914,151,151,151,151,0,152
940915,151.6,151.6,151.6,151.6,0,152
940916,153.15,153.15,153.15,153.15,0,152
940919,155,155,155,155,0,152
940920,160.1,160.1,160.1,160.1,0,152
940921,158,158,158,158,0,152
940922,158.85,158.85,158.85,158.85,0,152
940923,159.6,159.6,159.6,159.6,50,152
940926,158.6,158.6,158.6,158.6,0,152
940927,157.75,157.95,157.75,157.95,1,152
940928,156.75,156.75,156.75,156.75,0,152
940929,154.8,154.8,154.8,154.8,0,152
940930,154.8,154.8,154.8,154.8,0,152
941003,155.35,155.35,155.35,155.35,0,152
941004,155.75,155.75,155.75,155.75,0,152
941005,157.2,157.2,157.2,157.2,0,152
941006,157.3,157.3,157.3,157.3,0,152
941007,156.35,156.35,156.35,156.35,0,152
941010,155.55,155.55,155.55,155.55,0,152
941011,154.45,154.45,154.45,154.45,0,152
941012,154.2,154.2,154.2,154.2,0,152
941013,154.6,154.6,154.6,154.6,0,152
941014,155.5,155.5,155.5,155.5,0,152
941017,158.55,158.55,158.55,158.55,0,152
941018,158.15,158.15,158.15,158.15,0,152
941019,158.25,159.5,158,159.15,50,197
941020,159.9,159.9,159.9,159.9,80,262
941021,159.4,159.4,159.4,159.4,0,262
941024,158.55,158.55,158.55,158.55,106,368
941025,159,160.5,159,160,60,376
941026,160.35,160.35,160.35,160.35,1,375
941027,164.15,164.15,164.15,164.15,90,465
941028,163.35,163.35,163.35,163.35,0,465
941031,162.2,162.2,162.2,162.2,0,465
941101,163.45,163.45,163.45,163.45,0,465
941102,166,166,165.25,165.25,2,465
941103,164.25,164.25,164.25,164.25,0,465
941104,163.95,163.95,163.95,163.95,0,465
941107,160.45,160.45,160.45,160.45,0,465
941108,161.25,161.3,161.25,161.3,17,470
941109,161,161,158.3,158.3,4,469
941110,158.5,158.5,158.5,158.5,20,486
941111,158,158,157.95,157.95,5,486
941114,159.25,159.25,159.25,159.25,0,486
941115,160.75,160.85,160.75,160.85,93,544
941116,159.05,159.05,159.05,159.05,0,519
941117,159.5,160,159.5,159.65,45,552
941118,159.5,159.5,157.6,157.6,28,574
941121,157,157,155.75,155.75,5,573
941122,157.5,157.5,157.1,157.1,7,577
941123,158,158,157.45,157.45,1,578
941128,157,157,156.35,156.35,42,603
941129,157.5,157.5,157.1,157.1,22,599
941130,156.75,156.75,156.75,156.75,25,614
941201,156,156,156,156,2,612
941202,156.35,156.35,156.35,156.35,0,612
941205,154.75,155.05,154.5,155.05,12,621
941206,156.25,156.25,155.75,156,221,776
941207,156.05,156.05,156.05,156.05,0,775
941208,155.65,155.65,155.65,155.65,0,775
941209,156,156.45,156,156.45,17,779
941212,157.5,157.5,157.5,157.5,0,777
941213,158.5,158.5,156.25,156.85,35,781
941214,156,156,156,156,0,781
941215,156,156.45,156,156.45,38,783
941216,157,157,157,157,17,806
941219,157.05,157.05,157.05,157.05,0,806
941220,158.5,158.5,157.7,157.7,12,808
941221,158.5,158.5,158,158.2,7,812
941222,158.75,158.75,158.1,158.1,2,813
941223,158.5,158.5,157.75,157.75,2,815
941227,157.75,159.75,157.75,159.45,6,819
941228,160.5,161,159.9,160.95,20,823
941229,162.25,162.5,161.25,161.25,16,829
941230,161.5,161.5,161.5,161.5,23,852
950103,161.95,161.95,161.95,161.95,0,838
950104,160.25,160.25,158.25,158.8,9,834
950105,158,158,157.8,157.8,72,852
950106,159,159,155.9,155.9,38,874
950109,156.65,158,156.65,157.5,92,861
950110,158.5,159.1,158,159.1,9,871
950111,160,160.25,160,160.1,14,877
950112,160.25,161.5,160.25,161.25,51,922
950113,158.75,159,158.5,159,21,929
950116,156,158.05,156,158.05,19,940
950117,157.5,159,157.5,158.75,29,955
950118,160,161.75,160,160.1,17,953
950119,159.25,160.75,159.25,160.75,2,956
950120,160,161.75,160,161.75,45,967
950123,161.75,162,160.55,160.55,20,968
950124,160,161.5,160,161,10,973
950125,162,162,161,161.7,551,1430
950126,162.5,162.5,162.25,162.45,271,1692
950127,162,162,158.75,159.25,113,1786
950130,160.2,160.2,160.2,160.2,128,1913
950131,161,161,160.25,160.25,37,1950
950201,161.75,161.75,161.7,161.7,466,2378
950202,160.5,161.75,160.5,160.95,148,2454
950203,161,161,160,160.3,30,2484
950206,161,161,159.5,160.45,77,2513
950207,160.25,160.25,158.75,159.05,194,2465
950208,158.5,159.75,158,159.65,192,2580
950209,160.75,161.25,160.25,160.25,261,2765
950210,160.25,161,160.25,160.75,852,3565
950213,160.25,160.65,159.5,160.65,78,3627
950214,160.75,161.2,160.5,161.2,751,3994
950215,161,161.25,159.75,159.9,390,4246
950216,160,160.3,159.5,159.5,809,4725
950217,159.75,160.5,159.25,159.25,155,4746
950221,159.5,160,159.5,159.5,253,4985
950222,159.5,160,159.5,160,400,5089
950223,160,160,159.25,159.75,279,5201
950224,159.5,159.5,157.6,157.8,475,5318
950227,157.75,157.8,154.75,156.5,931,5451
950228,156.5,156.75,155,155.55,678,5492
950301,154.75,155,153.2,153.25,1076,5626
950302,152.5,154,151.5,153.25,849,5721
950303,154,155,153.5,154,247,5712
950306,154.9,154.9,153.75,153.85,797,5661
950307,155,159.85,155,159.55,852,5931
950308,159,159.5,155.5,155.55,1316,5699
950309,156.5,157.75,156,157,189,5610
950310,158,159.25,157.5,158.75,232,5605
950313,159.5,161.5,159.5,160,638,5764
950314,161,161.5,160.75,161.5,313,5614
950315,161.5,165,161.5,164.45,1345,5936
950316,165,166.25,163.75,166.1,982,6137
950317,166,169,165.5,168.65,1793,6529
950320,168,172,167.5,169,1576,7103
950321,169.25,169.6,167.5,167.65,345,7217
950322,168.25,171,168,169.8,553,7374
950323,170.25,175.5,170.25,174.1,697,7370
950324,177.9,178.9,168.25,169.5,1152,7154
950327,172,173.4,169.5,170.25,670,6879
950328,168.5,173.75,166.5,173.45,887,6925
950329,178,179.2,176,177.3,849,6648
950330,175.5,181,175,178.15,387,6701
950331,177.5,181,172.15,175.8,893,6699
950403,176.3,178,173.25,175.3,480,6606
950404,177,177.75,175,177.5,276,6699
950405,179,182.9,176.5,177.4,787,6610
950406,175,177,174.5,175.9,329,6610
950407,176,177,175.25,176.5,362,6463
950410,175,175,173.25,173.25,236,6452
950411,173.5,175.5,172.5,175,396,6490
950412,175,175,172,173.15,261,6439
950413,172,174.3,171,174.15,802,6304
950417,175,176.5,174.75,176.4,259,6313
950418,176.25,177.25,174.5,176.35,1027,5636
950419,174,175,172,174,603,5384
950420,173,175,168.6,169.05,1342,4973
950421,168.6,168.6,164,166.7,1281,4646
950424,167,168,166,166.35,176,4507
950425,163.75,164.5,162.5,164.25,274,4482
950426,163,164.5,160,160.7,704,4230
950427,160,162.5,158.25,162.05,668,4214
950428,165,165.5,162.5,163.75,638,4114
950501,164.25,165,162.75,162.85,279,4078
950502,163.25,164.5,163,163.55,206,4057
950503,164.25,165,163.75,164,456,3750
950504,164.8,166,164,164.4,331,3670
950505,165,165,158.6,160.75,790,3414
950508,160.5,162,160.5,162,136,3394
950509,160.5,161,158.6,159.95,753,3254
950510,159.5,160.75,157,160.2,671,3067
950511,160,161.75,158.65,158.9,339,3034
950512,159,164,158.5,163.55,752,3092
950515,163.55,163.55,162,162.55,245,2885
950516,163,163.5,161,161.25,110,2873
950517,157.5,159.5,157,158,427,2802
950518,157.5,159,157.3,158.1,130,2690
950519,159,159.5,158,158.5,369,2506
950522,158.25,159,156.5,157.5,184,2341
950523,157,158.5,157,157.75,673,1947
950524,159,163.75,158.5,161.6,895,1437
950525,161.1,162,161,161.2,286,1273
950526,162,163.4,161.5,163.35,167,1113
950530,162,163.5,162,162.95,719,619
950531,161,162.5,158.25,159.5,380,295
950601,158.5,159.15,157.5,159.15,43,231
950602,157.25,157.25,155.85,155.85,47,205
950605,157,157,156.7,156.7,2,185
950606,156.7,156.7,155.5,155.5,10,174
950607,157.25,158.5,157.05,157.05,7,204
950608,156,157.3,156,157.3,2,161
950609,158,158,157.55,157.55,11,161
950612,160,161.5,160,161.5,11,144
950613,160,160,160,160,0,150
950614,159.7,159.7,159.7,159.7,1,140
950615,161.65,161.65,161.65,161.65,3,140
950616,159.2,159.2,159.2,159.2,0,139
950619,160.2,160.2,160.2,160.2,0,139
950620,159.1,159.1,159.1,159.1,0,139
950621,160,160,158.05,158.05,1,148
950622,157.5,157.75,157.5,157.5,8,16
950623,157.7,157.7,157.7,157.7,0,10
950626,158.75,158.75,157,157.9,2,6
950627,158.75,158.75,157,157.9,0,9
