801006,237.3,237.7,237.3,237.7,3,40
801007,236.7,237.5,236.7,237.4,11,51
801008,237.4,237.4,237.4,237.4,0,54
801009,237.4,238.4,237.4,238.4,11,65
801010,237.8,237.8,237.8,237.8,0,65
801013,238.4,238.8,238.4,238.8,17,65
801014,238.65,238.65,238.65,238.65,0,65
801015,238.65,238.65,238.65,238.65,0,65
801016,238.1,239.55,238.1,239.55,80,139
801017,238.75,239,238.75,238.9,13,148
801020,239.6,240.8,239.6,240.45,20,172
801021,242,242,240.8,241,7,172
801022,240.6,240.6,240.6,240.6,0,172
801023,241.8,243.4,241.8,243.4,18,179
801024,243,243,243,243,0,175
801027,242.3,242.3,242.3,242.3,0,175
801028,242.1,242.1,241.9,242,25,153
801029,242.4,242.4,242.4,242.4,0,153
801030,242.6,242.8,242.6,242.8,1,154
801031,242.1,242.1,242,242,5,157
801103,242.7,243.5,242.6,243.4,2,158
801105,243.65,243.95,243.65,243.95,2,159
801106,243.5,243.5,243.45,243.45,6,167
801107,241.95,241.95,241.95,241.95,0,165
801110,238.7,239.2,238.05,239.2,3,167
801111,238.2,238.4,238.2,238.2,3,167
801112,238.5,240.65,238.5,240.65,6,173
801113,240.65,240.65,240.65,240.65,0,173
801114,240,240,240,240,0,169
801117,240.35,240.35,240.35,240.35,0,169
801118,239.7,239.7,238.5,239.6,77,235
801119,238.2,238.8,238.2,238.8,5,231
801120,240.05,240.05,240,240,10,227
801121,237.75,237.85,237.5,237.5,38,217
801124,238,238,237,237,123,241
801125,238.25,238.25,237.75,238.15,20,239
801126,239.3,239.5,238.75,239.5,4,239
801128,238.8,238.8,238.8,238.8,1,240
801201,238.8,238.8,238.8,238.8,0,238
801202,237.4,237.4,237,237.15,19,223
801203,237.6,237.6,237.6,237.6,0,223
801204,237.4,237.4,237.4,237.4,0,223
801205,238.9,238.9,238.9,238.9,0,223
801208,238,238.8,238,238.8,2,223
801209,239.1,239.1,239.1,239.1,0,225
801210,239.5,239.5,239.5,239.5,0,223
801211,237,237.5,237,237.5,10,233
801212,238,238,237.1,238,1,232
801215,237.75,237.75,237.1,237.5,2,231
801216,237.6,237.6,236.9,237.2,79,226
801217,237.35,238.2,237.35,238,18,216
801218,237.4,237.5,237.2,237.25,3,216
801219,236.9,238.9,236.1,238.7,18,220
801222,238.75,238.75,238.3,238.3,4,222
801223,239,239,239,239,0,222
801224,241,241,241,241,0,222
801229,239.5,240,239.5,239.5,3,219
801230,240.15,241.15,240.15,241.15,10,216
801231,240.9,242.25,240.85,242.25,13,215
810102,241.75,241.75,241.75,241.75,0,215
810105,242.3,243.75,242.3,243.75,5,217
810106,244,244,244,244,1,218
810107,242.5,242.5,242.5,242.5,1,218
810108,242.45,243,242.45,243,1,219
810109,242.7,243.2,242.7,243.2,4,221
810112,243.2,243.2,243.2,243.2,0,221
810113,242.75,242.75,242.75,242.75,6,222
810114,243.3,244,243.3,244,5,227
810115,244.75,244.9,242.6,242.6,37,237
810116,244.75,244.75,243.4,244,19,249
810119,246.1,246.2,245.3,245.7,56,264
810120,246.4,247.15,246.4,247.15,20,277
810121,247.15,247.15,246.2,246.5,15,278
810122,246.5,246.7,244.6,245.4,10,285
810123,245.75,246.7,245.75,246.7,20,294
810126,245.8,246.75,245.5,246.5,63,309
810127,246.4,246.4,245,245.2,22,313
810128,244.9,245.5,244.8,245.2,153,409
810129,244.6,244.6,244.05,244.05,20,400
810130,241.9,241.9,240.3,240.3,51,406
810202,239.45,239.5,238.3,238.8,184,467
810203,238.6,240.8,237.8,240.75,48,493
810204,239.5,240.8,239.5,240,31,516
810205,239.2,239.2,238,238,43,525
810206,237.8,239.9,237.8,239.9,14,535
810209,238.7,238.95,238.4,238.65,17,518
810210,238.5,238.9,238.4,238.9,29,536
810211,238.45,239.1,238.35,238.85,39,562
810212,238,238,236.2,236.3,107,588
810213,235.9,235.9,234.8,235.8,124,658
810217,234,234.15,232.3,233.4,88,643
810218,233.9,233.9,231.5,231.5,31,643
810219,232.75,234.25,232.6,233.9,53,634
810220,236.9,237,235,235.05,55,640
810223,231,231.55,230.05,230.05,71,652
810224,229.5,229.6,227.65,228.2,117,677
810225,227.9,228.3,227.45,227.6,86,716
810226,227.1,228.35,227.1,227.9,54,686
810227,224.8,225.3,224.5,224.75,229,656
810302,222.7,223.8,222.6,222.8,128,658
810303,224.1,226.6,224,226.1,124,692
810304,225.95,226.1,223.9,225.85,47,673
810305,224.7,225.45,224.5,224.5,35,670
810306,223.5,224.5,223.05,223.05,108,627
810309,223.15,226.1,223.15,224.8,62,625
810310,225.1,229.8,224,225,155,661
810311,225.3,225.8,223.45,224.1,214,664
810312,225.4,225.4,224.6,225.1,77,645
810313,225,225.35,224.55,224.9,66,638
810316,226.5,226.95,226,226.45,187,745
810317,227.9,227.9,227,227.85,181,745
810318,228.9,231,228.5,230.65,503,684
810319,228.75,230.1,228.6,228.75,295,637
810320,229,229.2,226.8,227.75,219,683
810323,226.95,228.7,226.6,228.6,292,660
810324,228.3,229.1,228.1,228.5,185,647
810325,228.5,229.25,228.1,229.1,199,730
810326,228.3,228.65,225.5,225.8,349,831
810327,226,226.3,224.7,225.55,128,799
810330,226.2,226.65,225.75,226.35,289,746
810331,226.2,226.8,225.2,226.1,113,764
810401,226.25,226.5,225.45,226.25,148,784
810402,225.7,225.8,222.5,222.55,321,813
810403,223.5,223.5,221.5,222.5,299,874
810406,220.35,221.8,219.8,221,192,878
810407,221.55,224.2,221.55,223.3,283,860
810408,223.8,224.25,221.9,222.05,74,877
810409,221.85,222.9,221.6,222.3,84,885
810410,221.8,222.1,221,221.1,171,896
810413,219.5,221,219.4,220.7,379,995
810414,221.25,221.7,220.7,220.8,245,1113
810415,219.9,219.9,218.6,219.1,221,1091
810416,219.25,219.6,218.4,219.4,75,1100
810420,218.4,221.8,218.3,221.4,177,1131
810421,219.7,221.5,219.25,221.4,197,1151
810422,221,222.45,220.85,221.9,300,1211
810423,221.15,221.9,220.7,221.4,264,1216
810424,220.05,220.85,218.85,219,302,1239
810427,220.1,220.1,218.65,218.7,314,1253
810428,218.75,219.35,218.6,219,227,1272
810429,217.9,218.2,217.1,218.1,439,1412
810430,218.2,218.25,217.35,217.6,573,1781
810501,217.8,218.8,217.5,218.65,167,1809
810504,215.6,216.85,215.6,216,355,1903
810505,216.1,217.1,216.1,216.75,653,2000
810506,217.35,217.6,216.15,216.75,208,1972
810507,215.4,216.15,215.3,216.15,459,1983
810508,216.55,217,216.2,216.95,160,1993
810511,215.7,215.8,214.35,214.75,205,1992
810512,214.15,214.5,213.65,214.05,322,2014
810513,213.6,213.75,212.5,212.85,401,2072
810514,211.6,212.9,211.4,212.45,624,2094
810515,212.1,212.95,211.7,211.75,452,2214
810518,213.75,214.4,212.95,213.3,864,2360
810519,213.1,213.15,211.9,212,524,2402
810520,212.85,213.15,212,213.15,588,2496
810521,211.4,211.95,210.75,211.45,1182,2850
810522,210.55,211.8,210.55,211,764,3000
810526,210.05,210.8,210.05,210.1,781,3171
810527,209.6,210.7,209.15,210.6,814,3307
810528,209.8,210.85,209.7,210,1805,3544
810529,210.15,210.55,209.8,210.25,1191,3975
810601,209.55,209.95,208.2,208.55,2015,4890
810602,206.8,207.75,206.6,207.05,3142,6027
810603,204.5,204.7,202.05,202.1,3903,6642
810604,198.5,198.85,197.1,198.55,4431,7103
810605,196.35,196.95,193.75,194.45,5535,7523
810608,196.9,197.65,195.55,195.85,3669,7656
810609,197.3,197.35,195.95,196.3,5506,8332
810610,198.2,199.8,198,198.85,3480,8089
810611,197.5,198.2,197.1,198.15,3238,7838
810612,197.6,198.65,197.25,197.8,2657,8231
810615,200.9,202.8,200.6,200.95,5603,8171
810616,203.25,203.65,201.4,201.75,3914,8535
810617,202.5,202.55,201.5,202.15,2654,8805
810618,200,200.65,199.55,200.2,3837,9233
810619,199.2,201,198.85,200.7,2742,8892
810622,201.4,202.5,200.55,202.3,2633,8902
810623,202.6,203.05,201.4,201.5,2607,8859
810624,200.6,201.05,199,199.15,4650,9566
810625,198.7,198.95,196.65,196.8,6216,11353
810626,196.2,197.85,196,197.5,4320,10990
810629,197,197.5,196.25,197.05,3923,11121
810630,196.05,196.75,194.35,194.55,8323,13383
810701,193.2,193.35,191.05,191.55,8088,14821
810702,189.8,192.45,189.6,191.7,9396,13335
810706,190.4,192.35,190.1,191.75,6465,12343
810707,193.5,193.65,191.45,191.95,6246,13285
810708,190.5,191.25,188.6,190.5,8728,13571
810709,190.5,193.6,189.1,192.75,8588,13578
810710,190.9,192.3,190.55,191.65,8202,12267
810713,191.45,191.9,188.3,188.7,9198,15396
810714,187.6,190.2,187.2,189.25,11354,14889
810715,189.1,191,189.1,190.05,8340,14152
810716,189.25,190.6,188.9,189.95,7064,13862
810717,188.85,190.25,188.6,189.8,4001,13887
810720,188.7,189.1,187.2,187.25,5503,15273
810721,185.55,186.55,185.1,186,9211,14221
810722,186.9,187.65,186.2,187.1,5358,13824
810723,187.05,187.65,186.5,186.7,3602,13950
810724,186.75,188.05,186.7,187.7,4589,13118
810727,188.95,189.1,186.95,187.35,5430,13371
810728,186.95,187.55,186.5,187.35,4235,13271
810729,187.4,188.05,185.9,186.05,5023,13647
810730,185.7,187.2,185.5,186.85,4667,13743
810731,186.3,186.55,184.4,184.45,4667,13847
810803,183.25,183.35,180.8,181.45,5039,13762
810804,181.9,182.05,180.25,181.2,6221,13999
810805,181.55,181.9,181,181.55,4125,13327
810806,181.2,181.7,180.2,181.45,5442,13131
810807,179.2,180.8,178.95,179.8,4202,13404
810810,177.4,178.4,177.05,178.35,4308,12932
810811,178.05,179.3,177.8,179.1,5375,11996
810812,179.7,184.1,179.55,181.7,7503,12238
810813,181.75,181.75,180.6,181.55,3408,11877
810814,181.3,181.8,180.85,181.15,2421,11885
810817,182.35,183.95,182.3,183.2,6721,11334
810818,185.2,185.2,183.25,183.75,4305,10947
810819,183.2,185.7,183.05,185.55,5749,10963
810820,186,187.65,185.7,186.05,7922,9747
810821,188.1,190.95,187.2,190.4,5228,10369
810824,188,188.15,183.9,184.6,7758,9137
810825,182.8,183.85,182.35,183.1,4450,8863
810826,183.85,185.4,183.8,184.45,5338,9142
810827,184.25,184.95,183.75,184.05,3317,8922
810828,184.4,185.8,184.4,185.3,2067,8594
810831,186,186.1,183.65,183.95,4111,7769
810901,184,184.2,183,183.9,1361,7286
810902,184.25,185.6,184,185.25,1040,6931
810903,185.1,185.45,184.45,185.25,803,6654
810904,184.5,185.1,183,183.2,693,6311
810908,180.2,180.45,178.6,178.8,897,5900
810909,178,179.45,177.6,178.7,854,5234
810910,179.1,180.8,178.6,179.5,407,4999
810911,179.8,179.9,177.25,179.05,665,4591
810914,177.4,178.6,176.45,178.4,333,4453
