871223,180.92,180.92,180.92,180.92,4,2
871224,183.12,183.12,183.12,183.12,1,3
871228,184.48,184.48,184.48,184.48,0,3
871229,184.22,184.22,184.22,184.22,0,3
871230,183.86,183.86,183.86,183.86,0,3
871231,186.9,186.9,186.9,186.9,0,3
880104,185.5,185.5,185.5,185.5,0,3
880105,180.24,180.24,180.24,180.24,0,3
880106,178.98,178.98,178.98,178.98,0,3
880107,179.4,180.2,178.24,178.84,3,6
880108,179.3,179.3,179.3,179.3,5,11
880111,179.8,179.8,179.8,179.8,3,13
880112,180.26,180.26,180.26,180.26,19,21
880113,180.46,180.46,180.46,180.46,16,25
880114,180.32,180.5,180.12,180.5,2,23
880115,175.3,175.3,175.3,175.3,2,24
880118,175.2,175.5,175,175.4,7,21
880119,175.7,176.42,175.02,175.74,7,24
880120,176.8,177.86,176.66,177.86,16,21
880121,177.66,177.66,177.66,177.66,1,22
880122,176.82,176.82,176.82,176.82,0,22
880125,175.26,175.26,175.26,175.26,0,22
880126,175.58,175.58,175.58,175.58,0,21
880127,176.38,176.38,176.38,176.38,6,21
880128,176.9,176.9,176,176.48,26,37
880129,174.5,174.5,174.5,174.5,0,37
880201,173.9,174.26,173.34,173.54,1,34
880202,174.5,175.14,174.48,174.94,2,31
880203,174.9,174.94,173.9,174,2,31
880204,174.4,174.4,173.5,174.4,2,31
880205,173,173,173,173,0,31
880208,172.04,172.04,172.04,172.04,0,31
880209,172.06,172.06,172.06,172.06,0,31
880210,173.2,173.2,173.2,173.2,2,32
880211,173.16,173.16,173.16,173.16,0,32
880212,171.4,171.4,171.4,171.4,0,32
880216,172.9,173,171.36,172.4,0,32
880217,172.8,172.8,172.8,172.8,0,32
880218,171.92,171.92,171.92,171.92,0,32
880219,172.22,172.22,172.22,172.22,0,32
880222,173.72,173.72,173.72,173.72,0,32
880223,173.96,173.96,173.72,173.96,1,32
880224,174.48,174.5,173.6,173.8,39,60
880225,173.8,174.38,173.2,174.2,75,115
880226,174.9,175.44,174.5,174.84,94,109
880229,174.84,174.84,174.84,174.84,27,136
880301,175.4,175.52,174.8,175.16,28,94
880302,174.5,175,173.9,174.38,132,199
880303,174.5,174.74,174.06,174.56,31,219
880304,175.2,176,175.2,175.3,35,241
880307,179.5,180.7,179.5,180.08,28,230
880308,181.6,183,180.8,182.36,57,223
880309,182.5,183.3,182.5,182.9,57,232
880310,182.6,182.92,182.04,182.5,89,314
880311,183.6,183.9,183,183.64,490,784
880314,183.8,184.1,182.7,183.8,19,783
880315,183.5,184.2,182.5,183.2,15,787
880316,182.94,183.8,182.7,183.1,5,788
880317,183.1,183.4,181.1,181.64,22,794
880318,181.1,181.1,180.3,180.7,28,799
880321,181.6,181.9,181.4,181.5,1468,1826
880322,181.6,182.12,181.2,181.6,436,2238
880323,182.2,182.74,182.2,182.4,33,2249
880324,182.9,183.24,182.7,182.9,17,2259
880325,181.5,182.6,181.1,182.4,83,2273
880328,183.64,185.7,183.64,185.66,110,2311
880329,184.8,185.72,184.7,185.28,402,2486
880330,186,186.72,184.8,186.6,60,2514
880331,187.5,187.82,187.18,187.44,248,2708
880404,188.46,188.56,187.26,187.76,89,2742
880405,187.3,187.5,186.5,187.02,10,2718
880406,186.74,186.96,185.64,185.94,36,2723
880407,185.46,186.6,185.06,186.24,55,2722
880408,186.3,186.8,185.96,186.8,34,2725
880411,184,185.12,184,184.84,397,2707
880412,184.66,184.66,183.9,183.98,66,2723
880413,183.4,183.86,182.4,182.82,35,2718
880414,186.3,187,186,186.92,251,2794
880415,187.7,188.42,187.6,188.26,118,2819
880418,188.74,190.12,188.74,189.44,312,2922
880419,189,189.2,188.5,188.66,222,3006
880420,189.1,189.3,188.62,188.74,331,3065
880421,189.2,189.32,188.9,188.92,30,3038
880422,188.4,188.4,187.94,188.14,75,3044
880425,187.7,187.7,186.44,186.64,137,3021
880426,187,187.48,186.6,186.6,241,2991
880427,186.34,187.1,185.98,186.7,62,2986
880428,186.6,186.9,186.3,186.5,55,2993
880429,187.68,187.9,186.66,186.66,80,3007
880502,186.1,186.72,185.6,186.46,111,2976
880503,186.5,186.7,186.1,186.38,18,2979
880504,185.6,185.9,185.2,185.84,91,3013
880505,185.9,186.06,185.38,185.5,78,3023
880506,185.96,186.02,185.1,185.58,71,3029
880509,187.5,187.84,187.26,187.6,197,3127
880510,187.9,188,187.46,187.82,249,3235
880511,188.1,188.22,187.3,187.68,611,3306
880512,187.4,188.14,187.4,187.82,216,3244
880513,188.5,188.8,188.4,188.62,321,3334
880516,188.66,189.1,188.24,188.5,302,3368
880517,187.3,187.72,184.5,185.66,1288,3610
880518,185.5,186.66,185.5,186.48,866,3821
880519,186.62,186.62,186.3,186.34,222,3746
880520,186.06,186.28,185.94,186.28,235,3805
880523,186.56,186.9,186.5,186.76,805,3916
880524,186.98,187.1,186.46,186.78,633,4012
880525,186.18,186.38,186.06,186.26,487,3895
880526,185.94,186.28,185.82,186.1,446,4077
880527,185.56,185.9,185.44,185.56,1318,4502
880531,184.6,184.7,183.4,183.48,2671,5250
880601,182.52,182.86,181.46,181.54,4223,6614
880602,180.26,180.4,178.9,179.68,4092,7733
880603,179.26,179.7,178.6,179.26,4315,9501
880606,179.8,179.8,179.14,179.2,5603,11889
880607,180.86,180.96,180.48,180.84,7015,13141
880608,181.7,181.78,180.3,180.54,8152,13489
880609,180.9,181.9,180.66,181.76,8717,14603
880610,181.56,181.66,181.12,181.3,5694,15364
880613,181.8,181.98,181.08,181.36,5107,15036
880614,181.1,181.16,177.82,178.08,10079,15840
880615,177.96,178.36,177.84,178.14,4768,15928
880616,178.74,178.88,178.02,178.46,3875,15500
880617,177.5,177.88,177.34,177.74,4409,16038
880620,177.94,178.18,177.54,177.6,3705,15757
880621,177.88,178.6,177.82,178.32,4346,14760
880622,176.86,176.92,176.04,176.08,6882,15780
880623,174.9,175.5,174.76,175.26,7863,15399
880624,173.86,173.94,171.3,171.82,8974,17530
880627,168.94,169.8,168.94,169.42,12545,18013
880628,171.66,172.1,170.64,170.76,9211,16240
880629,170.26,170.98,169.76,170.56,9652,15665
880630,170.14,170.88,169.42,170.44,7196,15357
880701,169.32,169.7,168.62,169.02,5069,16249
880705,168.92,170.64,168.9,170.32,9286,17154
880706,170.72,171.06,170.36,170.62,6114,16722
880707,171.2,171.34,170.26,170.72,7893,16621
880708,170.4,170.42,168.88,169.16,6228,16689
880711,169.08,169.16,168,168.1,8890,19149
880712,168.34,169.32,168,169.06,8782,17733
880713,168.84,168.9,168.2,168.86,5553,17551
880714,168.5,168.72,168.12,168.3,4556,16466
880715,167.7,167.7,165.2,165.58,7171,16475
880718,165.1,166.8,165.06,166.6,9407,17324
880719,168.14,169.7,168.1,169.64,9795,16372
880720,169.72,170.4,169.46,170.18,8038,15699
880721,171.88,172.26,171.28,172.12,10690,15909
880722,172.88,173.82,172.44,173.74,7269,14421
880725,172.52,172.98,171.06,171.2,7431,14513
880726,171.28,171.28,170.3,170.54,9293,15685
880727,169.76,173,169.74,172.2,10507,15658
880728,172.9,173,171.48,172.04,9517,15583
880729,171,171.3,170.2,170.24,7048,13949
880801,171.1,171.14,170.46,171.1,6731,14869
880802,170.96,171.42,170.12,170.36,10303,16058
880803,170.1,170.88,170,170.7,8627,15329
880804,170.1,170.76,170.08,170.5,6302,15726
880805,170.14,170.16,168.32,168.46,12201,18293
880808,169.12,170.24,168.98,169.3,11720,18159
880809,170,170.34,167.6,167.96,11041,16138
880810,168.6,169.38,168.06,169.3,9430,15930
880811,169.6,171.02,169.3,170.96,9064,16639
880812,170.48,171.4,170.44,171.06,6494,17292
880815,170.38,171.44,170.32,171.24,7817,17026
880816,170.52,174,169.84,169.98,12748,16974
880817,169.96,170.1,168,168.78,10604,16181
880818,169.94,170,168.72,169.16,6777,15324
880819,169.78,170.04,169.4,169.8,3829,15186
880822,167.54,168.7,167.04,168.18,7685,15238
880823,167.76,168.48,167.14,167.18,7250,14769
880824,167.9,168.16,167.2,168.12,7669,14261
880825,168.94,170.06,168.52,169.62,7591,14581
880826,168.44,168.88,167.9,168.62,7757,16285
880829,168.26,168.42,167.6,167.64,4852,15964
880830,168.76,169.16,168.4,168.46,6428,15172
880831,167.8,168.34,167.4,168.22,7656,13739
880901,167.6,167.86,166.28,166.42,9795,15624
880902,166.7,168.82,166.26,168.72,12450,15327
880906,169.96,170.52,169.64,170.3,10850,14938
880907,170.44,170.82,169.94,170.68,9327,14419
880908,169.66,169.8,169.24,169.68,5615,13088
880909,169.94,170.1,169.5,169.58,5162,12704
880912,169.46,169.9,169.3,169.62,2270,12017
880913,169.9,169.9,169.5,169.68,2448,11731
880914,169,169.76,167.24,167.76,3430,10764
880915,167.6,168.08,167.6,167.78,1507,10230
880916,167.28,167.96,167.26,167.7,1843,9293
880919,167.62,167.76,167.6,167.66,636,8735
