960325,151.1,151.26,150.6,151.26,8,4
960326,151.38,151.38,151.38,151.38,0,4
960327,150.96,150.96,150.96,150.96,0,4
960328,151.6,151.6,151.6,151.6,0,4
960329,151.8,151.8,151.8,151.8,0,4
960401,151.58,151.58,151.58,151.58,0,4
960402,151.54,151.54,151.54,151.54,0,4
960403,151.72,151.72,151.72,151.72,0,4
960404,152.2,152.2,152.2,152.2,0,4
960405,152.22,152.22,152.22,152.22,0,4
960408,152.2,152.2,152.2,152.2,0,4
960409,151.4,151.4,151.4,151.4,0,4
960410,150.74,150.74,150.74,150.74,0,4
960411,150.7,150.7,150.7,150.7,0,4
960412,150.9,150.9,150.9,150.9,0,4
960415,150.18,150.18,150.18,150.18,0,4
960416,150.2,150.2,150.2,150.2,0,4
960417,150.38,150.38,150.38,150.38,0,4
960418,151.24,151.24,151.24,151.24,0,4
960419,150.86,150.86,150.86,150.86,0,4
960422,150.58,150.58,150.58,150.58,0,4
960423,151.14,151.14,151.14,151.14,0,4
960424,150.98,150.98,150.98,150.98,0,4
960425,150.14,150.14,150.14,150.14,0,4
960426,150.86,150.86,150.86,150.86,0,4
960429,150.86,150.86,150.14,150.14,0,4
960430,150.26,150.26,150.26,150.26,0,4
960501,148.62,148.62,148.62,148.62,0,4
960502,149.76,149.76,149.76,149.76,0,4
960503,150.16,150.16,150.16,150.16,0,4
960506,150.46,150.46,150.46,150.46,0,4
960507,150.58,150.58,150.58,150.58,0,4
960508,151.9,151.9,151.9,151.9,0,4
960509,151.7,151.7,151.7,151.7,0,4
960510,151.56,151.56,151.56,151.56,0,4
960513,150.92,150.92,150.92,150.92,0,4
960514,150.84,150.84,150.84,150.84,0,4
960515,150.8,150.8,150.8,150.8,0,4
960516,150.72,150.72,150.72,150.72,0,4
960517,150.76,150.76,150.76,150.76,0,4
960520,150.8,150.8,150.8,150.8,0,4
960521,150.6,150.6,150.6,150.6,0,4
960522,150.26,150.26,150.26,150.26,0,4
960523,150.74,150.74,150.74,150.74,0,4
960524,150.46,150.46,150.46,150.46,0,4
960528,150.76,150.76,150.76,150.76,0,4
960529,152.52,152.52,152.52,152.52,0,4
960530,152.92,152.92,152.92,152.92,0,4
960531,154.62,154.62,154.62,154.62,0,4
960603,155.02,155.02,155.02,155.02,0,4
960604,154.66,154.66,154.66,154.66,0,4
960605,154.54,154.54,154.54,154.54,0,4
960606,154.06,154.06,154.06,154.06,0,4
960607,153.84,153.84,153.84,153.84,0,4
960610,153.54,153.54,153.54,153.54,1,5
960611,153.6,153.6,153.6,153.6,0,5
960612,153.54,153.54,153.54,153.54,0,5
960613,153.54,153.54,153.54,153.54,0,5
960614,153.58,153.58,153.58,153.58,1,6
960617,154.44,154.44,154.44,154.44,1,6
960618,154.52,154.52,154.52,154.52,0,6
960619,154.42,154.42,154.42,154.42,0,6
960620,153.92,153.92,153.92,153.92,0,6
960621,153.58,153.58,153.58,153.58,0,6
960624,154.06,154.06,154.06,154.06,0,6
960625,153.88,153.88,153.88,153.88,0,6
960626,154.08,154.08,154.08,154.08,0,6
960627,154.96,154.96,154.96,154.96,0,6
960628,155.28,155.28,155.28,155.28,0,6
960701,155.86,155.86,155.86,155.86,0,6
960702,156.04,156.04,156.04,156.04,0,6
960703,156.38,156.38,156.38,156.38,0,6
960705,155.94,155.94,155.94,155.94,0,6
960708,155.66,155.66,155.66,155.66,0,6
960709,155.32,155.32,155.32,155.32,0,6
960710,155.6,155.6,155.6,155.6,0,6
960711,155.68,155.68,155.68,155.68,0,6
960712,155.44,155.44,155.44,155.44,0,6
960715,155.58,155.58,155.58,155.58,0,6
960716,156.28,156.28,156.28,156.28,0,6
960717,155.02,155.02,155.02,155.02,0,6
960718,154.56,154.56,154.56,154.56,0,6
960719,154.6,154.6,154.6,154.6,0,6
960722,155.24,155.24,155.24,155.24,0,6
960723,155.36,155.36,155.36,155.36,0,6
960724,155.42,155.42,155.42,155.42,0,6
960725,156,156,156,156,0,6
960726,155.6,155.6,155.6,155.6,0,6
960729,156.04,156.04,156.04,156.04,0,6
960730,155.9,155.9,155.9,155.9,0,6
960731,155.64,155.64,155.64,155.64,0,6
960801,155.34,155.34,155.34,155.34,0,6
960802,154.16,154.16,154.16,154.16,3,9
960805,154.36,154.36,154.36,154.36,0,9
960806,153.66,153.66,153.66,153.66,0,9
960807,154.14,154.14,154.14,154.14,0,9
960808,154.84,154.84,154.84,154.84,0,9
960809,154.82,154.82,154.82,154.82,0,9
960812,154.92,154.92,154.92,154.92,0,9
960813,154.82,154.82,154.82,154.82,0,9
960814,154.8,154.8,154.8,154.8,0,9
960815,154.92,154.92,154.92,154.92,0,9
960816,154.58,154.58,154.58,154.58,0,9
960819,154.32,154.32,154.32,154.32,0,9
960820,154.64,154.64,154.64,154.64,0,9
960821,154.88,154.88,154.88,154.88,0,9
960822,154.92,156.04,153.66,154.92,0,9
960823,155.58,155.58,155.58,155.58,0,9
960826,155.6,155.6,155.6,155.6,0,9
960827,155.4,155.4,155.4,155.4,0,9
960828,155.86,155.86,155.86,155.86,0,9
960829,155.78,155.78,155.78,155.78,0,9
960830,156.16,156.16,156.16,156.16,0,9
960903,156.78,156.78,156.78,156.78,0,9
960904,156.7,156.88,156.7,156.88,6,11
960905,156.82,156.82,156.82,156.82,0,11
960906,156.18,156.18,156.18,156.18,0,11
960909,156.2,156.2,155.88,155.88,51,35
960910,155.7,155.9,155.58,155.58,36,45
960911,155.52,155.66,155.52,155.66,5,50
960912,155.64,155.64,155.52,155.52,5,51
960913,155.5,155.5,155.5,155.5,35,67
960916,155.28,155.76,155.28,155.76,9,73
960917,155.64,155.64,155.64,155.64,0,73
960918,156.2,156.2,156.06,156.06,1,73
960919,155.08,155.26,154.7,155.26,7,74
960920,155.5,155.52,155.5,155.52,1,74
960923,155.6,155.62,155.6,155.62,3,77
960924,155.66,156.56,155.66,156.56,1,77
960925,156.02,156.02,156.02,156.02,4,77
960926,156,156,156,156,1,77
960927,156.4,156.4,156.14,156.34,3,77
960930,156.4,156.46,156.36,156.46,15,88
961001,156.3,156.4,156.3,156.4,6,88
961002,156.74,156.74,156.4,156.44,2,87
961003,156.44,156.44,156.44,156.44,5,87
961004,156.1,156.2,156.1,156.2,11,87
961007,156.2,156.2,156.2,156.2,0,87
961008,156.1,156.12,156,156.12,7,93
961009,156.34,156.34,156.34,156.34,2,93
961010,156.44,156.46,156.44,156.46,1,93
961011,157.3,157.46,157.16,157.38,42,107
961014,157.6,157.84,157.6,157.84,24,120
961015,158,158.74,158,158.62,15,127
961016,158.26,158.26,158.06,158.18,8,127
961017,158.6,158.6,158.32,158.38,83,201
961018,158.32,159.06,158.32,158.64,84,274
961021,158.9,159,158.9,158.94,3,274
961022,159.36,159.6,159.32,159.6,2,275
961023,159.32,159.66,159.32,159.46,2,275
961024,159.04,159.06,159.04,159.06,26,301
961025,159.4,160.46,159.4,160.3,38,313
961028,161.06,161.08,160.76,160.96,50,355
961029,160.4,160.74,160.4,160.74,34,389
961030,162.7,163.16,162.7,162.96,374,665
961031,162.4,162.5,162.2,162.34,243,774
961101,163.2,163.58,162.5,163.08,221,762
961104,163.4,164.4,163.36,164.12,70,776
961105,164.76,164.88,164,164.2,185,899
961106,163.6,163.8,163.4,163.72,147,799
961107,163.8,164.5,163.8,164.32,249,993
961108,164.6,164.6,163.96,164.32,23,997
961111,164.12,164.38,164.02,164.32,20,993
961112,164.32,164.44,163.9,164.12,154,1097
961113,164.76,165.9,164.7,165.52,173,1143
961114,166.16,166.16,165.76,165.94,129,1204
961115,166,166.3,165.86,165.94,1211,1912
961118,166.4,166.84,166.2,166.6,89,1943
961119,167,167.3,166.96,167.08,121,2010
961120,167.5,167.66,167.18,167.56,185,2088
961121,167.86,168.68,167.86,168.46,401,2133
961122,168,168.14,167.1,167.48,445,2173
961125,167.76,167.76,166.3,166.42,1076,1968
961126,166.5,167.1,166.36,166.68,613,2151
961127,167.4,167.96,166.8,167.02,784,2302
961129,168,168,167.36,167.74,329,2460
961202,168.14,168.2,167.3,167.4,1144,3083
961203,166.34,166.5,162.9,163.9,3279,4316
961204,163.84,164,163,163.9,2637,5458
961205,161.6,163.1,161.1,162.86,3841,5164
961206,164,164.64,163.3,164.26,3222,6616
961209,164.26,164.56,164.14,164.46,10869,12384
961210,164.62,165,164.38,164.88,7940,15007
961211,165.24,165.8,164.6,164.8,9191,18492
961212,164.9,165.58,164.68,165.32,8232,20554
961213,165.5,166.1,165.02,165.26,8987,22182
961216,165.58,166.4,165.58,166.2,6408,22534
961217,166.34,166.98,166.28,166.72,5573,23152
961218,166.96,167.16,166.78,167.04,10032,25515
961219,166.3,166.44,165.3,166.16,10685,25302
961220,166.1,166.68,165.9,166.64,4193,25389
961223,167.24,167.42,166.7,167.3,5366,25818
961224,167.1,167.12,166.88,167.06,1121,25700
961226,167.24,167.28,166.7,167,1287,25813
961227,168.04,169.26,168.04,169.18,22500,34255
961230,168.44,168.92,168.44,168.88,7156,36090
961231,169.74,171.28,169.74,171.24,11320,39790
970102,169.96,170.28,168.1,169.02,18732,38622
970103,169.26,169.26,168.2,168.62,8432,39365
970106,168.84,169.4,167.6,169.1,12291,41679
970107,169.08,169.66,169,169.18,6149,41470
970108,168.42,168.7,168.12,168.48,6619,40889
970109,168.98,169.44,168.8,169.28,5182,41304
970110,168.3,168.4,167.18,167.5,15556,39983
970113,166.88,167.3,166.36,167.18,11916,37492
970114,166.98,167.1,166.2,166.86,7582,36433
970115,167.06,168.18,166.86,168.08,9204,37348
970116,167.38,167.78,167.1,167.68,8456,38505
970117,167.16,167.4,166.4,166.92,8297,37509
970121,166.16,166.5,165.9,166.1,6580,36188
970122,165.52,165.7,163.16,163.26,31749,34558
970123,163,163.18,161.88,162.7,16723,33661
970124,162.66,162.9,162.36,162.62,8403,33118
970127,162.04,162.46,161.8,162.3,7017,33522
970128,160.6,162.02,160.5,161.64,14789,33326
970129,161.74,162.7,161.64,161.94,8584,33576
970130,161.96,162,160.4,161.22,8317,34810
970131,160.26,160.34,159.64,159.78,10317,36496
970203,161.04,161.36,160.66,161.16,8661,36542
970204,162.2,162.26,161.44,162.06,6061,37007
970205,162.76,164.2,162.76,163.9,11760,35968
970206,163.84,163.92,162.9,163.32,7574,35401
970207,162.8,163.24,162.02,163,11787,34677
970210,163.14,164.2,162.92,164.08,8357,33446
970211,163.92,164.4,163.5,163.54,7771,33505
970212,162.9,163.44,162.88,163.24,5391,33222
970213,163.08,163.16,161.8,162.32,8562,34171
970214,161.96,162.4,161.76,162,4768,33994
970218,160.46,160.64,159.76,160.56,14461,35040
970219,161.46,161.58,161.04,161.52,6985,34212
970220,160.9,161.28,160.72,161.02,5474,33525
970221,161.84,162,161.4,161.72,5198,33271
970224,162.6,163.58,162.58,163.42,10848,34552
970225,163.5,163.72,162.92,163.54,9806,34912
970226,163.76,164.2,162.88,163.4,10375,35066
970227,162.52,162.92,162.28,162.46,5396,34733
970228,162.78,163.1,162.56,162.92,9158,34344
970303,162.02,162.26,161.52,161.76,8787,34777
970304,161.54,161.76,161.16,161.28,4776,34145
970305,160.98,161.48,160.7,161.28,6380,33720
970306,161.02,161.56,160.9,161.52,6331,32832
970307,160.48,160.64,159.82,160.18,13575,32815
970310,159.92,160.6,159.7,160.38,21267,29604
970311,160.56,160.8,160.3,160.78,4158,27513
970312,159,159.94,158.98,159.8,3361,25890
970313,160.28,160.28,159.56,159.68,3151,24857
970314,159.56,160.34,159.4,160.12,3576,23746
970317,159.28,159.28,159,159.14,2776,22576
970318,159.14,159.14,159.14,159.14,0,0
