"Date","Open","High","Low","Close","Volume","OpenInt"
01/03/1961,33.6,33.6,33.6,33.6,0,86
01/04/1961,33.75,33.75,33.75,33.75,1,86
01/05/1961,33.75,33.75,33.75,33.75,1,86
01/06/1961,33.75,33.75,33.75,33.75,0,86
01/09/1961,33.7,33.7,33.7,33.7,0,86
01/10/1961,33.65,33.65,33.65,33.65,0,86
01/11/1961,33.71,33.71,33.71,33.71,0,86
01/12/1961,33.7,33.7,33.7,33.7,7,84
01/13/1961,33.6,33.6,33.6,33.6,0,84
01/16/1961,33.6,33.6,33.6,33.6,0,84
01/17/1961,33.6,33.6,33.6,33.6,0,84
01/18/1961,33.7,33.9,33.7,33.83,0,84
01/19/1961,33.75,33.75,33.75,33.75,11,85
01/20/1961,33.7,33.7,33.7,33.7,2,85
01/23/1961,33.92,33.92,33.92,33.92,0,85
01/24/1961,34,34.15,34,34,2,87
01/25/1961,34.17,34.17,34.15,34.15,9,93
01/26/1961,34.15,34.15,34.1,34.15,4,97
01/27/1961,34,34,34,34,5,102
01/30/1961,34.15,34.15,34.15,34.15,0,102
01/31/1961,34,34,34,34,0,102
02/01/1961,33.85,33.85,33.85,33.85,2,102
02/02/1961,33.95,33.95,33.95,33.95,0,102
02/03/1961,34.2,34.2,34.2,34.2,0,102
02/06/1961,34.15,34.2,34.15,34.15,1,102
02/07/1961,34.15,34.18,34.15,34.15,2,102
02/08/1961,34.1,34.12,34.1,34.1,4,102
02/09/1961,34.3,34.3,34.3,34.3,12,102
02/10/1961,34.35,34.4,34.35,34.35,1,102
02/13/1961,34.45,34.5,34.45,34.45,3,102
02/14/1961,34.5,34.7,34.5,34.5,6,100
02/15/1961,34.6,34.6,34.6,34.6,4,100
02/16/1961,34.5,34.5,34.5,34.5,6,106
02/17/1961,34.55,34.55,34.55,34.55,2,106
02/20/1961,34.4,34.4,34.4,34.4,5,111
02/21/1961,34.55,34.55,34.55,34.55,0,111
02/23/1961,35.05,35.05,34.9,34.9,0,111
02/24/1961,34.8,34.86,34.8,34.86,12,110
02/27/1961,34.83,34.95,34.83,34.83,5,111
02/28/1961,34.86,34.86,34.86,34.86,10,108
03/01/1961,35,35,35,35,0,108
03/02/1961,34.98,35.02,34.98,35,4,110
03/03/1961,35,35,35,35,10,119
03/06/1961,35.05,35.05,35.05,35.05,0,119
03/07/1961,35.2,35.3,35.2,35.25,1,120
03/08/1961,35.3,35.42,35.3,35.35,2,120
03/09/1961,35.4,35.4,35.4,35.4,6,126
03/10/1961,35.45,35.45,35.45,35.45,1,126
03/13/1961,35.55,35.55,35.55,35.55,1,125
03/14/1961,35.5,35.5,35.5,35.5,2,124
03/15/1961,35.6,35.64,35.6,35.63,7,124
03/16/1961,35.66,35.69,35.64,35.69,14,125
03/21/1961,35.5,35.5,35.5,35.5,2,145
03/22/1961,35.45,35.45,35.45,35.45,2,145
03/23/1961,35.6,35.6,35.6,35.6,0,145
03/24/1961,35.6,35.6,35.6,35.6,0,145
03/27/1961,35.37,35.37,35.37,35.37,2,147
03/28/1961,35.35,35.35,35.35,35.35,0,147
03/29/1961,35.35,35.35,35.35,35.35,0,147
03/30/1961,35.17,35.25,35.17,35.17,5,151
04/03/1961,35.28,35.28,35.28,35.28,6,148
04/04/1961,35.45,35.45,35.45,35.45,0,148
04/05/1961,35.26,35.3,35.26,35.26,2,149
04/06/1961,35.45,35.45,35.45,35.45,4,151
04/07/1961,35.37,35.37,35.37,35.37,0,151
04/10/1961,35.48,35.48,35.48,35.48,0,151
04/11/1961,35.43,35.5,35.43,35.43,3,154
04/12/1961,35.39,35.39,35.35,35.36,3,155
04/13/1961,35.42,35.42,35.42,35.42,2,156
04/14/1961,35.31,35.31,35.31,35.31,0,156
04/17/1961,35.32,35.4,35.32,35.35,0,156
04/18/1961,35.53,35.53,35.53,35.53,4,157
04/19/1961,35.35,35.35,35.35,35.35,2,159
04/20/1961,35.25,35.25,35.25,35.25,0,159
04/21/1961,35.45,35.45,35.45,35.45,10,159
04/24/1961,35.25,35.3,35.25,35.25,1,160
04/25/1961,35.15,35.35,34.95,34.95,2,161
04/26/1961,34.85,34.9,34.85,34.9,18,161
04/27/1961,34.92,35.02,34.92,35.02,4,163
04/28/1961,35.2,35.2,35.2,35.2,9,170
05/01/1961,35.34,35.34,35.34,35.34,3,170
05/02/1961,35.38,35.38,35.38,35.38,0,170
05/03/1961,35.38,35.39,35.32,35.32,0,170
05/04/1961,35.28,35.28,35.28,35.28,3,170
05/05/1961,35.28,35.28,35.28,35.28,0,170
05/08/1961,35.32,35.32,35.32,35.32,0,170
05/09/1961,35.31,35.31,35.31,35.31,0,170
05/10/1961,35.52,35.52,35.52,35.52,0,170
05/11/1961,35.26,35.26,35.25,35.25,6,170
05/12/1961,35.21,35.21,35.21,35.21,2,171
05/15/1961,35.16,35.16,35.16,35.16,0,171
05/16/1961,35.07,35.07,35.07,35.07,3,171
05/17/1961,35.4,35.4,35.4,35.4,1,172
05/18/1961,35.19,35.2,35.19,35.19,1,172
05/19/1961,35.3,35.3,35.3,35.3,1,172
05/22/1961,35.34,35.34,35.34,35.34,1,171
05/23/1961,35.32,35.32,35.32,35.32,1,171
05/24/1961,35.29,35.29,35.29,35.29,1,171
05/25/1961,35.3,35.3,35.3,35.3,1,171
05/26/1961,35.2,35.2,35.2,35.2,1,170
05/31/1961,35.15,35.15,35.15,35.15,0,170
06/01/1961,35.32,35.32,35.32,35.32,3,166
06/02/1961,35.2,35.2,35.2,35.2,2,167
06/05/1961,35.23,35.23,35.23,35.23,0,167
06/06/1961,35.4,35.4,35.4,35.4,0,167
06/07/1961,35.46,35.5,35.46,35.48,1,166
06/08/1961,35.48,35.55,35.48,35.55,9,165
06/09/1961,35.4,35.4,35.4,35.4,4,164
06/12/1961,35.48,35.48,35.48,35.48,0,164
06/13/1961,35.5,35.5,35.5,35.5,1,164
06/15/1961,35.36,35.36,35.36,35.36,0,164
06/16/1961,35.43,35.43,35.43,35.43,0,164
06/19/1961,35.5,35.5,35.5,35.5,0,164
06/20/1961,35.4,35.4,35.4,35.4,2,166
06/21/1961,35.3,35.3,35.3,35.3,1,166
06/22/1961,35.3,35.3,35.3,35.3,0,166
06/23/1961,35.45,35.45,35.45,35.45,0,166
06/26/1961,35.5,35.5,35.5,35.5,1,167
06/27/1961,35.4,35.55,35.4,35.55,0,167
06/28/1961,35.53,35.53,35.53,35.53,3,166
06/29/1961,35.49,35.49,35.49,35.49,2,166
06/30/1961,35.5,35.53,35.5,35.5,0,166
07/03/1961,35.4,35.4,35.4,35.4,6,164
07/05/1961,35.5,35.5,35.5,35.5,6,162
07/06/1961,35.49,35.5,35.49,35.5,1,162
07/07/1961,35.55,35.57,35.55,35.55,3,161
07/10/1961,35.62,35.72,35.62,35.62,7,161
07/11/1961,35.58,35.6,35.58,35.58,4,161
07/12/1961,35.6,35.6,35.6,35.6,23,160
07/13/1961,35.6,35.6,35.6,35.6,1,161
07/14/1961,35.58,35.58,35.58,35.58,1,161
07/18/1961,35.7,35.7,35.7,35.7,17,163
07/19/1961,35.7,35.7,35.7,35.7,0,163
07/20/1961,35.7,35.7,35.7,35.7,30,162
07/21/1961,35.65,35.7,35.65,35.7,1,162
07/24/1961,35.65,35.68,35.65,35.67,1,161
07/25/1961,35.7,35.7,35.7,35.7,3,161
07/26/1961,35.65,35.65,35.65,35.65,4,150
07/27/1961,35.68,35.68,35.68,35.68,0,150
07/28/1961,35.69,35.69,35.69,35.69,0,150
07/31/1961,35.65,35.65,35.65,35.65,1,149
08/01/1961,35.69,35.82,35.69,35.77,0,149
08/02/1961,35.8,35.8,35.75,35.75,13,142
08/03/1961,35.78,35.82,35.78,35.8,16,127
08/04/1961,35.88,35.89,35.88,35.88,5,125
08/07/1961,35.9,35.9,35.89,35.89,6,130
08/08/1961,35.9,35.9,35.9,35.9,4,132
08/09/1961,35.93,35.93,35.93,35.93,5,128
08/10/1961,36,36,36,36,0,128
08/11/1961,36,36,36,36,2,127
08/14/1961,35.9,35.9,35.9,35.9,0,127
08/15/1961,35.94,35.94,35.94,35.94,0,127
08/16/1961,35.98,35.98,35.98,35.98,1,126
08/17/1961,36.04,36.04,36.04,36.04,0,126
08/18/1961,36.16,36.18,36.16,36.16,9,130
08/21/1961,36.15,36.15,36.15,36.15,4,129
08/22/1961,36.15,36.15,36.15,36.15,14,140
08/23/1961,36.15,36.15,36.15,36.15,0,140
08/24/1961,36.2,36.2,36.1,36.1,2,142
08/25/1961,36.07,36.07,36.07,36.07,6,143
08/28/1961,36.13,36.13,36.13,36.13,8,149
08/29/1961,36.14,36.14,36.14,36.14,5,154
08/30/1961,36,36,36,36,1,155
08/31/1961,36,36,36,36,0,155
09/01/1961,36.09,36.1,36.09,36.09,0,155
09/05/1961,36.14,36.14,36.1,36.1,3,158
09/06/1961,36.12,36.12,36.1,36.1,11,167
09/07/1961,36.1,36.1,36.1,36.1,3,169
09/08/1961,36.1,36.2,36.1,36.14,5,174
09/11/1961,36.34,36.4,36.34,36.34,28,200
09/12/1961,36.4,36.43,36.35,36.35,5,197
09/13/1961,36.33,36.33,36.33,36.33,20,206
09/14/1961,36.37,36.4,36.37,36.4,1,205
09/15/1961,36.37,36.37,36.27,36.27,5,204
09/18/1961,36.22,36.22,36.22,36.22,8,199
09/19/1961,36.15,36.25,36.15,36.2,1,200
09/20/1961,36.2,36.2,36.2,36.2,6,199
09/21/1961,36.22,36.22,36.22,36.22,0,199
09/22/1961,36.15,36.19,36.15,36.15,2,201
09/25/1961,36.05,36.1,36.01,36.07,7,206
09/26/1961,36.07,36.1,36.05,36.1,4,206
09/27/1961,36.1,36.1,36.1,36.1,2,205
09/28/1961,36.02,36.02,36.02,36.02,1,204
09/29/1961,36.01,36.01,36.01,36.01,2,204
10/02/1961,36.01,36.09,36.01,36.01,3,205
10/03/1961,36.09,36.1,36.09,36.1,9,209
10/04/1961,36.07,36.07,36.07,36.07,5,214
10/05/1961,36.1,36.1,36.1,36.1,0,214
10/06/1961,36.15,36.25,36.15,36.2,0,214
10/09/1961,36.2,36.27,36.18,36.18,6,214
10/10/1961,36.11,36.11,36.11,36.11,5,219
10/11/1961,36.15,36.22,36.15,36.15,2,220
10/12/1961,36.1,36.1,36.1,36.1,2,221
10/13/1961,36.25,36.25,36.01,36.01,2,221
10/16/1961,35.8,35.8,35.78,35.78,12,230
10/17/1961,35.74,35.8,35.72,35.72,6,227
10/18/1961,35.78,35.8,35.78,35.8,22,244
10/19/1961,35.7,35.72,35.7,35.72,2,246
10/20/1961,35.78,35.78,35.73,35.73,16,256
10/23/1961,35.71,35.71,35.71,35.71,3,258
10/24/1961,35.71,35.71,35.71,35.71,0,258
10/25/1961,35.78,35.78,35.78,35.78,0,258
10/26/1961,35.78,35.8,35.78,35.78,0,258
10/27/1961,35.81,35.82,35.81,35.81,3,258
10/30/1961,35.76,35.76,35.76,35.76,2,257
10/31/1961,35.75,35.75,35.71,35.71,1,257
11/01/1961,35.71,35.71,35.71,35.71,4,259
11/02/1961,35.71,35.71,35.65,35.68,0,259
11/03/1961,35.62,35.62,35.62,35.62,6,263
11/06/1961,35.66,35.66,35.66,35.66,1,264
11/08/1961,35.64,35.65,35.62,35.62,1,264
11/09/1961,35.66,35.66,35.28,35.32,11,268
11/10/1961,35.32,35.32,35.07,35.15,56,273
11/13/1961,35.14,35.18,35.1,35.18,56,276
11/14/1961,35.3,35.3,35.3,35.3,14,277
11/15/1961,35.32,35.42,35.32,35.32,4,277
11/16/1961,35.22,35.22,35.12,35.22,11,277
11/17/1961,35.12,35.12,34.97,35.02,7,276
11/20/1961,34.97,35,34.4,34.63,24,287
11/21/1961,34.63,34.63,34.5,34.55,90,344
11/22/1961,34.63,34.87,34.63,34.7,31,359
11/24/1961,34.7,34.97,34.64,34.95,48,379
11/27/1961,35.02,35.15,35.02,35.15,69,412
11/28/1961,35.12,35.12,34.99,34.99,21,406
11/29/1961,34.95,34.96,34.76,34.78,15,409
11/30/1961,34.74,34.75,34.67,34.7,38,432
12/01/1961,34.78,34.78,34.78,34.78,50,451
12/04/1961,34.82,34.89,34.82,34.82,3,450
12/05/1961,34.93,35,34.93,34.97,13,460
12/06/1961,34.97,35.08,34.97,34.97,18,471
12/07/1961,34.75,34.75,34.62,34.7,16,460
12/08/1961,34.66,34.85,34.66,34.66,44,482
12/11/1961,34.61,34.65,34.61,34.61,14,482
12/12/1961,34.61,34.64,34.61,34.61,18,487
12/13/1961,34.66,34.66,34.46,34.63,5,490
12/14/1961,34.57,34.57,34.5,34.51,26,501
12/15/1961,34.45,34.5,34.4,34.45,14,506
12/18/1961,34.45,34.45,34.45,34.45,24,514
12/19/1961,34.46,34.48,34.4,34.4,5,517
12/20/1961,34.36,34.4,34.36,34.38,31,526
12/21/1961,34.4,34.6,34.4,34.58,29,535
12/22/1961,34.55,34.55,34.51,34.51,16,526
12/26/1961,34.5,34.52,34.47,34.5,7,531
12/27/1961,34.55,34.75,34.55,34.69,18,533
12/28/1961,34.75,34.75,34.7,34.7,26,536
12/29/1961,34.7,34.7,34.52,34.52,22,542
01/02/1962,34.52,34.53,34.5,34.5,35,549
01/03/1962,34.5,34.55,34.48,34.55,10,524
01/04/1962,34.56,34.95,34.56,34.85,14,541
01/05/1962,34.95,35.02,34.94,34.96,15,543
01/08/1962,35.15,35.27,35.12,35.22,82,539
01/09/1962,35.3,35.3,35.18,35.18,66,527
01/10/1962,35.07,35.07,35,35,39,533
01/11/1962,34.95,35.03,34.86,35,6,537
01/12/1962,35.06,35.16,35.06,35.08,35,537
01/15/1962,35.07,35.12,35.05,35.05,16,543
01/16/1962,35,35,34.96,34.96,2,543
01/17/1962,34.95,34.99,34.93,34.93,3,544
01/18/1962,34.91,34.95,34.91,34.92,11,541
01/19/1962,34.9,34.97,34.9,34.92,13,543
01/22/1962,35.02,35.02,35,35.01,8,545
01/23/1962,35.01,35.01,34.97,34.97,6,544
01/24/1962,34.96,34.96,34.95,34.95,9,542
01/25/1962,34.91,34.94,34.8,34.84,2,544
01/26/1962,34.8,34.84,34.8,34.84,31,545
01/29/1962,34.85,34.85,34.85,34.85,8,540
01/30/1962,34.8,34.81,34.79,34.81,0,540
01/31/1962,34.85,34.89,34.85,34.86,6,542
02/01/1962,34.86,34.89,34.86,34.87,3,542
02/02/1962,34.86,34.86,34.86,34.86,4,544
02/05/1962,34.87,34.9,34.87,34.88,1,543
02/06/1962,34.91,34.91,34.91,34.91,4,541
02/07/1962,34.88,34.88,34.81,34.81,1,541
02/08/1962,34.77,34.8,34.72,34.75,6,540
02/09/1962,34.74,34.8,34.71,34.8,38,541
02/12/1962,34.75,34.76,34.71,34.74,20,538
02/13/1962,34.71,34.71,34.55,34.6,23,523
02/14/1962,34.55,34.6,34.55,34.58,41,507
02/15/1962,34.51,34.51,34.38,34.38,26,508
02/16/1962,34.35,34.45,34.28,34.36,72,549
02/19/1962,34.31,34.31,34.2,34.2,108,577
02/20/1962,34.17,34.45,34.17,34.34,54,596
02/21/1962,34.44,34.56,34.44,34.5,33,601
02/23/1962,34.55,34.73,34.55,34.73,18,601
02/26/1962,34.73,34.76,34.59,34.61,39,605
02/27/1962,34.57,34.6,34.42,34.42,46,621
02/28/1962,34.42,34.49,34.37,34.47,59,606
03/01/1962,34.5,34.5,34.5,34.5,23,613
03/02/1962,34.5,34.5,34.49,34.49,5,616
03/05/1962,34.44,34.44,34.44,34.44,6,622
03/06/1962,34.44,34.49,34.44,34.44,8,630
03/07/1962,34.4,34.43,34.4,34.43,4,633
03/08/1962,34.45,34.46,34.45,34.46,27,634
03/09/1962,34.6,34.69,34.6,34.68,10,628
03/12/1962,34.71,34.75,34.71,34.74,25,627
03/13/1962,34.75,34.75,34.71,34.72,23,642
03/14/1962,34.73,34.75,34.73,34.75,53,689
03/15/1962,34.76,34.79,34.76,34.79,0,0
03/16/1962,34.77,34.78,34.77,34.77,36,707
03/19/1962,34.76,34.79,34.76,34.76,7,710
03/20/1962,34.78,34.95,34.78,34.93,18,718
03/21/1962,34.95,35.03,34.95,34.96,51,722
03/22/1962,34.97,35.05,34.97,34.99,80,729
03/23/1962,34.9,34.95,34.88,34.89,106,749
03/26/1962,34.89,34.89,34.87,34.88,22,755
03/27/1962,34.87,34.87,34.87,34.87,7,761
03/28/1962,34.85,34.89,34.84,34.88,0,761
03/29/1962,34.9,34.92,34.87,34.87,9,768
03/30/1962,34.88,34.88,34.75,34.76,16,774
04/02/1962,34.75,34.75,34.63,34.69,33,792
04/03/1962,34.68,34.73,34.68,34.7,78,827
04/04/1962,34.73,34.74,34.72,34.74,11,833
04/05/1962,34.74,34.79,34.74,34.78,11,839
04/06/1962,34.8,34.84,34.8,34.8,30,859
04/09/1962,34.84,34.84,34.68,34.68,28,868
04/10/1962,34.65,34.7,34.65,34.7,53,890
04/11/1962,34.7,34.7,34.69,34.7,27,893
04/12/1962,34.72,34.8,34.72,34.75,7,889
04/13/1962,34.75,34.75,34.7,34.7,0,880
04/16/1962,34.69,34.69,34.68,34.68,24,896
04/17/1962,34.66,34.66,34.6,34.6,30,914
04/18/1962,34.57,34.6,34.48,34.48,36,946
04/19/1962,34.45,34.58,34.45,34.56,12,1005
04/23/1962,34.52,34.63,34.51,34.63,39,994
04/24/1962,34.71,34.73,34.63,34.7,27,1014
04/25/1962,34.71,34.74,34.67,34.72,99,1074
04/26/1962,34.68,34.7,34.67,34.68,46,1105
04/27/1962,34.68,34.68,34.56,34.56,27,1116
04/30/1962,34.53,34.59,34.52,34.59,53,1139
05/01/1962,34.57,34.61,34.55,34.6,84,1164
05/02/1962,34.6,34.66,34.6,34.6,4,1144
05/03/1962,34.64,34.67,34.63,34.67,24,1133
05/04/1962,34.67,34.68,34.67,34.67,27,1133
05/07/1962,34.68,34.7,34.65,34.68,13,1129
05/08/1962,34.7,34.72,34.68,34.72,22,1118
05/09/1962,34.73,34.82,34.73,34.78,35,1118
05/10/1962,34.74,34.77,34.7,34.7,56,1091
05/11/1962,34.63,34.66,34.62,34.65,35,1095
05/14/1962,34.64,34.74,34.63,34.69,30,1107
05/15/1962,34.7,34.7,34.7,34.7,32,1122
05/16/1962,34.68,34.7,34.68,34.7,2,1122
05/17/1962,34.74,34.76,34.74,34.74,49,1077
05/18/1962,34.75,34.75,34.72,34.74,26,1061
05/21/1962,34.75,34.78,34.75,34.78,19,1052
05/22/1962,34.84,34.85,34.78,34.8,32,1056
05/23/1962,34.8,34.83,34.79,34.81,22,1046
05/24/1962,34.8,34.82,34.73,34.82,10,1036
05/25/1962,34.82,34.82,34.75,34.75,38,1010
05/28/1962,34.74,34.77,34.74,34.74,7,1007
05/29/1962,34.72,34.73,34.7,34.7,31,999
05/31/1962,34.7,34.7,34.7,34.7,44,953
06/01/1962,34.73,34.78,34.73,34.73,7,951
06/04/1962,34.75,34.76,34.75,34.75,22,938
06/05/1962,34.76,34.8,34.76,34.79,23,920
06/06/1962,34.79,34.81,34.78,34.78,19,911
06/07/1962,34.77,34.8,34.75,34.75,32,893
06/08/1962,34.74,34.74,34.72,34.73,91,851
06/11/1962,34.73,34.74,34.72,34.72,34,821
06/12/1962,34.71,34.72,34.71,34.71,14,809
06/13/1962,34.72,34.77,34.72,34.75,22,793
06/14/1962,34.8,34.93,34.77,34.91,29,768
06/15/1962,34.93,34.93,34.86,34.86,80,740
06/18/1962,34.92,34.92,34.75,34.8,36,713
06/19/1962,34.82,34.87,34.82,34.82,37,688
06/20/1962,34.86,34.86,34.75,34.76,16,685
06/21/1962,34.75,34.8,34.72,34.72,19,680
06/22/1962,34.7,34.7,34.5,34.62,38,647
06/25/1962,34.45,34.46,34.01,34.07,135,535
06/26/1962,34.06,34.2,34.02,34.15,298,264
06/27/1962,34.14,34.14,34,34.05,51,254
06/28/1962,34.2,34.2,34.1,34.1,41,231
06/29/1962,34.06,34.06,33.61,33.7,8,224
07/02/1962,33.68,33.68,33.68,33.68,61,180
07/03/1962,33.71,33.73,33.71,33.71,4,121
07/05/1962,33.68,33.7,33.66,33.67,12,111
07/06/1962,33.7,33.7,33.61,33.65,7,95
07/09/1962,33.6,33.6,33.6,33.6,12,54
07/10/1962,33.6,33.6,33.5,33.5,0,54
07/11/1962,33.15,33.23,33.15,33.23,11,40
07/12/1962,33.23,33.3,33.23,33.25,16,18
07/13/1962,33.25,33.3,33.2,33.2,16,1
