"Date","Open","High","Low","Close","Volume","OpenInt"
11/16/1993,92.84,92.84,92.84,92.84,5,6
11/17/1993,92.87,92.87,92.87,92.87,1,6
11/18/1993,92.84,92.88,92.83,92.83,28,30
11/19/1993,92.73,92.73,92.73,92.73,0,30
11/22/1993,92.66,92.66,92.66,92.66,0,30
11/23/1993,92.71,92.71,92.71,92.71,0,30
11/24/1993,92.67,92.67,92.67,92.67,0,30
11/26/1993,92.71,92.71,92.71,92.71,0,30
11/29/1993,92.70,92.70,92.70,92.70,0,30
11/30/1993,92.63,92.63,92.63,92.63,0,30
12/01/1993,92.65,92.65,92.65,92.65,0,30
12/02/1993,92.65,92.65,92.65,92.65,0,30
12/03/1993,92.63,92.63,92.63,92.63,0,30
12/06/1993,92.73,92.73,92.73,92.73,0,30
12/07/1993,92.73,92.73,92.73,92.73,0,45
12/08/1993,92.74,92.74,92.74,92.74,15,60
12/09/1993,92.78,92.78,92.78,92.78,1,60
12/10/1993,92.76,92.76,92.76,92.76,1,60
12/13/1993,92.72,92.72,92.72,92.72,1,60
12/14/1993,92.72,92.72,92.72,92.72,1,60
12/15/1993,92.71,92.71,92.71,92.71,1,60
12/16/1993,92.70,92.70,92.70,92.70,1,60
12/17/1993,92.71,92.71,92.71,92.71,15,75
12/20/1993,92.70,92.70,92.70,92.70,1,75
12/21/1993,92.70,92.70,92.70,92.70,1,75
12/22/1993,92.80,92.80,92.80,92.80,1,75
12/23/1993,92.86,92.86,92.86,92.86,1,75
12/27/1993,92.87,92.87,92.87,92.87,1,75
12/28/1993,92.89,92.89,92.89,92.89,1,0
12/29/1993,92.89,92.90,92.88,92.89,70,140
12/30/1993,92.80,92.80,92.80,92.80,0,140
12/31/1993,92.78,92.78,92.78,92.78,0,140
01/03/1994,92.68,92.68,92.68,92.68,0,140
01/04/1994,92.71,92.71,92.71,92.71,0,140
01/05/1994,92.69,92.69,92.69,92.69,0,145
01/06/1994,92.74,92.77,92.74,92.76,58,173
01/07/1994,92.94,92.94,92.94,92.94,0,173
01/10/1994,92.96,92.97,92.91,92.96,50,223
01/11/1994,92.96,92.99,92.95,92.99,40,258
01/12/1994,93.05,93.05,93.05,93.05,0,258
01/13/1994,93.01,93.01,92.96,92.96,113,382
01/14/1994,92.95,92.95,92.90,92.90,54,349
01/17/1994,92.90,92.91,92.90,92.91,25,349
01/18/1994,92.92,92.96,92.92,92.96,4,349
01/19/1994,92.97,92.97,92.97,92.97,0,349
01/20/1994,92.99,93.02,92.99,93.02,156,490
01/21/1994,93.01,93.01,93.01,93.01,6,490
01/24/1994,93.01,93.03,93.00,93.00,98,571
01/25/1994,92.97,92.97,92.96,92.96,10,561
01/26/1994,92.93,92.94,92.93,92.94,114,620
01/27/1994,92.95,92.96,92.92,92.95,132,741
01/28/1994,93.02,93.02,92.94,93.00,78,787
01/31/1994,93.02,93.02,93.01,93.01,46,820
02/01/1994,93.00,93.01,92.98,92.99,10,820
02/02/1994,92.97,92.97,92.97,92.97,1,820
02/03/1994,92.95,92.95,92.91,92.92,16,836
02/04/1994,92.78,93.00,92.78,92.79,30,821
02/07/1994,92.76,92.76,92.76,92.76,1,821
02/08/1994,92.74,92.74,92.71,92.71,128,903
02/09/1994,92.71,92.76,92.71,92.76,15,893
02/10/1994,92.76,92.78,92.76,92.78,42,843
02/11/1994,92.80,92.83,92.76,92.83,16,843
02/14/1994,92.83,92.83,92.83,92.83,1,843
02/15/1994,92.84,92.84,92.83,92.83,112,950
02/16/1994,92.84,92.84,92.83,92.83,102,1052
02/17/1994,92.74,92.74,92.74,92.74,34,1052
02/18/1994,92.71,92.71,92.61,92.61,40,1052
02/22/1994,92.63,92.65,92.60,92.65,14,1052
02/23/1994,92.56,92.56,92.56,92.56,0,1052
02/24/1994,92.50,92.50,92.50,92.50,0,1052
02/25/1994,92.51,92.51,92.51,92.51,0,1052
02/28/1994,92.52,92.52,92.52,92.52,0,1052
03/01/1994,92.40,92.40,92.40,92.40,0,1052
03/02/1994,92.37,92.37,92.37,92.37,0,1052
03/03/1994,92.30,92.30,92.30,92.30,0,1052
03/04/1994,92.26,92.26,92.26,92.26,0,1052
03/07/1994,92.31,92.31,92.31,92.31,1,1053
03/08/1994,92.28,92.28,92.28,92.28,1,1053
03/09/1994,92.28,92.28,92.28,92.28,0,1053
03/10/1994,92.17,92.17,92.17,92.17,0,1053
03/11/1994,92.16,92.16,92.16,92.16,1,1053
03/14/1994,92.16,92.16,92.10,92.10,34,1058
03/15/1994,92.10,92.12,92.09,92.11,110,1123
03/16/1994,92.12,92.18,92.12,92.18,61,1185
03/17/1994,92.19,92.24,92.19,92.21,201,1163
03/18/1994,92.16,92.16,92.13,92.13,81,1108
03/21/1994,92.12,92.12,92.06,92.06,22,1138
03/22/1994,92.08,92.18,92.08,92.18,106,1193
03/23/1994,92.21,92.21,92.21,92.21,31,1213
03/24/1994,92.05,92.05,92.05,92.05,0,1213
03/25/1994,92.02,92.08,92.02,92.02,41,1244
03/28/1994,92.06,92.06,91.99,91.99,25,1249
03/29/1994,91.92,91.92,91.92,91.92,0,1249
03/30/1994,91.90,91.90,91.84,91.85,64,1269
03/31/1994,91.78,91.78,91.78,91.78,0,1269
04/01/1994,91.51,91.51,91.51,91.51,0,1225
04/04/1994,91.49,91.51,91.32,91.32,50,1220
04/05/1994,91.44,91.57,91.43,91.57,30,1220
04/06/1994,91.62,91.67,91.56,91.65,140,1272
04/07/1994,91.75,91.75,91.75,91.75,1,1272
04/08/1994,91.71,91.71,91.68,91.68,50,1296
04/11/1994,91.67,91.67,91.67,91.67,0,1296
04/12/1994,91.70,91.75,91.70,91.74,30,1326
04/13/1994,91.79,91.79,91.69,91.69,30,1356
04/14/1994,91.68,91.69,91.68,91.68,30,1381
04/15/1994,91.70,91.72,91.70,91.70,5,1381
04/18/1994,91.62,91.62,91.51,91.51,37,1377
04/19/1994,91.53,91.58,91.53,91.57,20,1377
04/20/1994,91.58,91.65,91.58,91.65,10,1377
04/21/1994,91.74,91.85,91.74,91.85,68,1429
04/22/1994,91.78,91.82,91.78,91.82,55,1425
04/25/1994,91.81,91.88,91.81,91.87,3,1425
04/26/1994,91.92,91.92,91.90,91.92,279,1485
04/28/1994,91.78,91.98,91.73,91.73,4,1481
04/29/1994,91.77,91.77,91.77,91.77,0,1481
05/02/1994,91.75,91.75,91.75,91.75,0,1481
05/03/1994,91.70,91.70,91.70,91.70,0,1481
05/04/1994,91.65,91.73,91.65,91.72,10,1491
05/05/1994,91.71,91.76,91.70,91.76,56,1500
05/06/1994,91.66,91.66,91.55,91.55,36,1483
05/09/1994,91.42,91.45,91.42,91.43,43,1483
05/10/1994,91.54,91.65,91.54,91.65,35,1483
05/11/1994,91.65,91.70,91.51,91.55,25,1508
05/12/1994,91.57,91.65,91.51,91.60,47,1496
05/13/1994,91.60,91.69,91.60,91.69,24,1496
05/16/1994,91.70,91.70,91.70,91.70,15,1496
05/17/1994,91.82,91.82,91.82,91.82,0,1496
05/18/1994,91.86,91.87,91.83,91.86,20,1526
05/19/1994,91.92,91.93,91.83,91.93,40,1556
05/20/1994,91.87,91.87,91.83,91.86,48,1589
05/23/1994,91.75,91.75,91.67,91.67,15,1604
05/24/1994,91.68,91.68,91.67,91.67,0,1604
05/25/1994,91.65,91.69,91.61,91.69,0,1604
05/26/1994,91.71,91.75,91.69,91.75,72,1674
05/27/1994,91.66,91.69,91.64,91.69,0,1674
05/31/1994,91.65,91.65,91.65,91.65,0,1674
06/01/1994,91.67,91.69,91.59,91.69,10,1679
06/02/1994,91.70,91.79,91.70,91.79,44,1682
06/03/1994,91.72,91.89,91.72,91.89,69,1680
06/06/1994,91.96,91.96,91.95,91.95,30,1689
06/07/1994,91.92,91.92,91.92,91.92,0,1689
06/08/1994,91.99,92.00,91.95,91.96,89,1764
06/09/1994,91.96,91.96,91.90,91.91,158,1833
06/10/1994,91.84,91.84,91.84,91.84,35,1868
06/13/1994,91.78,91.78,91.76,91.78,13,1881
06/14/1994,91.85,91.85,91.85,91.85,143,1948
06/15/1994,91.86,91.86,91.73,91.73,40,1955
06/16/1994,91.70,91.70,91.64,91.67,34,1955
06/17/1994,91.68,91.68,91.59,91.59,430,1959
06/20/1994,91.53,91.59,91.53,91.57,122,1939
06/21/1994,91.55,91.56,91.52,91.55,45,1956
06/22/1994,91.57,91.68,91.57,91.65,313,1891
06/23/1994,91.67,91.72,91.66,91.68,25,1866
06/24/1994,91.65,91.65,91.56,91.56,30,1881
06/27/1994,91.52,91.63,91.52,91.63,95,1866
06/28/1994,91.61,91.61,91.55,91.55,56,1893
06/29/1994,91.56,91.57,91.56,91.56,29,1890
06/30/1994,91.56,91.58,91.47,91.47,109,1908
07/01/1994,91.47,91.47,91.46,91.46,27,1908
07/05/1994,91.46,91.46,91.44,91.46,92,1960
07/06/1994,91.44,91.46,91.44,91.46,40,1995
07/07/1994,91.50,91.54,91.48,91.49,475,2037
07/08/1994,91.39,91.42,91.37,91.41,20,1997
07/11/1994,91.38,91.38,91.37,91.37,26,2017
07/12/1994,91.43,91.43,91.37,91.39,68,2024
07/13/1994,91.35,91.40,91.35,91.40,133,2129
07/14/1994,91.47,91.59,91.47,91.57,45,2143
07/15/1994,91.54,91.57,91.54,91.57,10,2153
07/18/1994,91.62,91.62,91.62,91.62,0,2153
07/19/1994,91.62,91.68,91.60,91.68,46,2174
07/20/1994,91.65,91.65,91.56,91.56,82,2174
07/21/1994,91.53,91.60,91.53,91.56,46,2221
07/22/1994,91.55,91.56,91.55,91.56,111,2193
07/25/1994,91.55,91.60,91.54,91.59,61,2215
07/26/1994,91.61,91.61,91.58,91.60,24,2239
07/27/1994,91.59,91.60,91.53,91.54,75,2294
07/28/1994,91.53,91.60,91.52,91.60,129,2244
07/29/1994,91.57,91.77,91.57,91.77,15,2254
08/01/1994,91.77,91.77,91.71,91.75,95,2292
08/02/1994,91.80,91.81,91.79,91.79,86,2294
08/03/1994,91.76,91.77,91.76,91.77,25,2294
08/04/1994,91.77,91.77,91.71,91.74,135,2365
08/05/1994,91.61,91.61,91.61,91.61,22,2373
08/08/1994,91.62,91.62,91.62,91.62,0,2373
08/09/1994,91.57,91.60,91.55,91.56,42,2389
08/10/1994,91.52,91.56,91.52,91.55,70,2448
08/11/1994,91.51,91.51,91.48,91.48,181,2532
08/12/1994,91.52,91.58,91.52,91.56,160,2580
08/15/1994,91.56,91.56,91.56,91.56,40,2580
08/16/1994,91.60,91.71,91.60,91.69,0,2580
08/17/1994,91.79,91.79,91.72,91.73,105,2574
08/18/1994,91.65,91.66,91.64,91.64,75,2639
08/19/1994,91.64,91.66,91.64,91.66,0,2639
08/22/1994,91.58,91.58,91.58,91.58,0,2639
08/23/1994,91.62,91.62,91.61,91.61,5,2644
08/24/1994,91.62,91.68,91.62,91.68,57,2609
08/25/1994,91.68,91.69,91.66,91.66,56,2623
08/26/1994,91.72,91.72,91.72,91.72,0,2623
08/29/1994,91.73,91.73,91.73,91.73,4,2623
08/30/1994,91.76,91.76,91.74,91.74,30,2651
08/31/1994,91.72,91.75,91.72,91.75,75,2702
09/01/1994,91.75,91.75,91.72,91.74,52,2754
09/02/1994,91.72,91.72,91.72,91.72,262,2690
09/06/1994,91.70,91.70,91.64,91.64,15,2690
09/07/1994,91.63,91.63,91.60,91.60,9,2692
09/08/1994,91.62,91.62,91.59,91.61,157,2762
09/09/1994,91.49,91.49,91.46,91.46,26,2760
09/12/1994,91.45,91.46,91.42,91.45,140,2836
09/13/1994,91.43,91.49,91.43,91.47,90,2830
09/14/1994,91.48,91.50,91.48,91.49,110,2938
09/15/1994,91.56,91.56,91.54,91.54,236,3122
09/16/1994,91.44,91.44,91.37,91.38,357,3400
09/19/1994,91.40,91.40,91.40,91.40,90,3449
09/20/1994,91.34,91.36,91.34,91.35,130,3513
09/21/1994,91.35,91.37,91.33,91.33,55,3508
09/22/1994,91.37,91.38,91.37,91.37,210,3593
09/23/1994,91.35,91.38,91.34,91.34,337,3828
09/26/1994,91.35,91.37,91.31,91.32,306,4028
09/27/1994,91.31,91.31,91.26,91.27,390,4318
09/28/1994,91.32,91.32,91.30,91.30,33,4348
09/29/1994,91.30,91.31,91.22,91.23,225,4398
09/30/1994,91.28,91.31,91.26,91.29,103,4480
10/03/1994,91.29,91.30,91.26,91.27,193,4536
10/04/1994,91.30,91.32,91.25,91.25,9,4536
10/05/1994,91.25,91.25,91.16,91.16,68,4546
10/06/1994,91.17,91.17,91.15,91.16,328,4544
10/07/1994,91.14,91.21,91.13,91.20,151,4609
10/10/1994,91.20,91.20,91.20,91.20,122,4649
10/11/1994,91.24,91.28,91.24,91.27,18,4667
10/12/1994,91.27,91.28,91.27,91.27,79,4689
10/13/1994,91.25,91.37,91.25,91.33,366,4965
10/14/1994,91.33,91.37,91.32,91.34,414,5055
10/17/1994,91.32,91.32,91.32,91.32,14,5062
10/18/1994,91.35,91.35,91.32,91.33,41,5081
10/19/1994,91.30,91.31,91.29,91.29,130,4999
10/20/1994,91.28,91.28,91.19,91.19,114,5040
10/21/1994,91.21,91.21,91.17,91.19,80,5050
10/24/1994,91.17,91.17,91.16,91.16,10,5045
10/25/1994,91.15,91.18,91.12,91.12,98,5048
10/26/1994,91.14,91.14,91.11,91.11,87,5040
10/27/1994,91.13,91.13,91.11,91.11,28,5048
10/28/1994,91.14,91.17,91.14,91.17,165,5083
10/31/1994,91.17,91.18,91.16,91.18,20,5083
11/01/1994,91.16,91.16,91.08,91.09,11,5078
11/02/1994,91.11,91.11,91.06,91.06,219,5075
11/03/1994,91.07,91.10,91.04,91.04,7,5073
11/04/1994,91.04,91.04,91.00,91.00,216,5208
11/07/1994,91.01,91.01,90.98,90.98,50,5208
11/08/1994,91.01,91.03,91.01,91.03,62,5226
11/09/1994,91.10,91.13,91.10,91.13,120,5320
11/10/1994,91.12,91.20,91.10,91.10,238,5419
11/11/1994,91.04,91.04,91.04,91.04,0,5291
11/14/1994,91.08,91.14,91.08,91.13,50,5336
11/15/1994,91.15,91.18,91.15,91.15,115,5394
11/16/1994,91.19,91.20,91.12,91.12,264,5289
11/17/1994,91.10,91.13,91.06,91.08,37,5304
11/18/1994,91.09,91.14,91.09,91.13,33,5286
11/21/1994,91.13,91.17,91.13,91.17,102,5386
11/22/1994,91.22,91.23,91.21,91.21,35,5403
11/23/1994,91.31,91.40,91.31,91.40,229,5478
11/25/1994,91.45,91.45,91.39,91.45,43,5488
11/28/1994,91.41,91.42,91.39,91.41,138,5595
11/29/1994,91.40,91.43,91.37,91.39,92,5545
11/30/1994,91.40,91.46,91.40,91.46,230,5536
12/01/1994,91.48,91.49,91.36,91.40,555,5416
12/02/1994,91.37,91.60,91.36,91.59,153,5456
12/05/1994,91.56,91.63,91.55,91.63,557,5725
12/06/1994,91.68,91.78,91.68,91.76,337,5654
12/07/1994,91.62,91.62,91.59,91.60,141,5699
12/08/1994,91.56,91.58,91.56,91.57,370,5564
12/09/1994,91.62,91.70,91.62,91.70,204,5422
12/12/1994,91.68,91.68,91.64,91.65,114,5334
12/13/1994,91.66,91.68,91.66,91.68,20,5333
12/14/1994,91.82,91.82,91.75,91.77,100,5362
12/15/1994,91.77,91.79,91.64,91.65,428,5327
12/16/1994,91.63,91.65,91.60,91.65,112,5270
12/19/1994,91.65,91.65,91.63,91.63,299,5177
12/20/1994,91.66,91.69,91.66,91.66,247,5238
12/21/1994,91.72,91.75,91.70,91.70,372,5347
12/22/1994,91.70,91.70,91.63,91.64,692,5486
12/23/1994,91.65,91.65,91.65,91.65,42,5503
12/27/1994,91.71,91.76,91.71,91.76,31,5490
12/28/1994,91.77,91.82,91.77,91.80,266,5477
12/29/1994,91.84,91.84,91.80,91.80,140,5529
12/30/1994,91.81,91.81,91.75,91.75,221,5559
01/03/1995,91.75,91.75,91.71,91.71,34,5548
01/04/1995,91.66,91.66,91.64,91.64,105,5543
01/05/1995,91.60,91.60,91.56,91.56,585,5949
01/06/1995,91.48,91.59,91.48,91.55,197,6107
01/09/1995,91.56,91.59,91.55,91.57,217,5963
01/10/1995,91.58,91.68,91.58,91.66,137,5986
01/11/1995,91.69,91.70,91.68,91.69,120,5911
01/12/1995,91.69,91.70,91.65,91.66,356,6124
01/13/1995,91.69,91.73,91.69,91.70,229,6289
01/16/1995,91.72,91.72,91.68,91.68,71,6310
01/17/1995,91.70,91.70,91.67,91.67,72,6326
01/18/1995,91.67,91.71,91.67,91.69,135,6291
01/19/1995,91.70,91.70,91.68,91.68,40,6321
01/20/1995,91.67,91.67,91.60,91.60,80,6338
01/23/1995,91.58,91.59,91.50,91.50,180,6488
01/24/1995,91.51,91.55,91.51,91.51,110,6468
01/25/1995,91.53,91.54,91.53,91.53,2,6468
01/26/1995,91.57,91.57,91.53,91.55,145,6588
01/27/1995,91.60,91.66,91.60,91.63,185,6563
01/30/1995,91.66,91.68,91.66,91.66,855,6058
01/31/1995,91.67,91.74,91.67,91.71,266,5818
02/01/1995,91.75,91.77,91.68,91.68,151,5939
02/02/1995,91.71,91.74,91.71,91.73,116,5909
02/03/1995,91.85,91.89,91.77,91.89,177,5961
02/06/1995,91.90,91.90,91.83,91.83,133,5970
02/07/1995,91.85,91.87,91.85,91.86,140,5999
02/08/1995,91.88,91.88,91.84,91.84,230,6047
02/09/1995,91.85,91.85,91.78,91.78,60,6064
02/10/1995,91.76,91.78,91.76,91.76,334,6250
02/13/1995,91.76,91.81,91.76,91.79,298,6252
02/14/1995,91.83,91.86,91.83,91.85,437,6432
02/15/1995,91.88,91.98,91.85,91.90,357,6601
02/16/1995,91.91,91.96,91.91,91.96,154,6644
02/17/1995,91.93,91.95,91.89,91.93,48,6662
02/21/1995,91.96,91.96,91.92,91.92,141,6644
02/22/1995,91.92,91.96,91.88,91.95,67,6643
02/23/1995,92.00,92.05,91.94,91.94,76,6655
02/24/1995,91.96,91.99,91.89,91.99,223,6684
02/27/1995,91.97,92.09,91.97,92.01,277,6836
02/28/1995,92.04,92.06,91.99,92.04,552,6721
03/01/1995,92.04,92.09,92.04,92.05,123,6710
03/02/1995,92.03,92.04,91.99,92.00,231,6783
03/03/1995,91.96,91.96,91.90,91.94,99,6743
03/06/1995,91.85,91.90,91.85,91.90,69,6748
03/07/1995,91.87,91.91,91.85,91.86,194,6708
03/08/1995,91.91,91.91,91.87,91.90,10,6713
03/09/1995,91.94,91.99,91.94,91.95,34,6729
03/10/1995,92.03,92.04,92.01,92.01,165,6821
03/13/1995,92.05,92.07,92.04,92.05,180,6851
03/14/1995,92.12,92.14,92.12,92.12,65,6795
03/15/1995,92.12,92.13,92.08,92.13,61,6780
03/16/1995,92.15,92.20,92.15,92.18,223,6785
03/17/1995,92.08,92.10,92.05,92.08,24,6773
03/20/1995,92.05,92.09,92.05,92.05,144,6759
03/21/1995,92.04,92.06,92.01,92.01,60,6766
03/22/1995,91.99,91.99,91.91,91.94,78,6745
03/23/1995,91.94,91.94,91.90,91.91,271,6861
03/24/1995,91.97,92.03,91.97,92.02,79,6861
03/27/1995,92.05,92.06,92.04,92.06,122,6881
03/28/1995,92.04,92.07,92.00,92.00,190,6901
03/29/1995,92.00,92.07,92.00,92.01,72,6954
03/30/1995,92.04,92.06,92.00,92.00,110,6847
03/31/1995,91.96,92.00,91.94,91.98,103,6792
04/03/1995,92.07,92.10,92.06,92.10,41,6762
04/04/1995,92.14,92.15,92.08,92.09,298,6849
04/05/1995,92.08,92.09,92.04,92.04,426,6964
04/06/1995,92.05,92.08,92.04,92.04,501,6852
04/07/1995,92.07,92.08,91.97,91.97,203,6856
04/10/1995,91.95,91.97,91.93,91.95,279,6875
04/11/1995,92.00,92.00,91.95,91.95,639,7074
04/12/1995,91.97,92.00,91.97,91.99,830,7434
04/13/1995,92.02,92.08,92.02,92.07,1215,8434
04/17/1995,92.13,92.13,92.07,92.07,105,8524
04/18/1995,92.09,92.10,92.05,92.05,168,8550
04/19/1995,92.03,92.03,91.98,91.99,191,8553
04/20/1995,92.03,92.06,92.01,92.02,171,8482
04/21/1995,92.03,92.03,92.00,92.01,105,8482
04/24/1995,91.99,92.02,91.99,92.02,46,8444
04/25/1995,92.03,92.04,92.01,92.03,105,8403
04/26/1995,92.03,92.06,92.02,92.05,72,8358
04/27/1995,92.06,92.09,92.06,92.06,132,8313
04/28/1995,92.07,92.07,92.01,92.04,404,8074
05/01/1995,92.04,92.07,92.03,92.05,243,7921
05/02/1995,92.09,92.12,92.09,92.12,182,7947
05/03/1995,92.14,92.17,92.13,92.17,62,7994
05/04/1995,92.19,92.30,92.19,92.28,97,8008
05/05/1995,92.30,92.48,92.30,92.45,136,8034
05/08/1995,92.45,92.45,92.39,92.41,291,7918
05/09/1995,92.47,92.61,92.47,92.50,271,8170
05/10/1995,92.61,92.65,92.43,92.43,134,8154
05/11/1995,92.41,92.46,92.41,92.44,153,8129
05/12/1995,92.39,92.44,92.38,92.41,68,8170
05/15/1995,92.46,92.46,92.45,92.46,30,8170
05/16/1995,92.53,92.57,92.49,92.53,75,8200
05/17/1995,92.59,92.61,92.58,92.58,43,8208
05/18/1995,92.53,92.55,92.50,92.51,55,8198
05/19/1995,92.53,92.53,92.51,92.51,42,8228
05/22/1995,92.49,92.49,92.49,92.49,32,8244
05/23/1995,92.56,92.56,92.52,92.53,115,8229
05/24/1995,92.65,92.65,92.62,92.64,103,8223
05/25/1995,92.71,92.75,92.66,92.69,61,8202
05/26/1995,92.69,92.71,92.69,92.70,80,8145
05/30/1995,92.74,92.77,92.70,92.76,215,8156
05/31/1995,92.75,92.79,92.73,92.75,137,8106
06/01/1995,92.75,92.86,92.75,92.85,195,8096
06/02/1995,92.84,93.05,92.84,92.86,105,8136
06/05/1995,92.89,92.89,92.85,92.86,83,8165
06/06/1995,92.79,92.88,92.78,92.85,196,8121
06/07/1995,92.85,92.87,92.80,92.80,190,8080
06/08/1995,92.82,92.84,92.82,92.82,124,7864
06/09/1995,92.80,92.80,92.70,92.72,348,7799
06/12/1995,92.78,92.78,92.69,92.71,294,7784
06/13/1995,92.82,92.86,92.81,92.84,81,7758
06/14/1995,92.81,92.84,92.81,92.81,146,7866
06/15/1995,92.82,92.84,92.73,92.78,96,7834
06/16/1995,92.73,92.76,92.73,92.76,18,7841
06/19/1995,92.80,92.83,92.79,92.83,259,7775
06/20/1995,92.83,92.85,92.83,92.85,21,7765
06/21/1995,92.90,92.90,92.87,92.88,170,7622
06/22/1995,92.93,93.01,92.93,93.00,49,7629
06/23/1995,92.96,93.01,92.96,92.98,52,7592
06/26/1995,92.96,92.96,92.94,92.94,38,7570
06/27/1995,92.98,92.98,92.91,92.91,79,7592
06/28/1995,92.92,92.97,92.92,92.97,9,7583
06/29/1995,92.95,92.95,92.83,92.85,47,7563
06/30/1995,92.88,92.92,92.83,92.83,30,7543
07/03/1995,92.83,92.87,92.83,92.84,8,7538
07/05/1995,92.90,92.91,92.89,92.90,722,8357
07/06/1995,92.90,93.02,92.89,93.02,341,8422
07/07/1995,93.04,93.10,93.04,93.06,98,8142
07/10/1995,93.09,93.10,93.07,93.07,184,8226
07/11/1995,93.05,93.05,93.02,93.02,125,8293
07/12/1995,93.01,93.03,93.00,93.03,91,8293
07/13/1995,93.05,93.06,93.01,93.01,123,8270
07/14/1995,92.95,92.97,92.94,92.97,78,8298
07/17/1995,92.96,92.96,92.93,92.93,150,8150
07/18/1995,92.91,92.94,92.86,92.87,223,8125
07/19/1995,92.85,92.89,92.67,92.69,91,8158
07/20/1995,92.72,92.72,92.61,92.66,45,8133
07/21/1995,92.60,92.68,92.56,92.56,363,8126
07/24/1995,92.56,92.62,92.56,92.61,370,8051
07/25/1995,92.58,92.67,92.58,92.65,55,8083
07/26/1995,92.66,92.66,92.59,92.59,1030,7228
07/27/1995,92.62,92.64,92.61,92.64,66,7224
07/28/1995,92.64,92.64,92.59,92.59,6,7224
07/31/1995,92.61,92.66,92.61,92.65,42,7264
08/01/1995,92.65,92.65,92.60,92.60,825,7797
08/02/1995,92.68,92.71,92.68,92.68,1,7824
08/03/1995,92.59,92.59,92.56,92.58,163,7735
08/04/1995,92.53,92.62,92.53,92.60,15,7735
08/07/1995,92.61,92.62,92.60,92.62,84,7707
08/08/1995,92.64,92.67,92.62,92.62,160,7772
08/09/1995,92.58,92.59,92.55,92.57,157,7732
08/10/1995,92.57,92.57,92.53,92.53,152,7689
08/11/1995,92.53,92.56,92.40,92.42,215,7612
08/14/1995,92.42,92.47,92.42,92.43,166,7600
08/15/1995,92.35,92.43,92.35,92.43,145,7620
08/16/1995,92.44,92.53,92.44,92.53,194,7720
08/17/1995,92.55,92.55,92.53,92.54,105,7772
08/18/1995,92.55,92.55,92.54,92.55,71,7775
08/21/1995,92.60,92.62,92.60,92.62,70,7765
08/22/1995,92.61,92.62,92.57,92.57,213,7642
08/23/1995,92.57,92.57,92.56,92.56,188,7562
08/24/1995,92.59,92.63,92.59,92.62,289,7557
08/25/1995,92.65,92.71,92.65,92.68,104,7535
08/28/1995,92.74,92.74,92.72,92.72,62,7513
08/29/1995,92.75,92.75,92.68,92.68,30,7528
08/30/1995,92.75,92.75,92.75,92.75,38,7528
08/31/1995,92.74,92.82,92.74,92.81,129,7472
09/01/1995,92.79,92.87,92.79,92.87,15,7472
09/05/1995,92.93,92.94,92.92,92.92,43,7476
09/06/1995,92.94,92.96,92.94,92.96,104,7449
09/07/1995,92.98,92.98,92.96,92.96,75,7499
09/08/1995,92.98,93.00,92.91,92.92,576,7348
09/11/1995,92.92,92.92,92.92,92.92,125,7273
09/12/1995,92.95,92.99,92.95,92.97,251,7380
09/13/1995,92.96,92.97,92.96,92.96,89,7317
09/14/1995,93.03,93.04,93.03,93.04,25,7292
09/15/1995,93.04,93.04,93.00,93.01,334,7357
09/18/1995,93.01,93.01,92.98,92.98,222,7524
09/19/1995,92.99,93.01,92.99,93.01,116,7510
09/20/1995,93.00,93.03,93.00,93.03,21,7490
09/21/1995,93.00,93.01,92.95,92.97,230,7458
09/22/1995,92.94,92.95,92.92,92.95,130,7422
09/25/1995,92.92,92.96,92.92,92.96,17,7433
09/26/1995,92.97,92.99,92.95,92.95,61,7444
09/27/1995,92.92,92.94,92.91,92.94,125,7461
09/28/1995,92.94,92.95,92.92,92.95,575,7130
09/29/1995,92.98,93.05,92.98,93.05,137,7036
10/02/1995,93.05,93.13,93.05,93.07,37,7051
10/03/1995,93.08,93.12,93.08,93.12,234,7056
10/04/1995,93.15,93.15,93.11,93.15,640,6801
10/05/1995,93.17,93.17,93.16,93.17,207,6796
10/06/1995,93.17,93.17,93.15,93.16,198,6681
10/09/1995,93.13,93.13,93.13,93.13,1,6681
10/10/1995,93.17,93.17,93.15,93.15,14,6690
10/11/1995,93.15,93.16,93.15,93.15,37,6690
10/12/1995,93.18,93.19,93.18,93.19,65,6695
10/13/1995,93.23,93.32,93.23,93.32,48,6663
10/16/1995,93.30,93.33,93.30,93.33,148,6658
10/17/1995,93.38,93.38,93.30,93.31,482,6938
10/18/1995,93.29,93.29,93.27,93.27,50,6938
10/19/1995,93.26,93.27,93.24,93.27,190,6898
10/20/1995,93.22,93.23,93.20,93.21,140,6963
10/23/1995,93.17,93.19,93.17,93.18,494,6853
10/24/1995,93.16,93.24,93.16,93.23,225,6938
10/25/1995,93.25,93.25,93.23,93.23,100,6938
10/26/1995,93.21,93.24,93.18,93.18,314,7026
10/27/1995,93.12,93.18,93.05,93.18,332,7108
10/30/1995,93.20,93.20,93.19,93.19,162,7011
10/31/1995,93.16,93.21,93.16,93.20,347,7262
11/01/1995,93.20,93.30,93.20,93.24,480,7488
11/02/1995,93.21,93.31,93.21,93.27,532,7677
11/03/1995,93.26,93.27,93.25,93.25,159,7769
11/06/1995,93.21,93.25,93.21,93.23,218,7807
11/07/1995,93.21,93.22,93.20,93.20,148,7846
11/08/1995,93.24,93.27,93.24,93.27,75,7847
11/09/1995,93.27,93.27,93.21,93.23,144,7897
11/10/1995,93.18,93.19,93.18,93.19,1030,8731
11/13/1995,93.26,93.26,93.22,93.23,513,8511
11/14/1995,93.24,93.26,93.24,93.24,237,8613
11/15/1995,93.28,93.28,93.20,93.20,437,8607
11/16/1995,93.24,93.30,93.23,93.27,668,8327
11/17/1995,93.27,93.32,93.26,93.26,945,8331
11/20/1995,93.27,93.28,93.23,93.23,448,8254
11/21/1995,93.22,93.23,93.20,93.21,570,8527
11/22/1995,93.22,93.22,93.20,93.20,198,8627
11/24/1995,93.22,93.23,93.20,93.20,100,8627
11/27/1995,93.23,93.25,93.23,93.24,225,8633
11/28/1995,93.25,93.26,93.23,93.26,558,8567
11/29/1995,93.27,93.33,93.27,93.32,394,8647
11/30/1995,93.39,93.45,93.39,93.44,627,8483
12/01/1995,93.46,93.52,93.46,93.51,833,8456
12/04/1995,93.59,93.65,93.59,93.65,489,8545
12/05/1995,93.63,93.65,93.62,93.63,752,8524
12/06/1995,93.63,93.68,93.61,93.61,613,8462
12/07/1995,93.58,93.59,93.55,93.57,133,8550
12/08/1995,93.61,93.63,93.53,93.53,17,8558
12/11/1995,93.55,93.56,93.55,93.55,73,8554
12/12/1995,93.55,93.55,93.51,93.52,292,8331
12/13/1995,93.52,93.52,93.48,93.50,184,8248
12/14/1995,93.50,93.52,93.49,93.50,99,8494
12/15/1995,93.52,93.52,93.45,93.46,322,8519
12/18/1995,93.43,93.43,93.32,93.33,299,8352
12/19/1995,93.35,93.42,93.35,93.42,113,8278
12/20/1995,93.48,93.48,93.44,93.44,22,8277
12/21/1995,93.44,93.44,93.42,93.44,33,8254
12/22/1995,93.54,93.55,93.54,93.54,83,8299
12/26/1995,93.55,93.56,93.55,93.56,4,8312
12/27/1995,93.58,93.63,93.58,93.61,127,8271
12/28/1995,93.64,93.64,93.63,93.64,199,8308
12/29/1995,93.67,93.67,93.64,93.67,24,8344
01/02/1996,93.65,93.66,93.64,93.66,205,8291
01/03/1996,93.69,93.70,93.66,93.67,70,8280
01/04/1996,93.69,93.70,93.65,93.65,435,8183
01/05/1996,93.60,93.60,93.55,93.56,144,8315
01/08/1996,93.57,93.57,93.55,93.56,143,8231
01/09/1996,93.54,93.56,93.52,93.55,195,8148
01/10/1996,93.47,93.47,93.38,93.38,376,8240
01/11/1996,93.39,93.43,93.39,93.43,490,8182
01/12/1996,93.46,93.46,93.42,93.43,270,8072
01/15/1996,93.44,93.44,93.44,93.44,35,8072
01/16/1996,93.47,93.49,93.45,93.47,448,7973
01/17/1996,93.52,93.58,93.49,93.57,266,7985
01/18/1996,93.64,93.66,93.63,93.66,124,7920
01/19/1996,93.65,93.68,93.60,93.65,280,7764
01/22/1996,93.61,93.61,93.56,93.56,264,7721
01/23/1996,93.52,93.54,93.52,93.52,72,7731
01/24/1996,93.54,93.56,93.54,93.55,82,7727
01/25/1996,93.51,93.55,93.45,93.45,112,7741
01/26/1996,93.39,93.53,93.39,93.51,208,7815
01/29/1996,93.54,93.54,93.49,93.50,128,7825
01/30/1996,93.52,93.57,93.52,93.55,155,7865
01/31/1996,93.58,93.59,93.56,93.59,451,7719
02/01/1996,93.56,93.59,93.54,93.54,905,7540
02/02/1996,93.54,93.55,93.47,93.47,120,7477
02/05/1996,93.42,93.44,93.42,93.44,46,7502
02/06/1996,93.45,93.46,93.44,93.45,643,7332
02/07/1996,93.50,93.50,93.42,93.42,958,6978
02/08/1996,93.39,93.41,93.39,93.39,538,7072
02/09/1996,93.39,93.42,93.38,93.39,200,7056
02/12/1996,93.43,93.47,93.42,93.46,21,7075
02/13/1996,93.49,93.53,93.49,93.51,510,7052
02/14/1996,93.48,93.49,93.48,93.48,292,7116
02/15/1996,93.47,93.47,93.39,93.39,81,7152
02/16/1996,93.37,93.37,93.34,93.34,143,7125
02/20/1996,93.20,93.21,93.09,93.09,202,7129
02/21/1996,93.15,93.23,93.11,93.13,142,7133
02/22/1996,93.20,93.20,93.20,93.20,45,7120
02/23/1996,93.24,93.28,93.14,93.15,180,7080
02/26/1996,93.14,93.15,93.11,93.14,191,7101
02/27/1996,93.13,93.13,93.08,93.08,179,7106
02/28/1996,93.09,93.16,93.09,93.13,290,7118
02/29/1996,93.12,93.14,93.07,93.11,334,7023
03/01/1996,93.17,93.21,93.16,93.19,189,7009
03/04/1996,93.20,93.27,93.20,93.27,25,7009
03/05/1996,93.21,93.21,93.21,93.21,31,6994
03/06/1996,93.15,93.15,93.13,93.13,120,6887
03/07/1996,93.09,93.10,93.09,93.10,44,6912
03/08/1996,92.90,92.90,92.78,92.81,75,6888
03/11/1996,92.83,92.90,92.82,92.90,285,6843
03/12/1996,92.86,92.86,92.81,92.83,231,6821
03/13/1996,92.86,92.88,92.83,92.84,176,6680
03/14/1996,92.84,92.86,92.84,92.84,112,6670
03/15/1996,92.80,92.80,92.74,92.75,63,6692
03/18/1996,92.83,92.83,92.77,92.79,195,6717
03/19/1996,92.82,92.84,92.82,92.82,262,6619
03/20/1996,92.86,92.89,92.86,92.89,199,6618
03/21/1996,92.89,92.92,92.88,92.92,167,6718
03/22/1996,92.93,92.93,92.90,92.90,20,6718
03/25/1996,92.96,92.96,92.96,92.96,35,6713
03/26/1996,92.95,92.97,92.93,92.97,248,6746
03/27/1996,92.97,92.97,92.93,92.93,68,6747
03/28/1996,92.86,92.86,92.80,92.80,185,6657
03/29/1996,92.85,92.85,92.83,92.83,191,6567
04/01/1996,92.82,92.85,92.82,92.84,80,6547
04/02/1996,92.90,92.90,92.88,92.88,104,6576
04/03/1996,92.87,92.89,92.87,92.88,67,6568
04/04/1996,92.85,92.85,92.83,92.83,77,6563
04/05/1996,92.59,92.59,92.59,92.59,1,6563
04/08/1996,92.54,92.54,92.51,92.51,79,6549
04/09/1996,92.56,92.60,92.55,92.60,101,6544
04/10/1996,92.57,92.59,92.54,92.54,396,6447
04/11/1996,92.51,92.55,92.46,92.46,31,6443
04/12/1996,92.60,92.64,92.59,92.64,325,6501
04/15/1996,92.66,92.70,92.66,92.70,26,6500
04/16/1996,92.64,92.70,92.64,92.69,247,6465
04/17/1996,92.66,92.68,92.64,92.66,282,6350
04/18/1996,92.68,92.68,92.56,92.56,133,6314
04/19/1996,92.59,92.61,92.59,92.61,204,6122
04/22/1996,92.68,92.68,92.66,92.66,1,6122
04/23/1996,92.64,92.67,92.64,92.67,110,6170
04/24/1996,92.66,92.67,92.62,92.62,288,5960
04/25/1996,92.62,92.64,92.62,92.64,110,5981
04/26/1996,92.69,92.69,92.69,92.69,140,6106
04/29/1996,92.66,92.67,92.65,92.65,281,6217
04/30/1996,92.63,92.63,92.57,92.58,130,6162
05/01/1996,92.58,92.59,92.58,92.59,136,6187
05/02/1996,92.60,92.60,92.38,92.39,267,6089
05/03/1996,92.33,92.42,92.33,92.34,345,6059
05/06/1996,92.36,92.37,92.36,92.36,130,5974
05/07/1996,92.36,92.37,92.35,92.36,151,5935
05/08/1996,92.34,92.39,92.34,92.39,153,5879
05/09/1996,92.40,92.42,92.40,92.40,90,6119
05/10/1996,92.51,92.51,92.49,92.49,172,6076
05/13/1996,92.50,92.50,92.47,92.49,64,6061
05/14/1996,92.57,92.58,92.56,92.56,277,6103
05/15/1996,92.62,92.62,92.59,92.59,25,6118
05/16/1996,92.54,92.56,92.54,92.56,688,5819
05/17/1996,92.56,92.62,92.56,92.60,197,5782
05/20/1996,92.65,92.65,92.65,92.65,43,5820
05/21/1996,92.67,92.67,92.64,92.64,242,5657
05/22/1996,92.61,92.67,92.60,92.67,170,5602
05/23/1996,92.67,92.67,92.63,92.63,95,5578
05/24/1996,92.65,92.65,92.65,92.65,5,5583
05/28/1996,92.67,92.67,92.63,92.64,217,5613
05/29/1996,92.64,92.64,92.52,92.52,174,5616
05/30/1996,92.52,92.52,92.48,92.51,276,5585
05/31/1996,92.49,92.49,92.45,92.45,292,5526
06/03/1996,92.44,92.46,92.44,92.46,121,5583
06/04/1996,92.50,92.51,92.47,92.47,340,5405
06/05/1996,92.50,92.51,92.48,92.51,63,5369
06/06/1996,92.60,92.60,92.56,92.58,145,5405
06/07/1996,92.57,92.57,92.38,92.41,304,5368
06/10/1996,92.41,92.43,92.39,92.40,151,5356
06/11/1996,92.39,92.39,92.37,92.37,1619,6724
06/12/1996,92.36,92.38,92.33,92.33,81,6704
06/13/1996,92.31,92.32,92.28,92.31,138,6806
06/14/1996,92.34,92.37,92.34,92.37,49,6831
06/17/1996,92.39,92.42,92.37,92.42,204,6804
06/18/1996,92.40,92.45,92.40,92.41,80,6816
06/19/1996,92.41,92.42,92.38,92.40,256,6933
06/20/1996,92.40,92.41,92.39,92.40,43,6938
06/21/1996,92.41,92.43,92.41,92.43,76,6953
06/24/1996,92.44,92.44,92.42,92.43,39,6990
06/25/1996,92.44,92.47,92.44,92.47,176,6891
06/26/1996,92.48,92.49,92.47,92.49,151,6843
06/27/1996,92.48,92.56,92.47,92.56,88,6878
06/28/1996,92.58,92.65,92.58,92.64,361,7049
07/01/1996,92.63,92.64,92.63,92.64,50,7071
07/02/1996,92.62,92.63,92.62,92.62,130,7085
07/03/1996,92.62,92.64,92.62,92.64,225,7055
07/05/1996,92.39,92.39,92.35,92.36,200,6960
07/08/1996,92.29,92.37,92.29,92.35,205,7070
07/09/1996,92.35,92.38,92.35,92.38,45,7070
07/10/1996,92.41,92.43,92.40,92.43,7,7074
07/11/1996,92.40,92.49,92.40,92.44,283,7023
07/12/1996,92.45,92.53,92.45,92.50,103,7003
07/15/1996,92.52,92.52,92.50,92.50,87,7020
07/16/1996,92.49,92.56,92.49,92.56,116,7045
07/17/1996,92.54,92.55,92.53,92.55,119,7020
07/18/1996,92.55,92.67,92.53,92.66,253,6889
07/19/1996,92.62,92.62,92.58,92.58,30,6879
07/22/1996,92.54,92.58,92.52,92.52,118,6906
07/23/1996,92.51,92.54,92.50,92.54,109,7015
07/24/1996,92.59,92.59,92.48,92.48,297,7245
07/25/1996,92.47,92.53,92.47,92.48,130,7312
07/26/1996,92.52,92.52,92.51,92.51,70,7312
07/29/1996,92.48,92.49,92.45,92.45,150,7287
07/30/1996,92.49,92.49,92.49,92.49,73,7269
07/31/1996,92.49,92.58,92.49,92.58,56,7273
08/01/1996,92.61,92.78,92.60,92.73,127,7261
08/02/1996,92.73,92.85,92.73,92.85,170,7223
08/05/1996,92.83,92.83,92.82,92.82,300,7151
08/06/1996,92.80,92.84,92.80,92.80,242,7228
08/07/1996,92.84,92.84,92.80,92.80,304,7446
08/08/1996,92.84,92.84,92.80,92.80,146,7505
08/09/1996,92.83,92.90,92.83,92.88,200,7445
08/12/1996,92.91,92.91,92.90,92.90,435,7593
08/13/1996,92.88,92.88,92.81,92.81,218,7549
08/14/1996,92.80,92.80,92.78,92.78,156,7478
08/15/1996,92.75,92.76,92.73,92.74,241,7390
08/16/1996,92.80,92.80,92.80,92.80,52,7390
08/19/1996,92.78,92.79,92.76,92.78,231,7425
08/20/1996,92.78,92.78,92.76,92.76,38,7434
08/21/1996,92.75,92.75,92.73,92.73,434,7437
08/22/1996,92.73,92.73,92.73,92.73,7,7435
08/23/1996,92.69,92.69,92.64,92.64,266,7324
08/26/1996,92.57,92.57,92.57,92.57,15,7324
08/27/1996,92.64,92.64,92.60,92.60,28,7339
08/28/1996,92.58,92.58,92.58,92.58,1,7339
08/29/1996,92.53,92.53,92.53,92.53,96,7394
08/30/1996,92.52,92.52,92.41,92.41,146,7450
09/03/1996,92.40,92.46,92.40,92.46,22,7452
09/04/1996,92.47,92.47,92.43,92.45,95,7425
09/05/1996,92.42,92.45,92.41,92.41,315,7258
09/06/1996,92.37,92.50,92.37,92.44,250,7325
09/09/1996,92.46,92.47,92.45,92.47,99,7318
09/10/1996,92.49,92.49,92.45,92.45,224,7336
09/11/1996,92.42,92.45,92.41,92.45,2706,7316
09/12/1996,92.49,92.50,92.48,92.50,175,7291
09/13/1996,92.58,92.64,92.58,92.63,101,7325
09/16/1996,92.63,92.65,92.63,92.65,341,7520
09/17/1996,92.63,92.64,92.59,92.59,750,7724
09/18/1996,92.58,92.59,92.55,92.57,750,8138
09/19/1996,92.53,92.55,92.53,92.55,301,8277
09/20/1996,92.55,92.60,92.55,92.56,871,8549
09/23/1996,92.53,92.58,92.53,92.58,667,8509
09/24/1996,92.59,92.66,92.57,92.64,1701,9213
09/25/1996,92.63,92.69,92.63,92.68,1437,9761
09/26/1996,92.68,92.74,92.68,92.72,1130,10243
09/27/1996,92.75,92.76,92.71,92.72,757,9901
09/30/1996,92.74,92.75,92.69,92.70,1090,9946
10/01/1996,92.70,92.78,92.69,92.77,667,10185
10/02/1996,92.78,92.81,92.77,92.80,1016,10372
10/03/1996,92.82,92.82,92.80,92.81,1123,10206
10/04/1996,92.83,92.96,92.82,92.93,1306,10244
10/07/1996,92.91,92.91,92.88,92.88,2197,10763
10/08/1996,92.88,92.88,92.87,92.87,782,11059
10/09/1996,92.88,92.88,92.82,92.82,902,11351
10/10/1996,92.82,92.82,92.77,92.78,842,11093
10/11/1996,92.85,92.85,92.83,92.84,603,11240
10/14/1996,92.83,92.83,92.83,92.83,100,11244
10/15/1996,92.86,92.87,92.82,92.83,214,11194
10/16/1996,92.82,92.84,92.78,92.81,960,11393
10/17/1996,92.83,92.87,92.83,92.87,568,11302
10/18/1996,92.90,92.93,92.90,92.92,1129,11297
10/21/1996,92.92,92.93,92.91,92.92,1258,11643
10/22/1996,92.90,92.92,92.90,92.90,855,12021
10/23/1996,92.88,92.90,92.86,92.89,1663,11930
10/24/1996,92.90,92.90,92.86,92.87,1046,12315
10/25/1996,92.87,92.91,92.86,92.90,1548,12196
10/28/1996,92.92,92.92,92.89,92.90,902,12813
10/29/1996,92.89,93.06,92.89,93.05,1700,12623
10/30/1996,93.09,93.12,93.04,93.06,801,12777
10/31/1996,93.06,93.11,93.06,93.10,1362,12362
11/01/1996,93.14,93.17,93.10,93.10,1200,12843
11/04/1996,93.09,93.11,93.09,93.10,562,12911
11/05/1996,93.12,93.18,93.12,93.17,1599,12874
11/06/1996,93.21,93.22,93.18,93.18,1262,13230
11/07/1996,93.14,93.20,93.13,93.20,1155,13302
11/08/1996,93.21,93.22,93.18,93.21,2475,14510
11/11/1996,93.22,93.22,93.21,93.21,84,14553
11/12/1996,93.24,93.30,93.24,93.29,206,14576
11/13/1996,93.30,93.31,93.25,93.29,1449,14295
11/14/1996,93.28,93.34,93.26,93.34,1752,14103
11/15/1996,93.33,93.36,93.32,93.32,1507,13792
11/18/1996,93.33,93.33,93.29,93.29,600,13882
11/19/1996,93.31,93.34,93.31,93.33,632,13990
11/20/1996,93.31,93.38,93.30,93.37,1548,14515
11/21/1996,93.38,93.42,93.38,93.40,1311,14571
11/22/1996,93.38,93.40,93.38,93.39,754,14344
11/25/1996,93.37,93.41,93.37,93.40,698,14524
11/26/1996,93.41,93.47,93.40,93.40,1427,14672
11/27/1996,93.43,93.44,93.39,93.40,358,14710
11/29/1996,93.43,93.50,93.43,93.49,1230,14802
12/02/1996,93.46,93.48,93.45,93.48,795,14690
12/03/1996,93.50,93.53,93.48,93.49,2043,14604
12/04/1996,93.48,93.48,93.41,93.42,739,14592
12/05/1996,93.42,93.42,93.28,93.29,1217,14422
12/06/1996,93.15,93.26,93.15,93.25,1198,14625
12/09/1996,93.29,93.32,93.29,93.31,961,15031
12/10/1996,93.30,93.30,93.27,93.29,744,14980
12/11/1996,93.23,93.23,93.12,93.13,1288,14993
12/12/1996,93.14,93.16,93.05,93.07,1613,14448
12/13/1996,93.08,93.16,93.06,93.15,1668,13639
12/16/1996,93.16,93.16,93.09,93.10,2066,13555
12/17/1996,93.02,93.06,93.02,93.06,612,13550
12/18/1996,93.04,93.08,93.04,93.04,1086,14044
12/19/1996,93.03,93.13,93.02,93.13,1602,13810
12/20/1996,93.17,93.20,93.12,93.14,763,14070
12/23/1996,93.11,93.16,93.11,93.14,242,14094
12/24/1996,93.13,93.14,93.13,93.14,50,14099
12/26/1996,93.14,93.15,93.14,93.14,85,14134
12/27/1996,93.16,93.18,93.16,93.17,251,14046
12/30/1996,93.20,93.20,93.17,93.17,171,13992
12/31/1996,93.16,93.16,93.03,93.03,295,14143
01/02/1997,93.02,93.07,92.91,92.93,816,14156
01/03/1997,92.97,92.98,92.94,92.94,548,14229
01/06/1997,92.93,92.97,92.93,92.95,948,14396
01/07/1997,92.96,92.97,92.89,92.90,1446,14115
01/08/1997,92.93,92.94,92.88,92.88,1032,14062
01/09/1997,92.87,92.96,92.87,92.95,1407,13989
01/10/1997,92.88,92.88,92.80,92.84,847,14336
01/13/1997,92.86,92.88,92.84,92.85,1923,14953
01/14/1997,92.89,92.97,92.89,92.97,619,15053
01/15/1997,92.99,93.00,92.95,92.99,820,14475
01/16/1997,93.00,93.02,92.90,92.92,931,14326
01/17/1997,92.95,92.97,92.91,92.96,1199,14227
01/21/1997,92.92,93.00,92.90,92.99,789,14332
01/22/1997,92.97,92.98,92.97,92.97,838,14176
01/23/1997,92.96,92.97,92.92,92.93,508,14296
01/24/1997,92.90,92.90,92.85,92.87,2771,12271
01/27/1997,92.86,92.86,92.83,92.83,861,12456
01/28/1997,92.90,92.95,92.88,92.88,1669,12199
01/29/1997,92.85,92.89,92.84,92.88,751,11963
01/30/1997,92.89,92.92,92.88,92.92,1023,11919
01/31/1997,92.94,93.00,92.94,92.99,749,12189
02/03/1997,92.98,93.09,92.98,93.07,622,12298
02/04/1997,93.05,93.07,93.04,93.07,487,12510
02/05/1997,93.09,93.10,93.06,93.07,786,12742
02/06/1997,93.08,93.08,93.05,93.07,835,12482
02/07/1997,93.08,93.17,93.08,93.13,1054,12208
02/10/1997,93.12,93.14,93.12,93.13,431,12387
02/11/1997,93.13,93.15,93.12,93.13,665,12537
02/12/1997,93.12,93.14,93.12,93.12,1006,12291
02/13/1997,93.13,93.20,93.13,93.20,996,12238
02/14/1997,93.25,93.27,93.23,93.26,426,12216
02/18/1997,93.28,93.29,93.25,93.27,517,12120
02/19/1997,93.27,93.27,93.23,93.24,4524,14952
02/20/1997,93.21,93.21,93.18,93.18,1924,14342
02/21/1997,93.16,93.18,93.15,93.16,1244,14226
02/24/1997,93.11,93.12,93.11,93.11,1410,13768
02/25/1997,93.15,93.15,93.11,93.12,1726,13196
02/26/1997,93.12,93.14,92.93,92.95,2316,13617
02/27/1997,92.98,93.01,92.95,92.95,2784,13890
02/28/1997,92.97,92.99,92.93,92.98,1016,14159
03/03/1997,92.94,92.95,92.93,92.95,1518,14350
03/04/1997,92.98,92.98,92.92,92.93,1266,13864
03/05/1997,92.87,92.92,92.87,92.92,1334,14110
03/06/1997,92.94,92.94,92.87,92.88,1182,14286
03/07/1997,92.90,92.96,92.82,92.94,1007,14316
03/10/1997,92.95,92.96,92.95,92.95,539,14507
03/11/1997,92.95,92.95,92.90,92.94,688,14732
03/12/1997,92.91,92.94,92.91,92.91,1189,14883
03/13/1997,92.90,92.90,92.78,92.78,1982,14291
03/14/1997,92.81,92.83,92.80,92.81,1689,13840
03/17/1997,92.78,92.79,92.75,92.78,1407,13757
03/18/1997,92.75,92.80,92.75,92.79,1388,13830
03/19/1997,92.78,92.79,92.76,92.76,1416,14362
03/20/1997,92.77,92.78,92.71,92.76,1739,14002
03/21/1997,92.78,92.79,92.76,92.78,351,13659
03/24/1997,92.79,92.80,92.79,92.80,462,13779
03/25/1997,92.83,92.85,92.75,92.75,1403,13958
03/26/1997,92.77,92.77,92.71,92.73,552,14174
03/27/1997,92.74,92.75,92.63,92.63,649,14453
03/31/1997,92.62,92.63,92.61,92.61,787,14379
04/01/1997,92.61,92.66,92.61,92.64,729,14119
04/02/1997,92.64,92.67,92.64,92.65,598,14196
04/03/1997,92.64,92.68,92.64,92.67,731,14396
04/04/1997,92.69,92.69,92.59,92.61,1034,14402
04/07/1997,92.65,92.68,92.65,92.66,528,14264
04/08/1997,92.69,92.69,92.63,92.64,980,14413
04/09/1997,92.66,92.67,92.64,92.64,1168,14499
04/10/1997,92.62,92.63,92.61,92.62,802,14428
04/11/1997,92.63,92.64,92.53,92.57,1133,14696
04/14/1997,92.57,92.59,92.57,92.58,907,14896
04/15/1997,92.60,92.71,92.60,92.68,1028,14936
04/16/1997,92.68,92.68,92.62,92.66,691,15070
04/17/1997,92.68,92.73,92.68,92.69,897,14732
04/18/1997,92.70,92.71,92.68,92.69,1217,14810
04/21/1997,92.70,92.71,92.66,92.66,662,14774
04/22/1997,92.65,92.70,92.65,92.70,908,15055
04/23/1997,92.71,92.71,92.66,92.67,1555,15058
04/24/1997,92.67,92.68,92.62,92.63,352,14992
04/25/1997,92.61,92.62,92.60,92.61,384,14984
04/28/1997,92.61,92.63,92.61,92.63,268,14853
04/29/1997,92.62,92.78,92.62,92.78,821,15037
04/30/1997,92.72,92.88,92.72,92.83,974,15060
05/01/1997,92.83,92.89,92.83,92.87,840,15094
05/02/1997,92.89,92.91,92.83,92.86,1016,15209
05/05/1997,92.88,92.88,92.85,92.87,535,15164
05/06/1997,92.86,92.88,92.86,92.88,381,15066
05/07/1997,92.86,92.87,92.83,92.83,1266,15101
05/08/1997,92.78,92.86,92.78,92.85,808,15164
05/09/1997,92.91,92.93,92.86,92.91,1045,15442
05/12/1997,92.92,92.94,92.91,92.94,462,15318
05/13/1997,92.95,92.95,92.88,92.88,1000,15491
05/14/1997,92.90,92.92,92.90,92.91,444,15553
05/15/1997,92.86,92.91,92.86,92.90,593,15524
05/16/1997,92.89,92.89,92.87,92.88,1187,15815
05/19/1997,92.89,92.89,92.87,92.87,672,15824
05/20/1997,92.87,92.90,92.83,92.89,956,16114
05/21/1997,92.92,92.92,92.82,92.84,369,16309
05/22/1997,92.82,92.83,92.79,92.81,525,16440
05/23/1997,92.83,92.83,92.81,92.81,444,16548
05/27/1997,92.77,92.77,92.76,92.76,626,16711
05/28/1997,92.74,92.79,92.73,92.77,1709,15850
05/29/1997,92.78,92.83,92.78,92.82,885,15806
05/30/1997,92.85,92.92,92.84,92.90,1129,15718
06/02/1997,92.94,92.95,92.90,92.93,1070,15746
06/03/1997,92.96,92.99,92.95,92.99,802,15442
06/04/1997,92.98,92.99,92.97,92.98,1211,15503
06/05/1997,92.98,92.98,92.96,92.97,1389,16043
06/06/1997,92.97,93.09,92.91,93.09,1419,16327
06/09/1997,93.06,93.09,93.04,93.06,1531,16501
06/10/1997,93.06,93.07,93.03,93.03,1274,16819
06/11/1997,93.03,93.03,93.01,93.02,1006,16956
06/12/1997,93.02,93.10,93.01,93.10,935,17241
06/13/1997,93.12,93.17,93.12,93.15,1280,17198
06/16/1997,93.16,93.19,93.16,93.18,1199,16921
06/17/1997,93.15,93.16,93.13,93.16,1759,16718
06/18/1997,93.12,93.19,93.12,93.19,1136,16814
06/19/1997,93.19,93.20,93.16,93.19,1565,17248
06/20/1997,93.19,93.22,93.19,93.20,865,17625
06/23/1997,93.19,93.19,93.16,93.17,987,17642
06/24/1997,93.17,93.17,93.15,93.17,1464,17871
06/25/1997,93.14,93.17,93.12,93.13,1807,18527
06/26/1997,93.11,93.11,93.05,93.07,1068,19137
06/27/1997,93.09,93.09,93.08,93.08,1551,18819
06/30/1997,93.09,93.09,93.01,93.04,1220,19006
07/01/1997,93.04,93.12,93.04,93.12,568,19003
07/02/1997,93.15,93.17,93.13,93.16,1254,18470
07/03/1997,93.17,93.30,93.17,93.28,873,18273
07/07/1997,93.30,93.34,93.30,93.32,478,18132
07/08/1997,93.30,93.33,93.30,93.32,1353,18498
07/09/1997,93.33,93.35,93.32,93.34,1567,18825
07/10/1997,93.33,93.34,93.31,93.34,956,19057
07/11/1997,93.32,93.37,93.32,93.35,1687,18680
07/14/1997,93.33,93.35,93.33,93.34,437,18638
07/15/1997,93.30,93.34,93.30,93.34,496,18781
07/16/1997,93.36,93.42,93.35,93.41,349,18699
07/17/1997,93.43,93.44,93.41,93.41,1835,19011
07/18/1997,93.39,93.39,93.35,93.35,1128,19351
07/21/1997,93.32,93.33,93.31,93.32,497,19376
07/22/1997,93.34,93.43,93.33,93.43,421,19418
07/23/1997,93.46,93.47,93.45,93.46,966,19375
07/24/1997,93.45,93.47,93.43,93.45,730,19376
07/25/1997,93.41,93.44,93.39,93.40,852,19640
07/28/1997,93.40,93.42,93.40,93.42,308,19707
07/29/1997,93.45,93.47,93.42,93.46,1410,19303
07/30/1997,93.48,93.53,93.48,93.52,826,19488
07/31/1997,93.52,93.59,93.52,93.58,1349,19192
08/01/1997,93.61,93.61,93.40,93.40,1529,19384
08/04/1997,93.39,93.39,93.34,93.36,1870,19720
08/05/1997,93.34,93.36,93.34,93.35,789,19869
08/06/1997,93.34,93.39,93.34,93.38,959,19708
08/07/1997,93.39,93.42,93.36,93.36,1957,19806
08/08/1997,93.31,93.31,93.21,93.22,2118,19772
08/11/1997,93.24,93.25,93.19,93.23,1915,19615
08/12/1997,93.25,93.26,93.21,93.22,1562,19426
08/13/1997,93.19,93.29,93.18,93.24,1938,19948
08/14/1997,93.28,93.31,93.27,93.30,2453,18963
08/15/1997,93.31,93.32,93.27,93.32,1289,18756
08/18/1997,93.34,93.38,93.34,93.35,859,18889
08/19/1997,93.34,93.38,93.33,93.36,1700,18368
08/20/1997,93.36,93.36,93.33,93.33,721,18560
08/21/1997,93.33,93.33,93.28,93.28,901,18630
08/22/1997,93.24,93.24,93.20,93.21,2189,19745
08/25/1997,93.21,93.21,93.19,93.19,887,19762
08/26/1997,93.17,93.22,93.16,93.21,1367,19561
08/27/1997,93.24,93.24,93.19,93.20,1672,19631
08/28/1997,93.23,93.28,93.23,93.28,1753,19627
08/29/1997,93.30,93.30,93.22,93.24,893,19614
09/02/1997,93.22,93.29,93.22,93.29,1236,20042
09/03/1997,93.31,93.32,93.28,93.28,785,20120
09/04/1997,93.25,93.28,93.25,93.27,1576,20702
09/05/1997,93.27,93.31,93.23,93.25,1150,20749
09/08/1997,93.27,93.27,93.25,93.27,1039,21225
09/09/1997,93.24,93.26,93.24,93.26,984,21333
09/10/1997,93.25,93.25,93.22,93.24,1770,21396
09/11/1997,93.23,93.23,93.20,93.21,1470,21565
09/12/1997,93.26,93.32,93.26,93.31,1359,21518
09/15/1997,93.31,93.33,93.31,93.32,2041,22278
09/16/1997,93.34,93.51,93.34,93.51,2500,22290
09/17/1997,93.56,93.56,93.49,93.51,2344,22186
09/18/1997,93.53,93.54,93.50,93.50,10076,28156
09/19/1997,93.47,93.50,93.47,93.50,2276,28348
09/22/1997,93.52,93.54,93.52,93.53,3229,29923
09/23/1997,93.52,93.52,93.49,93.49,922,29748
09/24/1997,93.48,93.54,93.48,93.53,1412,28986
09/25/1997,93.50,93.51,93.44,93.44,2670,29444
09/26/1997,93.46,93.48,93.46,93.47,3484,30593
09/29/1997,93.45,93.49,93.45,93.48,1014,30826
09/30/1997,93.50,93.50,93.44,93.45,2796,29761
10/01/1997,93.47,93.54,93.47,93.53,2444,29616
10/02/1997,93.53,93.57,93.53,93.56,5679,29069
10/03/1997,93.59,93.73,93.54,93.56,2575,29858
10/06/1997,93.61,93.62,93.60,93.61,2172,29402
10/07/1997,93.64,93.64,93.60,93.63,2568,30121
10/08/1997,93.65,93.66,93.50,93.50,2629,30072
10/09/1997,93.42,93.49,93.41,93.49,2267,29800
10/10/1997,93.48,93.48,93.41,93.45,0,29777
10/14/1997,93.50,93.52,93.49,93.52,2166,29982
10/15/1997,93.54,93.54,93.46,93.47,1287,29985
10/16/1997,93.45,93.52,93.45,93.47,892,30120
10/17/1997,93.46,93.46,93.38,93.39,1496,30740
10/20/1997,93.39,93.41,93.39,93.41,774,30522
10/21/1997,93.41,93.42,93.40,93.41,4117,31958
10/22/1997,93.41,93.44,93.41,93.43,3146,34074
10/23/1997,93.53,93.58,93.49,93.52,2727,34496
10/24/1997,93.48,93.58,93.48,93.55,1649,34387
10/27/1997,93.61,93.65,93.57,93.65,2985,33441
10/28/1997,93.73,93.73,93.58,93.58,4958,32999
10/29/1997,93.60,93.65,93.57,93.62,4611,31766
10/30/1997,93.67,93.70,93.66,93.67,4540,34010
10/31/1997,93.63,93.70,93.62,93.68,5621,37061
11/03/1997,93.63,93.63,93.62,93.63,1715,37187
11/04/1997,93.61,93.61,93.59,93.59,3804,37598
11/05/1997,93.59,93.61,93.59,93.60,4386,37999
11/06/1997,93.61,93.66,93.61,93.65,3063,39220
11/07/1997,93.70,93.70,93.62,93.66,5212,40711
11/10/1997,93.62,93.65,93.62,93.65,1991,41379
11/12/1997,93.68,93.69,93.63,93.67,3956,42438
11/13/1997,93.66,93.73,93.65,93.69,5007,43245
11/14/1997,93.73,93.75,93.70,93.70,10891,42056
11/17/1997,93.66,93.72,93.66,93.70,6510,43500
11/18/1997,93.73,93.73,93.69,93.71,1733,43070
11/19/1997,93.73,93.75,93.73,93.74,2030,39124
11/20/1997,93.73,93.76,93.72,93.72,1312,39222
11/21/1997,93.70,93.75,93.70,93.75,6141,39719
11/24/1997,93.73,93.74,93.72,93.73,1455,40076
11/25/1997,93.73,93.76,93.73,93.75,1543,40306
11/26/1997,93.73,93.75,93.73,93.74,1008,40340
11/28/1997,93.73,93.74,93.73,93.73,416,40295
12/01/1997,93.73,93.74,93.72,93.73,1356,40249
12/02/1997,93.74,93.75,93.74,93.74,3115,40290
12/03/1997,93.75,93.77,93.75,93.77,2209,40231
12/04/1997,93.78,93.81,93.77,93.78,1627,40053
12/05/1997,93.78,93.78,93.64,93.70,4787,38726
12/08/1997,93.68,93.69,93.65,93.66,4449,35625
12/09/1997,93.66,93.67,93.65,93.66,1884,35435
12/10/1997,93.68,93.72,93.68,93.70,2846,35206
12/11/1997,93.73,93.81,93.73,93.79,1663,35293
12/12/1997,93.81,93.87,93.81,93.87,2235,34550
12/15/1997,93.86,93.87,93.84,93.84,1705,35080
12/16/1997,93.84,93.85,93.82,93.84,1514,34885
12/17/1997,93.83,93.83,93.80,93.81,2094,35401
12/18/1997,93.83,93.87,93.82,93.85,1136,35798
12/19/1997,93.88,93.94,93.88,93.89,2456,35989
12/22/1997,93.89,93.89,93.87,93.88,867,36113
12/23/1997,93.88,93.90,93.87,93.88,1275,36285
12/24/1997,93.87,93.87,93.87,93.87,169,36338
12/26/1997,93.85,93.85,93.85,93.85,380,36553
12/29/1997,93.85,93.85,93.82,93.83,757,36767
12/30/1997,93.81,93.81,93.77,93.80,1090,36255
12/31/1997,93.83,93.84,93.81,93.84,1050,36112
01/02/1998,93.87,93.93,93.85,93.91,2440,37604
01/05/1998,94.00,94.08,93.99,94.08,1440,38041
01/06/1998,94.08,94.12,94.06,94.11,2671,37638
01/07/1998,94.09,94.13,94.07,94.07,2557,37441
01/08/1998,94.13,94.17,94.11,94.15,3438,37299
01/09/1998,94.20,94.20,94.20,94.20,5756,37788
01/12/1998,94.25,94.29,94.16,94.20,3119,38277
01/13/1998,94.18,94.18,94.18,94.18,2202,38026
01/14/1998,94.14,94.14,94.14,94.14,2462,37452
01/15/1998,94.13,94.13,94.13,94.13,4814,37486
01/16/1998,94.09,94.09,94.09,94.09,1668,37199
01/20/1998,94.07,94.07,94.07,94.07,3019,35823
01/21/1998,94.09,94.09,94.05,94.09,1829,35709
01/22/1998,94.07,94.07,94.07,94.07,3526,35624
01/23/1998,93.94,93.94,93.94,93.94,2587,35906
01/26/1998,93.99,93.99,93.99,93.99,1533,35924
01/27/1998,93.93,93.93,93.93,93.93,3796,37275
01/28/1998,93.95,93.98,93.92,93.93,1948,36653
01/29/1998,94.04,94.04,94.04,94.04,1935,36646
01/30/1998,94.09,94.09,94.09,94.09,2678,36326
02/02/1998,94.07,94.08,94.05,94.06,1976,35767
02/03/1998,94.05,94.11,94.05,94.08,6182,35691
02/04/1998,94.09,94.10,94.07,94.08,3603,34613
02/05/1998,94.07,94.07,94.02,94.03,3955,33534
02/06/1998,94.03,94.04,93.99,94.03,2401,33595
02/09/1998,94.01,94.01,93.97,93.99,2760,33635
02/10/1998,94.00,94.02,93.99,94.01,3163,33541
02/11/1998,94.04,94.07,94.04,94.07,2086,32424
02/12/1998,94.07,94.13,94.06,94.06,2032,32089
02/13/1998,94.11,94.11,94.07,94.08,1526,31915
02/17/1998,94.11,94.13,94.11,94.12,1892,32340
02/18/1998,94.13,94.16,94.09,94.09,2747,32972
02/19/1998,94.08,94.09,94.07,94.08,1129,33233
02/20/1998,94.07,94.07,94.03,94.05,1337,33181
02/23/1998,94.07,94.07,94.01,94.02,2650,33141
02/24/1998,94.04,94.05,93.89,93.91,2967,33385
02/25/1998,93.94,93.97,93.93,93.97,3024,33879
02/26/1998,93.97,93.97,93.94,93.95,3546,34789
02/27/1998,93.96,93.96,93.96,93.96,2813,34581
03/02/1998,93.96,93.96,93.87,93.88,1933,34675
03/03/1998,93.89,93.90,93.82,93.82,1762,35167
03/04/1998,93.81,93.87,93.81,93.84,3103,34938
03/05/1998,93.90,93.90,93.82,93.82,3649,33846
03/06/1998,93.82,93.90,93.79,93.89,3656,36039
03/09/1998,93.90,93.96,93.90,93.95,1735,36082
03/10/1998,93.96,93.97,93.94,93.95,1425,36229
03/11/1998,93.97,93.98,93.97,93.98,1105,36149
03/12/1998,93.97,94.04,93.97,94.04,2087,36455
03/13/1998,94.03,94.04,94.01,94.03,1878,36280
03/16/1998,94.02,94.07,94.02,94.06,1548,36353
03/17/1998,94.05,94.08,94.04,94.05,4020,37815
03/18/1998,94.04,94.05,94.03,94.04,2397,38119
03/19/1998,94.03,94.04,93.99,94.03,2517,37814
03/20/1998,94.04,94.05,94.04,94.04,1862,37155
03/23/1998,94.02,94.05,94.01,94.04,1322,37315
03/24/1998,94.04,94.06,94.03,94.03,1645,37939
03/25/1998,94.05,94.05,93.96,93.96,5004,37793
03/26/1998,93.95,93.95,93.93,93.93,3658,39431
03/27/1998,93.93,93.95,93.90,93.91,1834,40014
03/30/1998,93.92,93.92,93.86,93.88,2490,39947
03/31/1998,93.88,93.94,93.88,93.93,1899,39606
04/01/1998,93.95,93.98,93.94,93.98,2641,41084
04/02/1998,94.00,94.04,94.00,94.04,4352,41668
04/03/1998,94.09,94.18,94.08,94.13,6102,39820
04/06/1998,94.12,94.12,94.09,94.10,2255,39878
04/07/1998,94.10,94.10,94.07,94.07,2405,39753
04/08/1998,94.08,94.08,94.01,94.02,2808,38824
04/09/1998,94.05,94.06,93.98,94.01,2984,38353
04/13/1998,93.99,93.99,93.92,93.94,669,38229
04/14/1998,93.97,93.99,93.95,93.99,1808,38453
04/15/1998,94.00,94.01,93.98,94.01,2323,39440
04/16/1998,94.03,94.05,94.02,94.02,2285,39190
04/17/1998,94.04,94.04,94.02,94.03,681,39189
04/20/1998,94.02,94.02,93.98,93.99,905,39206
04/21/1998,93.98,93.98,93.95,93.95,2075,39299
04/22/1998,93.94,93.98,93.94,93.96,1582,39058
04/23/1998,93.95,93.96,93.94,93.95,3093,40359
04/24/1998,93.94,93.98,93.94,93.97,2370,41661
04/27/1998,93.91,93.92,93.83,93.83,3809,42986
04/28/1998,93.87,93.87,93.83,93.83,2563,43081
04/29/1998,93.83,93.84,93.80,93.82,1854,43071
04/30/1998,93.80,93.96,93.79,93.96,1835,42812
05/01/1998,93.97,94.01,93.96,93.97,1988,42446
05/04/1998,93.96,93.98,93.96,93.97,1333,42123
05/05/1998,93.94,93.97,93.93,93.93,2280,42175
05/06/1998,93.92,93.97,93.92,93.97,4540,43097
05/07/1998,93.96,93.98,93.94,93.97,4101,43699
05/08/1998,93.97,93.97,93.91,93.94,2896,44150
05/11/1998,93.90,93.90,93.86,93.87,2583,44439
05/12/1998,93.88,93.95,93.88,93.95,2908,43807
05/13/1998,93.94,93.99,93.94,93.97,3750,46377
05/14/1998,93.98,93.98,93.93,93.93,2974,46263
05/15/1998,93.93,93.94,93.92,93.93,2157,46121
05/18/1998,93.93,93.96,93.93,93.96,1246,46046
05/19/1998,93.96,93.97,93.95,93.95,1358,46062
05/20/1998,93.96,94.00,93.96,94.00,3587,46084
05/21/1998,93.98,94.00,93.95,93.96,3187,46093
05/22/1998,93.97,93.97,93.94,93.97,875,46189
05/26/1998,93.99,94.02,93.99,94.01,2535,46561
05/27/1998,94.06,94.07,94.04,94.04,3378,46142
05/28/1998,94.03,94.03,94.01,94.02,2029,46175
05/29/1998,94.03,94.06,94.03,94.05,2288,46199
06/01/1998,94.08,94.08,94.06,94.08,1670,45707
06/02/1998,94.07,94.07,94.04,94.05,709,45518
06/03/1998,94.02,94.04,94.02,94.03,1969,45553
06/04/1998,94.01,94.02,93.99,94.01,3484,45783
06/05/1998,94.00,94.03,93.97,94.01,4768,44498
06/08/1998,94.01,94.01,94.00,94.01,729,44327
06/09/1998,94.00,94.01,93.99,94.01,2192,44709
06/10/1998,94.05,94.07,94.03,94.06,2500,44934
06/11/1998,94.07,94.15,94.07,94.15,3145,45024
06/12/1998,94.14,94.18,94.12,94.18,2771,45276
06/15/1998,94.20,94.21,94.18,94.20,3050,45244
06/16/1998,94.16,94.18,94.13,94.14,2518,45608
06/17/1998,94.09,94.09,94.04,94.06,4281,46122
06/18/1998,94.08,94.10,94.08,94.09,2379,46100
06/19/1998,94.06,94.11,94.05,94.11,1722,45610
06/22/1998,94.13,94.15,94.12,94.12,1406,45545
06/23/1998,94.13,94.13,94.13,94.13,1287,46125
06/24/1998,94.14,94.15,94.12,94.13,3247,46334
06/25/1998,94.13,94.13,94.09,94.10,3489,46664
06/26/1998,94.08,94.12,94.08,94.10,1420,47362
06/29/1998,94.10,94.10,94.09,94.10,483,47335
06/30/1998,94.09,94.12,94.07,94.12,1715,47615
07/01/1998,94.12,94.17,94.12,94.15,3958,46401
07/02/1998,94.20,94.20,94.17,94.18,1821,47614
07/06/1998,94.20,94.20,94.19,94.19,574,47665
07/07/1998,94.18,94.18,94.16,94.17,1798,47432
07/08/1998,94.17,94.17,94.15,94.15,1382,47770
07/09/1998,94.16,94.19,94.16,94.18,2116,47350
07/10/1998,94.18,94.19,94.17,94.19,1489,47587
07/13/1998,94.19,94.19,94.12,94.14,3440,46204
07/14/1998,94.13,94.14,94.11,94.12,1788,46102
07/15/1998,94.13,94.14,94.12,94.12,1865,46347
07/16/1998,94.11,94.13,94.10,94.10,1820,46655
07/17/1998,94.11,94.12,94.10,94.10,1760,46284
07/20/1998,94.11,94.14,94.10,94.13,2404,45994
07/21/1998,94.15,94.16,94.12,94.15,2884,45571
07/22/1998,94.14,94.15,94.13,94.14,3940,45781
07/23/1998,94.16,94.16,94.14,94.15,3057,45654
07/24/1998,94.14,94.15,94.13,94.14,1700,46024
07/27/1998,94.14,94.14,94.12,94.12,1811,45855
07/28/1998,94.12,94.12,94.10,94.10,1817,46933
07/29/1998,94.10,94.10,94.06,94.07,1623,47290
07/30/1998,94.06,94.08,94.05,94.08,3023,48010
07/31/1998,94.07,94.08,94.07,94.08,1021,48062
08/03/1998,94.09,94.13,94.09,94.13,1403,47995
08/04/1998,94.12,94.16,94.11,94.14,1911,48467
08/05/1998,94.14,94.15,94.13,94.14,1866,48433
08/06/1998,94.14,94.14,94.13,94.13,1677,48386
08/07/1998,94.15,94.17,94.13,94.17,2971,48698
08/10/1998,94.16,94.17,94.16,94.16,1036,48767
08/11/1998,94.20,94.20,94.16,94.16,3265,49792
08/12/1998,94.14,94.15,94.13,94.15,2550,50032
08/13/1998,94.16,94.16,94.10,94.11,6820,53154
08/14/1998,94.09,94.15,94.09,94.15,3130,53203
08/17/1998,94.16,94.16,94.14,94.14,1530,52881
08/18/1998,94.12,94.13,94.11,94.12,2657,53185
08/19/1998,94.11,94.12,94.10,94.11,1052,52924
08/20/1998,94.09,94.13,94.09,94.11,2510,53731
08/21/1998,94.12,94.13,94.09,94.10,7331,55014
08/24/1998,94.09,94.11,94.06,94.08,5056,55804
08/25/1998,94.06,94.15,94.06,94.12,8503,57621
08/26/1998,94.12,94.18,94.10,94.18,6582,57477
08/27/1998,94.19,94.38,94.19,94.23,4986,57203
08/28/1998,94.22,94.28,94.22,94.26,4321,56364
08/31/1998,94.26,94.32,94.26,94.32,5082,56994
09/01/1998,94.32,94.35,94.29,94.31,2199,56072
09/02/1998,94.26,94.32,94.26,94.32,3803,56560
09/03/1998,94.34,94.39,94.33,94.38,4183,56585
09/04/1998,94.34,94.40,94.33,94.40,2707,56506
09/08/1998,94.41,94.47,94.39,94.46,2881,57555
09/09/1998,94.50,94.56,94.50,94.56,4685,58468
09/10/1998,94.57,94.73,94.57,94.73,6290,58649
09/11/1998,94.71,94.77,94.59,94.60,4411,59120
09/14/1998,94.58,94.61,94.56,94.60,5049,58102
09/15/1998,94.65,94.66,94.58,94.58,7794,58239
09/16/1998,94.57,94.60,94.53,94.59,7582,59400
09/17/1998,94.65,94.67,94.61,94.64,7051,60364
09/18/1998,94.63,94.72,94.63,94.71,7393,60595
09/21/1998,94.80,94.81,94.69,94.71,5108,62054
09/22/1998,94.69,94.72,94.64,94.68,7341,62376
09/23/1998,94.71,94.76,94.68,94.75,7860,62100
09/24/1998,94.75,94.85,94.72,94.85,7647,64666
09/25/1998,94.90,94.90,94.83,94.86,5920,65289
09/28/1998,94.87,94.89,94.84,94.84,5373,65064
09/29/1998,94.86,94.86,94.84,94.86,5263,65987
09/30/1998,94.93,95.00,94.90,94.99,3627,66064
10/01/1998,95.04,95.09,95.01,95.08,7856,65747
10/02/1998,95.04,95.11,95.04,95.07,5718,66273
10/05/1998,95.08,95.12,95.08,95.11,5210,65792
10/06/1998,95.04,95.05,95.00,95.04,5156,65994
10/07/1998,95.00,95.07,94.90,94.97,5741,65677
10/08/1998,94.95,94.97,94.70,94.70,5359,65726
10/09/1998,94.66,94.66,94.45,94.50,302,65946
10/13/1998,94.60,94.61,94.50,94.53,6135,66113
10/14/1998,94.61,94.69,94.61,94.68,8361,66515
10/15/1998,94.72,94.75,94.71,94.74,4444,66490
10/16/1998,94.93,94.99,94.89,94.94,7756,65911
10/19/1998,94.94,94.97,94.94,94.94,4325,64856
10/20/1998,94.93,94.97,94.86,94.90,4337,64330
10/21/1998,94.86,94.89,94.83,94.85,2709,64363
10/22/1998,94.85,94.88,94.82,94.82,3441,63969
10/23/1998,94.83,94.83,94.75,94.75,3793,64328
10/26/1998,94.72,94.79,94.71,94.71,4353,64509
10/27/1998,94.75,94.83,94.75,94.83,4628,64641
10/28/1998,94.86,94.90,94.86,94.88,4293,65022
10/29/1998,94.90,94.98,94.89,94.96,3184,64601
10/30/1998,94.95,94.96,94.88,94.88,4835,65458
11/02/1998,94.86,94.86,94.75,94.75,3739,65654
11/03/1998,94.78,94.78,94.74,94.78,2991,65600
11/04/1998,94.71,94.78,94.66,94.67,4692,64552
11/05/1998,94.72,94.80,94.60,94.69,5448,63343
11/06/1998,94.70,94.72,94.62,94.65,3356,62828
11/09/1998,94.64,94.73,94.64,94.71,3478,62730
11/10/1998,94.76,94.79,94.72,94.72,3433,63034
11/11/1998,94.72,94.75,94.72,94.72,293,62834
11/12/1998,94.74,94.81,94.74,94.75,4760,63031
11/13/1998,94.76,94.76,94.68,94.68,2682,63043
11/16/1998,94.64,94.67,94.64,94.66,3695,63791
11/17/1998,94.68,94.70,94.64,94.65,2828,63329
11/18/1998,94.64,94.76,94.64,94.69,5346,62619
11/19/1998,94.69,94.71,94.68,94.68,2595,62551
11/20/1998,94.71,94.74,94.68,94.71,3184,63212
11/23/1998,94.71,94.75,94.71,94.73,2425,63134
11/24/1998,94.75,94.75,94.71,94.71,5626,63711
11/25/1998,94.73,94.74,94.67,94.67,2224,63365
11/27/1998,94.67,94.69,94.67,94.69,474,63168
11/30/1998,94.72,94.75,94.72,94.74,3632,62794
12/01/1998,94.79,94.81,94.75,94.79,4877,63669
12/02/1998,94.81,94.90,94.79,94.85,4901,63637
12/03/1998,94.89,94.90,94.88,94.89,3066,63779
12/04/1998,94.89,94.89,94.79,94.80,3099,63623
12/07/1998,94.81,94.82,94.74,94.74,3657,64187
12/08/1998,94.75,94.81,94.75,94.81,2598,64210
12/09/1998,94.84,94.87,94.84,94.86,2186,63813
12/10/1998,94.83,94.90,94.83,94.89,3017,64011
12/11/1998,94.90,94.90,94.81,94.81,3560,64423
12/14/1998,94.82,94.86,94.82,94.84,2735,64300
12/15/1998,94.82,94.84,94.79,94.81,1862,64065
12/16/1998,94.81,94.85,94.81,94.85,3039,63752
12/17/1998,94.83,94.83,94.81,94.83,2091,64129
12/18/1998,94.82,94.83,94.81,94.81,2062,64044
12/21/1998,94.76,94.76,94.75,94.76,2045,64861
12/22/1998,94.72,94.75,94.71,94.72,2988,64927
12/23/1998,94.69,94.70,94.64,94.64,1560,64609
12/24/1998,94.64,94.64,94.57,94.60,1963,65057
12/28/1998,94.61,94.63,94.60,94.63,868,65167
12/29/1998,94.60,94.69,94.60,94.68,1256,65177
12/30/1998,94.70,94.75,94.70,94.75,1931,65575
12/31/1998,94.75,94.78,94.72,94.74,769,65496
01/04/1999,94.78,94.78,94.72,94.76,1771,65890
01/05/1999,94.75,94.76,94.75,94.75,2014,65704
01/06/1999,94.74,94.74,94.72,94.74,2980,65120
01/07/1999,94.78,94.78,94.69,94.69,3817,64807
01/08/1999,94.68,94.68,94.63,94.63,4426,65669
01/11/1999,94.60,94.61,94.55,94.60,2500,65679
01/12/1999,94.60,94.69,94.58,94.65,6785,67531
01/13/1999,94.78,94.82,94.67,94.71,6947,66186
01/14/1999,94.70,94.80,94.69,94.79,5064,66986
01/15/1999,94.78,94.78,94.75,94.75,2359,66907
01/19/1999,94.75,94.75,94.71,94.72,2032,66619
01/20/1999,94.69,94.69,94.65,94.69,1759,66581
01/21/1999,94.75,94.78,94.74,94.75,5051,67161
01/22/1999,94.81,94.81,94.79,94.81,3914,66843
01/25/1999,94.82,94.82,94.75,94.78,3553,67270
01/26/1999,94.78,94.78,94.75,94.76,2018,67287
01/27/1999,94.75,94.78,94.74,94.78,2523,67372
01/28/1999,94.74,94.81,94.74,94.79,2337,67587
01/29/1999,94.78,94.82,94.75,94.81,2300,67375
02/01/1999,94.79,94.79,94.74,94.75,3077,67645
02/02/1999,94.74,94.74,94.69,94.69,4038,67512
02/03/1999,94.68,94.70,94.65,94.65,2261,67722
02/04/1999,94.65,94.65,94.58,94.59,5247,67665
02/05/1999,94.60,94.61,94.54,94.54,4401,68477
02/08/1999,94.54,94.57,94.53,94.55,2939,68404
02/09/1999,94.57,94.60,94.56,94.56,3521,68441
02/10/1999,94.58,94.58,94.54,94.57,3148,67473
02/11/1999,94.54,94.54,94.51,94.53,2088,67643
02/12/1999,94.46,94.46,94.40,94.40,4557,66729
02/16/1999,94.43,94.43,94.38,94.41,4791,67100
02/17/1999,94.41,94.46,94.40,94.46,2713,67191
02/18/1999,94.47,94.47,94.43,94.43,3875,68440
02/19/1999,94.41,94.43,94.40,94.40,2331,68762
02/22/1999,94.38,94.44,94.38,94.44,1980,68596
02/23/1999,94.45,94.45,94.36,94.36,5970,69890
02/24/1999,94.36,94.38,94.29,94.29,8169,70376
02/25/1999,94.29,94.30,94.11,94.15,6812,70014
02/26/1999,94.14,94.20,94.14,94.15,4911,70898
03/01/1999,94.17,94.17,94.03,94.04,5608,70835
03/02/1999,94.04,94.11,94.04,94.07,3992,70486
03/03/1999,94.11,94.11,94.06,94.06,5123,69803
03/04/1999,94.06,94.06,94.01,94.03,5033,69840
03/05/1999,94.03,94.19,94.03,94.09,5867,69592
03/08/1999,94.11,94.14,94.11,94.11,3831,69312
03/09/1999,94.08,94.21,94.08,94.20,3189,68889
03/10/1999,94.20,94.22,94.18,94.19,3975,69593
03/11/1999,94.18,94.22,94.18,94.21,3696,70202
03/12/1999,94.25,94.27,94.24,94.26,4771,70617
03/15/1999,94.26,94.29,94.26,94.29,3843,70757
03/16/1999,94.29,94.32,94.29,94.32,3370,71184
03/17/1999,94.33,94.35,94.29,94.29,3528,70803
03/18/1999,94.30,94.33,94.30,94.32,3761,70683
03/19/1999,94.33,94.35,94.26,94.27,4245,71037
03/22/1999,94.24,94.26,94.22,94.24,2803,71175
03/23/1999,94.24,94.26,94.22,94.26,3405,71798
03/24/1999,94.32,94.33,94.28,94.29,2860,71566
03/25/1999,94.31,94.31,94.25,94.25,1371,71777
03/26/1999,94.26,94.32,94.25,94.25,4038,71839
03/29/1999,94.25,94.25,94.19,94.19,2636,71484
03/30/1999,94.20,94.26,94.20,94.26,3753,72021
03/31/1999,94.25,94.27,94.20,94.22,2208,71816
04/01/1999,94.24,94.25,94.18,94.18,3463,71773
04/02/1999,94.18,94.28,94.18,94.28,1795,71706
04/05/1999,94.29,94.29,94.26,94.28,1255,71572
04/06/1999,94.31,94.35,94.29,94.34,2626,71709
04/07/1999,94.33,94.33,94.32,94.33,3746,73529
04/08/1999,94.36,94.42,94.32,94.41,4751,73622
04/09/1999,94.42,94.44,94.39,94.40,3903,73673
04/12/1999,94.43,94.43,94.38,94.38,4610,73827
04/13/1999,94.39,94.39,94.33,94.33,3156,74326
04/14/1999,94.34,94.35,94.31,94.32,2614,74246
04/15/1999,94.31,94.31,94.26,94.28,2952,74333
04/16/1999,94.26,94.26,94.21,94.21,5771,75037
04/19/1999,94.21,94.29,94.21,94.28,2671,75323
04/20/1999,94.29,94.33,94.29,94.30,4881,75103
04/21/1999,94.32,94.32,94.29,94.29,6699,74930
04/22/1999,94.27,94.28,94.21,94.22,6698,75876
04/23/1999,94.23,94.24,94.20,94.21,5591,77089
04/26/1999,94.19,94.21,94.17,94.21,4035,78038
04/27/1999,94.21,94.22,94.20,94.22,9823,82333
04/28/1999,94.21,94.21,94.19,94.21,5131,82326
04/29/1999,94.21,94.31,94.21,94.29,5914,83804
04/30/1999,94.29,94.31,94.13,94.14,5116,84435
05/03/1999,94.14,94.15,94.13,94.14,2076,84157
05/04/1999,94.15,94.16,94.11,94.11,3224,84070
05/05/1999,94.14,94.15,94.10,94.14,3464,84411
05/06/1999,94.14,94.14,94.05,94.07,10317,86236
05/07/1999,94.07,94.09,94.04,94.04,3074,85901
05/10/1999,94.03,94.07,94.02,94.06,4061,86491
05/11/1999,94.07,94.07,94.00,94.01,4137,85814
05/12/1999,94.01,94.04,94.00,94.01,6769,85716
05/13/1999,94.03,94.13,94.03,94.12,4179,86022
05/14/1999,94.13,94.13,93.88,93.92,9170,84833
05/17/1999,93.89,93.92,93.88,93.89,3266,84702
05/18/1999,93.90,93.94,93.84,93.85,8987,88086
05/19/1999,93.88,93.88,93.83,93.86,4566,87119
05/20/1999,93.86,93.88,93.82,93.85,4442,87819
05/21/1999,93.85,93.90,93.84,93.86,4978,86670
05/24/1999,93.85,93.89,93.85,93.87,2628,86585
05/25/1999,93.86,93.89,93.86,93.87,3956,86747
05/26/1999,93.87,93.89,93.83,93.84,4360,87715
05/27/1999,93.83,93.84,93.67,93.71,7419,86984
05/28/1999,93.69,93.71,93.64,93.67,4547,87077
06/01/1999,93.63,93.65,93.53,93.53,4829,88033
06/02/1999,93.54,93.54,93.46,93.50,7804,87787
06/03/1999,93.53,93.55,93.50,93.50,5555,87506
06/04/1999,93.49,93.54,93.47,93.50,5504,87337
06/07/1999,93.51,93.56,93.51,93.53,5340,87199
06/08/1999,93.56,93.56,93.51,93.52,5816,86319
06/09/1999,93.53,93.53,93.46,93.48,4934,86206
06/10/1999,93.41,93.43,93.36,93.40,7613,86484
06/11/1999,93.40,93.44,93.27,93.29,7392,87763
06/14/1999,93.32,93.32,93.29,93.29,4886,87697
06/15/1999,93.33,93.36,93.30,93.31,8512,87822
06/16/1999,93.34,93.39,93.32,93.33,7663,88576
06/17/1999,93.36,93.56,93.36,93.56,8339,87804
06/18/1999,93.54,93.57,93.51,93.51,4069,87625
06/21/1999,93.53,93.53,93.42,93.45,5453,87125
06/22/1999,93.41,93.42,93.38,93.38,4059,88528
06/23/1999,93.32,93.32,93.26,93.31,6352,89039
06/24/1999,93.32,93.32,93.24,93.25,8389,88950
06/25/1999,93.29,93.31,93.26,93.26,4481,88495
06/28/1999,93.25,93.35,93.25,93.33,4830,88583
06/29/1999,93.33,93.38,93.33,93.36,3993,88454
06/30/1999,93.35,93.54,93.31,93.53,6421,88144
07/01/1999,93.51,93.54,93.44,93.51,6441,87738
07/02/1999,93.51,93.57,93.49,93.55,5197,0
07/06/1999,93.50,93.52,93.47,93.50,4074,88046
07/07/1999,93.46,93.47,93.46,93.46,3746,87477
07/08/1999,93.43,93.53,93.43,93.53,4837,87499
07/09/1999,93.55,93.57,93.52,93.53,3350,86943
07/12/1999,93.53,93.62,93.52,93.61,4606,87092
07/13/1999,93.64,93.67,93.61,93.63,6960,85910
07/14/1999,93.61,93.64,93.58,93.60,4159,85991
07/15/1999,93.60,93.63,93.56,93.57,5219,86287
07/16/1999,93.61,93.64,93.61,93.64,3178,85627
07/19/1999,93.66,93.68,93.65,93.67,2447,84822
07/20/1999,93.63,93.71,93.63,93.71,5256,85140
07/21/1999,93.69,93.69,93.68,93.69,3154,84516
07/22/1999,93.69,93.70,93.52,93.53,4593,84176
07/23/1999,93.49,93.49,93.40,93.44,7095,84661
07/26/1999,93.39,93.40,93.38,93.39,4318,83911
07/27/1999,93.41,93.44,93.40,93.44,4714,84048
07/28/1999,93.45,93.47,93.44,93.46,4411,84408
07/29/1999,93.42,93.44,93.29,93.34,6906,84571
07/30/1999,93.32,93.32,93.24,93.29,5487,84961
08/02/1999,93.22,93.26,93.18,93.23,5852,85678
08/03/1999,93.21,93.24,93.18,93.19,4535,85927
08/04/1999,93.20,93.22,93.17,93.18,4571,85343
08/05/1999,93.18,93.22,93.13,93.21,9269,84584
08/06/1999,93.23,93.23,93.07,93.07,7205,84057
08/09/1999,93.03,93.03,92.96,92.96,5142,83624
08/10/1999,92.92,92.93,92.89,92.90,6907,84006
08/11/1999,92.93,92.97,92.92,92.97,4385,85045
08/12/1999,93.00,93.05,93.00,93.01,5764,85176
08/13/1999,93.01,93.20,93.01,93.19,8167,84994
08/16/1999,93.17,93.31,93.17,93.24,11103,81975
08/17/1999,93.22,93.40,93.22,93.37,7098,81778
08/18/1999,93.35,93.36,93.29,93.36,7348,81496
08/19/1999,93.35,93.37,93.31,93.33,6430,80950
08/20/1999,93.32,93.32,93.28,93.30,4772,81021
08/23/1999,93.30,93.31,93.29,93.29,3940,81185
08/24/1999,93.28,93.43,93.25,93.41,4545,80922
08/25/1999,93.46,93.53,93.46,93.52,7962,80842
08/26/1999,93.50,93.50,93.46,93.50,6516,81167
08/27/1999,93.46,93.46,93.38,93.39,5237,81752
08/30/1999,93.35,93.36,93.23,93.23,6395,82661
08/31/1999,93.25,93.25,93.13,93.16,8024,82347
09/01/1999,93.17,93.23,93.15,93.19,6987,83410
09/02/1999,93.14,93.18,93.14,93.17,5353,83430
09/03/1999,93.19,93.33,93.19,93.31,3924,83782
09/07/1999,93.32,93.32,93.25,93.25,3750,84355
09/08/1999,93.22,93.32,93.22,93.30,4675,85323
09/09/1999,93.29,93.32,93.28,93.29,2213,84759
09/10/1999,93.32,93.41,93.32,93.39,6653,81946
09/13/1999,93.37,93.44,93.37,93.44,7056,84378
09/14/1999,93.49,93.50,93.39,93.41,12390,84697
09/15/1999,93.40,93.53,93.40,93.51,12071,84604
09/16/1999,93.52,93.57,93.52,93.56,7648,85446
09/17/1999,93.62,93.63,93.54,93.56,7458,84024
09/20/1999,93.55,93.56,93.46,93.46,6549,83368
09/21/1999,93.42,93.46,93.39,93.44,6668,84165
09/22/1999,93.47,93.49,93.45,93.46,7097,84462
09/23/1999,93.47,93.53,93.46,93.52,6064,85066
09/24/1999,93.64,93.64,93.57,93.62,10622,85503
09/27/1999,93.57,93.57,93.53,93.54,5474,85450
09/28/1999,93.56,93.57,93.50,93.50,12027,84625
09/29/1999,93.47,93.47,93.40,93.40,8055,84158
09/30/1999,93.43,93.49,93.39,93.47,6153,84490
10/01/1999,93.42,93.46,93.38,93.38,8679,87308
10/04/1999,93.39,93.43,93.39,93.43,4861,87643
10/05/1999,93.43,93.44,93.31,93.32,8991,88916
10/06/1999,93.33,93.35,93.29,93.31,9844,90490
10/07/1999,93.29,93.33,93.28,93.31,8591,91642
10/08/1999,93.33,93.38,93.31,93.31,20,91760
10/12/1999,93.28,93.32,93.27,93.31,7125,93459
10/13/1999,93.35,93.36,93.26,93.26,8242,94119
10/14/1999,93.28,93.29,93.19,93.20,10628,93901
10/15/1999,93.21,93.24,93.13,93.22,8340,93593
10/18/1999,93.25,93.26,93.24,93.24,6315,94035
10/19/1999,93.21,93.26,93.19,93.20,10208,95113
10/20/1999,93.19,93.19,93.15,93.19,4733,96208
10/21/1999,93.23,93.24,93.18,93.19,5579,96536
10/22/1999,93.24,93.25,93.19,93.19,9677,96160
10/25/1999,93.17,93.17,93.13,93.16,4312,96769
10/26/1999,93.16,93.19,93.13,93.14,8910,98785
10/27/1999,93.18,93.21,93.17,93.18,7535,100790
10/28/1999,93.21,93.29,93.21,93.28,6236,100232
10/29/1999,93.38,93.42,93.36,93.40,10770,99277
11/01/1999,93.36,93.39,93.35,93.38,7502,98632
11/02/1999,93.38,93.40,93.35,93.39,4701,99435
11/03/1999,93.38,93.45,93.38,93.43,6534,98750
11/04/1999,93.47,93.51,93.47,93.49,9516,97796
11/05/1999,93.48,93.61,93.48,93.57,13936,98634
11/08/1999,93.55,93.56,93.54,93.54,4031,98529
11/09/1999,93.53,93.53,93.50,93.52,6035,99082
11/10/1999,93.53,93.53,93.42,93.46,9475,99046
11/12/1999,93.50,93.54,93.49,93.54,10709,100169
11/15/1999,93.53,93.53,93.50,93.52,5291,99558
11/16/1999,93.54,93.54,93.47,93.48,10042,101391
11/17/1999,93.46,93.47,93.43,93.43,10667,102100
11/18/1999,93.42,93.44,93.40,93.42,8181,102179
11/19/1999,93.43,93.43,93.39,93.40,7142,102402
11/22/1999,93.36,93.36,93.33,93.35,6136,102663
11/23/1999,93.33,93.36,93.32,93.35,7109,103058
11/24/1999,93.31,93.32,93.29,93.32,6750,104405
11/26/1999,93.27,93.28,93.26,93.27,2888,104565
11/29/1999,93.26,93.26,93.18,93.19,7346,105061
11/30/1999,93.19,93.25,93.19,93.22,11534,107607
12/01/1999,93.18,93.22,93.17,93.20,7700,108951
12/02/1999,93.21,93.21,93.18,93.19,8458,108106
12/03/1999,93.17,93.28,93.17,93.26,18231,106691
12/06/1999,93.27,93.30,93.27,93.29,5696,106572
12/07/1999,93.30,93.32,93.30,93.32,8846,107375
12/08/1999,93.32,93.32,93.31,93.31,7944,107318
12/09/1999,93.32,93.35,93.32,93.33,4161,107879
12/10/1999,93.32,93.38,93.32,93.38,5319,107827
12/13/1999,93.36,93.36,93.33,93.33,6055,107487
12/14/1999,93.30,93.30,93.18,93.19,9528,108475
12/15/1999,93.18,93.19,93.14,93.16,12251,107650
12/16/1999,93.11,93.17,93.05,93.06,17169,109750
12/17/1999,93.07,93.11,93.03,93.05,13285,111497
12/20/1999,93.06,93.07,92.99,93.00,11068,109580
12/21/1999,93.02,93.10,92.97,92.98,7945,110291
12/22/1999,92.97,93.00,92.93,92.98,10103,111913
12/23/1999,93.00,93.03,92.98,92.99,3026,112605
12/27/1999,92.98,93.01,92.98,93.00,1742,112537
12/28/1999,93.00,93.00,92.97,92.98,2529,112535
12/29/1999,92.99,93.02,92.99,93.00,2213,112899
12/30/1999,93.00,93.03,93.00,93.00,2704,112551
12/31/1999,93.00,93.00,92.96,92.96,956,1
01/03/2000,92.87,92.89,92.83,92.84,7912,114485
01/04/2000,92.88,92.91,92.85,92.89,12174,118287
01/05/2000,92.88,92.91,92.82,92.83,10998,118123
01/06/2000,92.87,92.87,92.84,92.86,12059,116653
01/07/2000,92.87,92.93,92.83,92.93,9750,118464
01/10/2000,92.89,92.89,92.87,92.87,6862,118495
01/11/2000,92.82,92.83,92.76,92.77,11021,117382
01/12/2000,92.77,92.78,92.73,92.74,12383,117829
01/13/2000,92.76,92.82,92.74,92.82,15363,120006
01/14/2000,92.81,92.88,92.76,92.77,12460,121621
01/18/2000,92.75,92.75,92.71,92.73,7921,122338
01/19/2000,92.76,92.78,92.75,92.75,17470,126428
01/20/2000,92.72,92.79,92.71,92.73,20308,129199
01/21/2000,92.74,92.76,92.69,92.75,16166,132733
01/24/2000,92.78,92.82,92.76,92.82,19591,129875
01/25/2000,92.82,92.85,92.81,92.82,15858,134038
01/26/2000,92.82,92.85,92.76,92.79,16506,134029
01/27/2000,92.79,92.79,92.71,92.74,16632,135879
01/28/2000,92.71,92.71,92.54,92.63,26708,137914
01/31/2000,92.59,92.59,92.51,92.51,22789,137137
02/01/2000,92.56,92.60,92.55,92.55,23838,138076
02/02/2000,92.55,92.56,92.49,92.50,24352,139959
02/03/2000,92.50,92.63,92.44,92.51,30226,140861
02/04/2000,92.55,92.56,92.47,92.47,21173,143959
02/07/2000,92.44,92.47,92.42,92.43,23626,149230
02/08/2000,92.45,92.49,92.44,92.46,18028,152469
02/09/2000,92.43,92.46,92.39,92.46,28430,148930
02/10/2000,92.47,92.52,92.46,92.47,10430,150103
02/11/2000,92.48,92.53,92.47,92.49,18552,150593
02/14/2000,92.51,92.57,92.50,92.57,11969,152458
02/15/2000,92.54,92.56,92.53,92.54,17500,151913
02/16/2000,92.52,92.53,92.50,92.51,10105,152411
02/17/2000,92.53,92.56,92.44,92.45,23063,154829
02/18/2000,92.46,92.49,92.44,92.48,18137,156550
02/22/2000,92.51,92.65,92.51,92.63,19093,158152
02/23/2000,92.58,92.61,92.55,92.56,15833,158849
02/24/2000,92.60,92.70,92.59,92.69,26388,158690
02/25/2000,92.67,92.80,92.65,92.76,21026,156896
02/28/2000,92.76,92.76,92.68,92.68,15043,155683
02/29/2000,92.68,92.69,92.65,92.68,11486,155284
03/01/2000,92.68,92.71,92.68,92.71,19565,159005
03/02/2000,92.70,92.73,92.68,92.72,19348,157024
03/03/2000,92.72,92.85,92.71,92.75,30182,156041
03/06/2000,92.74,92.74,92.67,92.68,17150,155452
03/07/2000,92.67,92.73,92.64,92.72,25445,156960
03/08/2000,92.71,92.75,92.69,92.71,16111,155978
03/09/2000,92.72,92.75,92.72,92.74,15172,157577
03/10/2000,92.71,92.71,92.67,92.68,11622,156597
03/13/2000,92.72,92.75,92.68,92.69,12437,157131
03/14/2000,92.67,92.71,92.64,92.71,15987,157064
03/15/2000,92.69,92.76,92.69,92.71,25259,161721
03/16/2000,92.71,92.75,92.70,92.74,21466,163048
03/17/2000,92.74,92.78,92.73,92.76,20889,164706
03/20/2000,92.74,92.75,92.72,92.75,10618,164461
03/21/2000,92.76,92.77,92.75,92.76,15605,165641
03/22/2000,92.77,92.78,92.74,92.76,12652,165794
03/23/2000,92.79,92.85,92.74,92.75,30424,169366
03/24/2000,92.70,92.74,92.61,92.61,37166,173306
03/27/2000,92.59,92.59,92.55,92.57,21728,171674
03/28/2000,92.56,92.63,92.56,92.57,20100,176662
03/29/2000,92.58,92.60,92.56,92.58,23690,178895
03/30/2000,92.63,92.68,92.61,92.68,18738,174953
03/31/2000,92.66,92.74,92.64,92.71,17157,173733
04/03/2000,92.71,92.79,92.71,92.78,16199,174981
04/04/2000,92.74,93.10,92.74,93.00,53862,175829
04/05/2000,92.95,93.07,92.90,92.92,29202,175404
04/06/2000,92.88,92.89,92.83,92.88,16942,172143
04/07/2000,92.82,92.90,92.82,92.89,18701,172363
04/10/2000,92.89,92.93,92.88,92.92,8034,172337
04/11/2000,92.95,93.00,92.85,92.86,26057,176910
04/12/2000,92.86,92.88,92.82,92.85,17896,181218
04/13/2000,92.83,92.89,92.79,92.88,22738,179034
04/14/2000,92.86,92.98,92.82,92.96,35573,184553
04/17/2000,92.94,93.03,92.94,92.97,35740,184745
04/18/2000,92.96,92.97,92.93,92.96,24848,183975
04/19/2000,92.93,92.96,92.90,92.96,13873,184535
04/20/2000,92.93,92.94,92.90,92.93,12759,182973
04/24/2000,92.96,92.97,92.93,92.94,8069,183940
04/25/2000,92.90,92.90,92.79,92.80,20707,180927
04/26/2000,92.80,92.82,92.78,92.79,25855,179404
04/27/2000,92.79,92.79,92.64,92.65,48827,183630
04/28/2000,92.64,92.64,92.60,92.61,33834,188535
05/01/2000,92.60,92.61,92.60,92.61,15317,189939
05/02/2000,92.59,92.63,92.58,92.60,15469,189464
05/03/2000,92.57,92.60,92.51,92.52,27668,189486
05/04/2000,92.48,92.54,92.43,92.43,42706,191647
05/05/2000,92.46,92.46,92.30,92.32,67454,186353
05/08/2000,92.33,92.35,92.27,92.28,23742,184925
05/09/2000,92.31,92.33,92.29,92.32,21612,186444
05/10/2000,92.34,92.41,92.34,92.38,29153,181685
05/11/2000,92.39,92.43,92.34,92.38,23107,182866
05/12/2000,92.34,92.36,92.27,92.29,23619,182216
05/15/2000,92.29,92.31,92.27,92.29,16963,184224
05/16/2000,92.31,92.37,92.28,92.32,38044,185176
05/17/2000,92.28,92.32,92.24,92.32,40870,190185
05/18/2000,92.32,92.33,92.26,92.28,34975,192397
05/19/2000,92.32,92.35,92.30,92.35,19597,184103
05/22/2000,92.35,92.46,92.35,92.42,25465,190898
05/23/2000,92.38,92.39,92.36,92.39,18231,191050
05/24/2000,92.40,92.44,92.37,92.38,19913,194180
05/25/2000,92.35,92.46,92.33,92.46,27605,192947
05/26/2000,92.43,92.50,92.43,92.49,20965,194504
05/30/2000,92.44,92.46,92.39,92.39,16447,197529
05/31/2000,92.38,92.47,92.38,92.44,36897,200145
06/01/2000,92.46,92.60,92.46,92.57,56430,206245
06/02/2000,92.58,92.82,92.58,92.71,62711,205516
06/05/2000,92.74,92.79,92.71,92.79,28933,209047
06/06/2000,92.77,92.77,92.68,92.75,32891,206895
06/07/2000,92.73,92.74,92.69,92.71,20618,207158
06/08/2000,92.68,92.69,92.61,92.69,46008,210718
06/09/2000,92.68,92.70,92.65,92.68,13936,209047
06/12/2000,92.68,92.74,92.67,92.72,13026,209693
06/13/2000,92.74,92.83,92.74,92.81,52563,211318
06/14/2000,92.79,92.88,92.79,92.86,40877,215267
06/15/2000,92.85,92.87,92.81,92.86,35976,217241
06/16/2000,92.85,92.96,92.85,92.93,62317,216173
06/19/2000,92.93,92.94,92.89,92.90,17383,215972
06/20/2000,92.87,92.89,92.85,92.85,22265,218876
06/21/2000,92.83,92.83,92.79,92.79,27810,218508
06/22/2000,92.78,92.83,92.76,92.77,22668,217917
06/23/2000,92.80,92.80,92.72,92.75,22447,214632
06/26/2000,92.76,92.81,92.75,92.81,13199,214789
06/27/2000,92.81,92.82,92.78,92.81,16231,217035
06/28/2000,92.82,92.83,92.76,92.81,25668,217473
06/29/2000,92.82,92.89,92.82,92.88,26321,220626
06/30/2000,92.89,92.90,92.87,92.88,15063,219742
07/03/2000,92.86,92.96,92.85,92.96,17900,220534
07/05/2000,93.02,93.06,93.01,93.01,36969,220433
07/06/2000,92.99,93.00,92.95,92.96,36326,216119
07/07/2000,92.96,93.07,92.96,93.04,47506,220108
07/10/2000,93.04,93.04,92.99,93.00,18315,216697
07/11/2000,92.99,93.01,92.98,92.98,27355,221913
07/12/2000,92.96,92.97,92.95,92.96,21528,225216
07/13/2000,92.97,93.03,92.96,93.02,20667,228575
07/14/2000,93.04,93.07,92.90,92.90,46619,215399
07/17/2000,92.91,92.91,92.85,92.86,24088,214707
07/18/2000,92.88,92.89,92.85,92.86,25426,213881
07/19/2000,92.84,92.86,92.82,92.85,16996,214644
07/20/2000,92.83,93.03,92.83,93.01,53850,219081
07/21/2000,93.00,93.04,92.99,93.01,21446,217218
07/24/2000,92.99,93.00,92.97,92.99,7754,218177
07/25/2000,93.00,93.02,92.99,93.00,14769,217052
07/26/2000,93.01,93.03,93.00,93.00,19909,215134
07/27/2000,93.00,93.06,92.95,93.03,30783,220290
07/28/2000,93.01,93.03,92.93,93.00,32044,218287
07/31/2000,92.97,93.00,92.96,93.00,19827,218317
08/01/2000,93.00,93.04,93.00,93.03,22439,221916
08/02/2000,93.04,93.08,93.04,93.07,26088,222273
08/03/2000,93.11,93.14,93.08,93.09,33700,221485
08/04/2000,93.10,93.19,93.10,93.18,49973,223193
08/07/2000,93.18,93.18,93.15,93.16,12483,224491
08/08/2000,93.15,93.21,93.15,93.20,24197,226305
08/09/2000,93.19,93.21,93.17,93.21,23335,227967
08/10/2000,93.21,93.24,93.21,93.24,24963,229888
08/11/2000,93.24,93.24,93.13,93.14,52086,225805
08/14/2000,93.13,93.16,93.12,93.15,12841,226558
08/15/2000,93.14,93.15,93.13,93.14,17063,229421
08/16/2000,93.14,93.14,93.10,93.12,22196,230198
08/17/2000,93.12,93.13,93.11,93.12,14188,228932
08/18/2000,93.12,93.18,93.10,93.17,19283,230777
08/21/2000,93.15,93.16,93.14,93.15,8939,228648
08/22/2000,93.16,93.16,93.12,93.14,15002,228166
08/23/2000,93.15,93.19,93.15,93.19,19134,229623
08/24/2000,93.22,93.25,93.19,93.21,26466,229738
08/25/2000,93.21,93.23,93.19,93.21,16815,230148
08/28/2000,93.21,93.21,93.15,93.15,15674,233329
08/29/2000,93.17,93.17,93.11,93.13,26047,236997
08/30/2000,93.11,93.14,93.11,93.13,19731,238643
08/31/2000,93.14,93.24,93.13,93.21,38268,243141
09/01/2000,93.23,93.36,93.23,93.34,81073,263114
09/05/2000,93.32,93.34,93.31,93.33,29349,261626
09/06/2000,93.32,93.32,93.29,93.29,19132,260448
09/07/2000,93.29,93.32,93.27,93.28,21674,265292
09/08/2000,93.30,93.32,93.29,93.31,17967,268443
09/11/2000,93.29,93.30,93.28,93.30,24595,270546
09/12/2000,93.31,93.32,93.29,93.32,21131,272588
09/13/2000,93.32,93.37,93.32,93.36,44244,269261
09/14/2000,93.38,93.40,93.35,93.37,77444,267406
09/15/2000,93.39,93.44,93.38,93.42,63348,243041
09/18/2000,93.43,93.49,93.43,93.47,53709,255787
09/19/2000,93.49,93.50,93.42,93.43,81762,262365
09/20/2000,93.43,93.47,93.40,93.41,81505,271976
09/21/2000,93.43,93.44,93.39,93.43,68853,280765
09/22/2000,93.51,93.51,93.46,93.47,30568,286378
09/25/2000,93.43,93.44,93.42,93.43,43987,284362
09/26/2000,93.43,93.48,93.42,93.47,56615,289110
09/27/2000,93.43,93.49,93.42,93.48,62495,297983
09/28/2000,93.48,93.51,93.48,93.48,53053,307241
09/29/2000,93.50,93.56,93.50,93.54,73160,309547
10/02/2000,93.53,93.56,93.51,93.54,51380,316196
10/03/2000,93.54,93.56,93.48,93.50,62508,318620
10/04/2000,93.53,93.54,93.47,93.47,64269,314378
10/05/2000,93.47,93.49,93.44,93.48,54757,314126
10/06/2000,93.49,93.49,93.39,93.47,126506,319880
10/10/2000,93.45,93.49,93.44,93.47,40477,315701
10/11/2000,93.51,93.56,93.50,93.52,65593,316710
10/12/2000,93.50,93.65,93.50,93.62,136636,321759
10/13/2000,93.64,93.66,93.60,93.61,72626,323653
10/16/2000,93.57,93.60,93.57,93.58,35184,321107
10/17/2000,93.57,93.66,93.56,93.65,64518,324549
10/18/2000,93.67,93.78,93.66,93.67,110025,325646
10/19/2000,93.62,93.70,93.60,93.65,79505,328020
10/20/2000,93.66,93.68,93.65,93.68,43668,328455
10/23/2000,93.68,93.72,93.68,93.71,34507,330537
10/24/2000,93.68,93.69,93.65,93.68,45508,330036
10/25/2000,93.71,93.72,93.63,93.64,80987,331140
10/26/2000,93.63,93.66,93.60,93.64,66214,332432
10/27/2000,93.61,93.64,93.57,93.58,114160,341789
10/30/2000,93.59,93.60,93.55,93.57,52596,343691
10/31/2000,93.57,93.62,93.57,93.61,72417,350183
11/01/2000,93.64,93.67,93.64,93.67,70454,354656
11/02/2000,93.68,93.69,93.66,93.68,62403,362544
11/03/2000,93.69,93.72,93.63,93.63,107744,374358
11/06/2000,93.63,93.64,93.58,93.59,58630,380585
11/07/2000,93.58,93.61,93.57,93.59,58933,383083
11/08/2000,93.57,93.60,93.56,93.58,58362,387241
11/09/2000,93.61,93.67,93.59,93.63,97801,392944
11/10/2000,93.64,93.68,93.64,93.66,63220,395137
11/13/2000,93.71,93.72,93.68,93.70,72095,396699
11/14/2000,93.68,93.68,93.65,93.67,52682,389882
11/15/2000,93.67,93.68,93.66,93.68,59252,388978
11/16/2000,93.70,93.72,93.69,93.72,51379,397319
11/17/2000,93.71,93.72,93.69,93.71,55994,400776
11/20/2000,93.72,93.74,93.71,93.72,34545,404232
11/21/2000,93.72,93.73,93.70,93.71,39270,401658
11/22/2000,93.75,93.76,93.74,93.75,50038,401870
11/24/2000,93.71,93.72,93.71,93.72,12298,403846
11/27/2000,93.69,93.74,93.69,93.72,32073,405447
11/28/2000,93.75,93.79,93.75,93.79,71647,415849
11/29/2000,93.81,93.87,93.79,93.85,100930,427889
11/30/2000,93.91,93.97,93.89,93.95,158729,429996
12/01/2000,93.91,93.94,93.89,93.90,102678,431424
12/04/2000,93.95,93.97,93.92,93.94,76738,438492
12/05/2000,93.93,94.07,93.93,94.07,153064,455330
12/06/2000,94.11,94.18,94.08,94.15,119117,460816
12/07/2000,94.17,94.18,94.10,94.17,99396,464601
12/08/2000,94.17,94.17,94.08,94.11,120846,464395
12/11/2000,94.08,94.09,94.07,94.08,39400,466649
12/12/2000,94.07,94.09,94.05,94.08,48087,473582
12/13/2000,94.11,94.21,94.11,94.21,125947,481265
12/14/2000,94.28,94.31,94.25,94.26,157274,491507
12/15/2000,94.25,94.35,94.21,94.33,143068,497612
12/18/2000,94.35,94.41,94.35,94.36,134606,489267
12/19/2000,94.36,94.37,94.32,94.36,121598,498338
12/20/2000,94.46,94.50,94.43,94.48,117758,507150
12/21/2000,94.50,94.60,94.49,94.59,107711,507306
12/22/2000,94.57,94.64,94.54,94.63,65535,497987
12/26/2000,94.62,94.63,94.59,94.61,28611,499694
12/27/2000,94.57,94.58,94.51,94.54,69630,507257
12/28/2000,94.52,94.53,94.45,94.49,80617,515753
12/29/2000,94.51,94.57,94.50,94.57,42013,511853
01/02/2001,94.61,94.82,94.59,94.81,143721,512857
01/03/2001,94.84,94.90,94.71,94.83,260674,532247
01/04/2001,94.89,94.98,94.88,94.97,206889,525155
01/05/2001,95.03,95.13,94.93,95.11,221333,527577
01/08/2001,95.07,95.19,95.06,95.16,167334,536851
01/09/2001,95.10,95.11,95.02,95.05,156384,543330
01/10/2001,95.06,95.06,94.90,94.97,202716,551072
01/11/2001,95.01,95.04,94.93,94.97,155747,545267
01/12/2001,94.98,94.98,94.82,94.83,200024,556873
01/16/2001,94.88,94.89,94.83,94.85,117459,549394
01/17/2001,94.81,94.95,94.77,94.92,212749,554573
01/18/2001,94.99,95.06,94.93,95.05,199745,550159
01/19/2001,95.01,95.11,95.01,95.04,183512,562864
01/22/2001,95.06,95.09,95.04,95.07,109355,572133
01/23/2001,95.07,95.10,94.97,94.99,157081,592718
01/24/2001,94.93,95.00,94.92,94.93,190483,579987
01/25/2001,94.91,94.97,94.80,94.93,249650,571564
01/26/2001,95.00,95.01,94.96,94.99,129965,571548
01/29/2001,95.02,95.06,95.00,95.02,95105,576160
01/30/2001,95.04,95.17,95.04,95.11,183167,584798
01/31/2001,95.15,95.20,95.10,95.18,171618,574553
02/01/2001,95.25,95.28,95.21,95.21,168566,560622
02/02/2001,95.20,95.21,95.07,95.08,218420,570274
02/05/2001,95.08,95.13,95.05,95.10,116054,576972
02/06/2001,95.07,95.10,95.04,95.07,98347,578793
02/07/2001,95.13,95.14,95.10,95.11,107618,581490
02/08/2001,95.08,95.11,95.05,95.09,115368,593034
02/09/2001,95.11,95.16,95.11,95.15,111513,604910
02/12/2001,95.15,95.17,95.13,95.13,88613,601489
02/13/2001,95.14,95.16,95.04,95.06,182798,626250
02/14/2001,95.04,95.06,94.96,94.97,178673,606321
02/15/2001,94.93,94.94,94.88,94.92,272345,599492
02/16/2001,94.97,95.07,94.89,95.05,214110,606243
02/20/2001,95.03,95.08,95.01,95.07,105521,601295
02/21/2001,95.07,95.14,95.04,95.11,169741,611776
02/22/2001,95.14,95.19,95.12,95.17,151032,613753
02/23/2001,95.20,95.29,95.20,95.28,187207,624806
02/26/2001,95.29,95.35,95.26,95.32,141877,623702
02/27/2001,95.36,95.40,95.33,95.34,177671,635802
02/28/2001,95.39,95.39,95.24,95.36,244212,657892
03/01/2001,95.38,95.43,95.33,95.36,178300,654884
03/02/2001,95.35,95.39,95.29,95.32,170905,654163
03/05/2001,95.32,95.32,95.29,95.32,71582,656459
03/06/2001,95.29,95.36,95.28,95.35,114599,662753
03/07/2001,95.35,95.40,95.35,95.39,106932,658844
03/08/2001,95.42,95.44,95.39,95.40,113150,659633
03/09/2001,95.42,95.43,95.29,95.34,243057,682954
03/12/2001,95.36,95.39,95.35,95.36,116535,680347
03/13/2001,95.38,95.41,95.36,95.36,167248,693422
03/14/2001,95.47,95.53,95.45,95.53,189685,705199
03/15/2001,95.50,95.64,95.50,95.63,176094,703943
03/16/2001,95.63,95.69,95.57,95.60,227028,702932
03/19/2001,95.57,95.58,95.55,95.56,86059,688228
03/20/2001,95.56,95.64,95.52,95.64,125715,715903
03/21/2001,95.71,95.74,95.66,95.70,187722,723097
03/22/2001,95.75,95.79,95.71,95.76,191138,723280
03/23/2001,95.68,95.72,95.66,95.67,160269,726843
03/26/2001,95.64,95.68,95.62,95.67,79561,718033
03/27/2001,95.68,95.75,95.51,95.52,264702,711785
03/28/2001,95.57,95.59,95.54,95.57,155363,708548
03/29/2001,95.61,95.63,95.57,95.62,113029,690019
03/30/2001,95.59,95.72,95.57,95.69,176488,696447
04/02/2001,95.72,95.74,95.63,95.67,163339,682679
04/03/2001,95.67,95.75,95.65,95.74,115759,681493
04/04/2001,95.72,95.81,95.71,95.80,154196,694436
04/05/2001,95.74,95.79,95.73,95.74,137775,689905
04/06/2001,95.75,95.86,95.75,95.84,248055,686806
04/09/2001,95.83,95.85,95.81,95.82,85486,676837
04/10/2001,95.79,95.80,95.66,95.69,201545,695098
04/11/2001,95.66,95.67,95.53,95.63,257746,691342
04/12/2001,95.60,95.70,95.58,95.58,174396,687122
04/16/2001,95.57,95.60,95.44,95.44,189490,682416
04/17/2001,95.54,95.56,95.45,95.55,196202,680239
04/18/2001,95.44,95.83,95.36,95.79,432204,665747
04/19/2001,95.85,95.88,95.79,95.79,258771,643551
04/20/2001,95.79,95.88,95.79,95.86,187846,636318
04/23/2001,95.89,95.95,95.89,95.94,133357,622896
04/24/2001,95.93,95.96,95.89,95.93,172233,625327
04/25/2001,95.95,95.96,95.85,95.86,192006,631382
04/26/2001,95.86,95.90,95.83,95.89,393,631896
04/27/2001,95.89,95.89,95.78,95.79,266408,664716
04/30/2001,95.75,95.79,95.72,95.79,149653,653559
05/01/2001,95.79,95.87,95.76,95.86,131484,650878
05/02/2001,95.86,95.86,95.81,95.82,119832,643687
05/03/2001,95.85,95.88,95.84,95.86,172336,650340
05/04/2001,95.88,96.03,95.88,95.99,320953,689091
05/07/2001,96.01,96.01,95.99,96.01,112317,695178
05/08/2001,96.01,96.07,96.00,96.04,145945,672720
05/09/2001,96.07,96.08,96.06,96.06,120046,676984
05/10/2001,96.06,96.06,95.97,95.99,158180,686500
05/11/2001,95.97,95.98,95.85,95.86,248340,691314
05/14/2001,95.89,95.95,95.87,95.94,154866,693745
05/15/2001,95.94,96.06,95.89,96.04,299015,674470
05/16/2001,96.06,96.10,96.04,96.04,263536,657139
05/17/2001,96.03,96.03,95.94,95.96,222662,657640
05/18/2001,95.95,95.96,95.88,95.94,202354,671819
05/21/2001,95.92,95.94,95.90,95.93,103481,658899
05/22/2001,95.93,95.97,95.93,95.97,89059,648879
05/23/2001,95.97,96.01,95.97,96.00,113239,639018
05/24/2001,96.00,96.06,95.94,95.99,171900,644303
05/25/2001,96.04,96.06,95.99,96.06,177480,635224
05/29/2001,96.07,96.09,96.04,96.06,114571,639702
05/30/2001,96.07,96.08,96.06,96.07,89058,637602
05/31/2001,96.07,96.14,96.07,96.13,174670,640765
06/01/2001,96.14,96.15,96.07,96.10,244384,662726
06/04/2001,96.11,96.12,96.09,96.11,76547,651137
06/05/2001,96.11,96.15,96.09,96.14,113757,656348
06/06/2001,96.13,96.14,96.11,96.13,127057,658955
06/07/2001,96.14,96.17,96.13,96.14,126577,659647
06/08/2001,96.13,96.15,96.12,96.14,74584,677494
06/11/2001,96.15,96.18,96.15,96.16,73554,683298
06/12/2001,96.17,96.19,96.17,96.18,92142,679375
06/13/2001,96.18,96.21,96.14,96.21,122229,683576
06/14/2001,96.19,96.25,96.19,96.22,143896,694759
06/15/2001,96.24,96.29,96.22,96.28,179777,711201
06/18/2001,96.32,96.33,96.31,96.31,144229,716173
06/19/2001,96.31,96.32,96.28,96.32,122357,722877
06/20/2001,96.34,96.35,96.32,96.34,99132,725362
06/21/2001,96.35,96.36,96.32,96.34,118166,726401
06/22/2001,96.33,96.39,96.33,96.39,81892,723120
06/25/2001,96.38,96.39,96.36,96.38,71935,720533
06/26/2001,96.39,96.39,96.33,96.35,114590,714404
06/27/2001,96.34,96.38,96.25,96.26,209742,730316
06/28/2001,96.25,96.25,96.13,96.17,270217,734318
06/29/2001,96.14,96.19,96.13,96.18,214244,735882
07/02/2001,96.18,96.22,96.18,96.21,91327,718836
07/03/2001,96.21,96.21,96.18,96.19,47926,716812
07/05/2001,96.21,96.22,96.19,96.21,76411,714494
07/06/2001,96.22,96.27,96.22,96.26,130094,710365
07/09/2001,96.27,96.28,96.26,96.26,58969,703476
07/10/2001,96.26,96.31,96.26,96.29,96530,683957
07/11/2001,96.32,96.36,96.31,96.32,150832,683085
07/12/2001,96.31,96.35,96.29,96.32,116401,694563
07/13/2001,96.31,96.33,96.29,96.29,82077,679938
07/16/2001,96.30,96.32,96.29,96.31,48118,673070
07/17/2001,96.31,96.32,96.30,96.31,56889,678070
07/18/2001,96.32,96.40,96.29,96.39,168219,693945
07/19/2001,96.38,96.39,96.36,96.39,84435,678518
07/20/2001,96.40,96.41,96.39,96.39,54973,681906
07/23/2001,96.36,96.39,96.36,96.39,39367,675055
07/24/2001,96.39,96.40,96.38,96.39,55151,677033
07/25/2001,96.38,96.39,96.37,96.39,49247,682389
07/26/2001,96.38,96.40,96.36,96.39,86538,683928
07/27/2001,96.39,96.44,96.39,96.43,104079,688760
07/30/2001,96.43,96.43,96.41,96.43,50425,694454
07/31/2001,96.43,96.47,96.42,96.46,92105,703360
08/01/2001,96.46,96.47,96.45,96.46,80244,708965
08/02/2001,96.45,96.46,96.43,96.43,68651,707884
08/03/2001,96.43,96.44,96.40,96.43,72571,702895
08/06/2001,96.45,96.45,96.43,96.43,36058,695908
08/07/2001,96.44,96.44,96.43,96.43,42785,692627
08/08/2001,96.44,96.49,96.44,96.49,72171,688499
08/09/2001,96.50,96.54,96.50,96.50,114423,689205
08/10/2001,96.51,96.56,96.51,96.54,89670,680305
08/13/2001,96.54,96.57,96.54,96.55,80394,686340
08/14/2001,96.53,96.54,96.52,96.53,60114,679272
08/15/2001,96.53,96.53,96.50,96.50,101740,679349
08/16/2001,96.51,96.54,96.49,96.54,96806,665023
08/17/2001,96.55,96.57,96.53,96.57,72539,661191
08/20/2001,96.56,96.56,96.54,96.54,54233,658762
08/21/2001,96.55,96.57,96.52,96.57,95073,660971
08/22/2001,96.55,96.56,96.54,96.55,63439,637363
08/23/2001,96.56,96.56,96.54,96.55,50152,632256
08/24/2001,96.54,96.54,96.52,96.53,44187,632284
08/27/2001,96.52,96.53,96.51,96.52,27397,641539
08/28/2001,96.53,96.56,96.52,96.55,56356,641433
08/29/2001,96.56,96.57,96.54,96.56,81671,629966
08/30/2001,96.57,96.60,96.56,96.59,85630,629479
08/31/2001,96.58,96.59,96.56,96.57,71355,618288
09/04/2001,96.57,96.57,96.47,96.48,120644,607320
09/05/2001,96.51,96.53,96.50,96.51,74276,614162
09/06/2001,96.53,96.56,96.53,96.54,112661,592663
09/07/2001,96.55,96.68,96.54,96.64,154940,580677
09/10/2001,96.69,96.69,96.65,96.65,69470,570849
09/11/2001,96.65,96.85,96.64,96.80,19505,580223
09/13/2001,96.88,96.96,96.85,96.93,127049,586622
09/14/2001,96.94,96.94,96.89,96.90,125544,575552
