870618,90.86,90.86,90.86,90.86,0,0
870619,90.8,90.92,90.79,90.87,51,51
870622,90.93,91.2,90.93,90.94,31,79
870623,90.94,91.05,90.9,90.94,113,147
870624,90.83,90.89,90.83,90.86,56,190
870625,90.94,90.94,90.88,90.88,30,197
870626,90.7,90.77,90.7,90.75,26,206
870629,90.7,90.8,90.65,90.8,25,221
870630,90.92,90.92,90.74,90.74,44,224
870701,90.76,90.8,90.76,90.78,48,250
870702,90.8,90.8,90.74,90.74,57,277
870706,90.84,90.87,90.8,90.8,148,354
870707,90.78,90.86,90.77,90.86,112,419
870708,90.85,90.85,90.81,90.84,125,474
870709,90.79,90.79,90.79,90.79,0,474
870710,90.87,90.88,90.87,90.88,0,451
870713,90.85,90.86,90.85,90.85,15,459
870714,90.8,90.84,90.8,90.83,77,493
870715,90.83,90.83,90.69,90.69,137,572
870716,90.72,90.74,90.71,90.71,169,663
870717,90.78,90.8,90.73,90.76,4,614
870720,90.71,90.73,90.71,90.72,13,607
870721,90.68,90.76,90.66,90.67,17,607
870722,90.67,90.68,90.53,90.53,16,606
870723,90.54,90.55,90.47,90.47,137,630
870724,90.45,90.49,90.43,90.45,182,770
870727,90.45,90.48,90.45,90.45,113,815
870728,90.5,90.55,90.33,90.44,63,856
870729,90.45,90.49,90.44,90.44,354,1097
870730,90.5,90.53,90.47,90.53,432,1427
870731,90.49,90.49,90.48,90.48,21,1448
870803,90.32,90.38,90.32,90.36,38,1458
870804,90.35,90.41,90.35,90.41,265,1623
870805,90.48,90.58,90.48,90.58,140,1694
870806,90.54,90.55,90.5,90.5,277,1920
870807,90.45,90.47,90.44,90.47,194,2029
870810,90.45,90.46,90.44,90.44,19,2033
870811,90.47,90.51,90.45,90.46,113,2046
870812,90.49,90.49,90.43,90.48,898,2862
870813,90.47,90.54,90.47,90.53,63,2885
870814,90.56,90.56,90.45,90.47,734,3147
870817,90.47,90.48,90.43,90.43,51,3154
870818,90.38,90.39,90.34,90.34,523,3505
870819,90.37,90.41,90.35,90.35,208,3610
870820,90.39,90.4,90.34,90.4,34,3607
870821,90.42,90.42,90.37,90.38,49,3655
870824,90.44,90.44,90.36,90.36,79,3714
870825,90.42,90.42,90.38,90.38,198,3896
870826,90.41,90.41,90.33,90.34,149,4016
870827,90.3,90.32,90.24,90.24,551,3777
870828,90.22,90.22,90.19,90.19,810,3510
870831,90.18,90.23,90.17,90.23,949,3329
870901,90.27,90.29,90.23,90.23,57,3325
870902,90.2,90.21,89.98,89.98,403,3424
870903,90.1,90.11,89.99,90.05,461,3368
870904,90.19,90.19,90,90.02,1139,4235
870908,90,90.02,89.76,89.76,665,4136
870909,89.73,89.86,89.73,89.78,148,4202
870910,89.98,89.98,89.75,89.76,81,4220
870911,89.8,89.89,89.71,89.85,689,4328
870914,89.94,90.04,89.93,89.93,634,4640
870915,89.93,90.04,89.93,90.01,1042,5028
870916,90.01,90.11,89.93,89.95,1225,5329
870917,89.99,89.99,89.9,89.91,177,5375
870918,90,90.02,89.97,90.02,68,5376
870921,90.12,90.12,89.94,89.95,161,5284
870922,89.97,90.07,89.96,90.07,306,5410
870923,90.01,90.12,90,90.07,104,5480
870924,90.02,90.02,89.94,89.94,34,5486
870925,89.9,89.91,89.87,89.89,263,5606
870928,89.94,89.96,89.89,89.89,83,5656
870929,89.9,89.95,89.75,89.75,21,5663
870930,89.74,89.8,89.73,89.76,350,5686
871001,89.81,89.86,89.76,89.78,127,5755
871002,89.75,89.88,89.72,89.84,209,5717
871005,89.81,89.84,89.79,89.79,190,5682
871006,89.75,89.75,89.73,89.74,192,5667
871007,89.71,89.84,89.7,89.83,633,6250
871008,89.85,89.85,89.61,89.61,815,6843
871009,89.6,89.6,89.45,89.45,190,6907
871012,89.45,89.5,89.44,89.5,31,6907
871013,89.58,89.59,89.45,89.54,290,7044
871014,89.56,89.56,89.16,89.16,177,7052
871015,89.14,89.29,88.9,89.25,505,7189
871016,89.36,89.39,89.19,89.19,259,7259
871019,89.1,89.43,89.07,89.37,119,7317
871020,90.47,90.67,90.17,90.55,237,7139
871021,90.35,90.6,90.25,90.5,274,7126
871022,90.53,90.55,90.4,90.45,194,7023
871023,90.49,90.49,89.87,89.87,2214,7094
871026,90.01,90.22,90.01,90.11,473,6730
871027,89.99,90.16,89.98,90.08,876,6811
871028,90.04,90.27,90.04,90.13,92,6783
871029,90.34,90.34,90.27,90.29,97,6817
871030,90.33,90.41,90.33,90.38,2538,8464
871102,90.37,90.4,90.34,90.34,139,8475
871103,90.27,90.45,90.27,90.44,93,8455
871104,90.54,90.55,90.42,90.46,183,8447
871105,90.6,90.64,90.54,90.59,699,8975
871106,90.57,90.57,90.35,90.43,677,8627
871109,90.38,90.4,90.37,90.38,195,7694
871110,90.32,90.39,90.32,90.36,149,7683
871111,90.34,90.34,90.34,90.34,0,7676
871112,90.3,90.37,90.3,90.37,259,7658
871113,90.33,90.43,90.33,90.36,62,7597
871116,90.37,90.45,90.37,90.4,449,7677
871117,90.35,90.51,90.35,90.49,285,7834
871118,90.51,90.53,90.42,90.42,87,7829
871119,90.44,90.46,90.42,90.46,155,7835
871120,90.48,90.5,90.45,90.47,135,7879
871123,90.53,90.53,90.49,90.49,10,7889
871124,90.56,90.56,90.47,90.47,126,7900
871125,90.45,90.45,90.38,90.38,141,7943
871127,90.28,90.33,90.21,90.21,27,7965
871130,90.18,90.49,90.18,90.48,75,7921
871201,90.48,90.48,90.4,90.47,264,7897
871202,90.44,90.51,90.44,90.49,128,7831
871203,90.59,90.59,90.49,90.53,99,7841
871204,90.52,90.55,90.51,90.54,233,7920
871207,90.45,90.49,90.43,90.43,56,7933
871208,90.41,90.47,90.41,90.43,68,7912
871209,90.48,90.5,90.43,90.49,196,7958
871210,90.48,90.5,90.36,90.36,108,7981
871211,90.28,90.35,90.28,90.28,414,8086
871214,90.25,90.29,90.24,90.26,298,8036
871215,90.3,90.54,90.3,90.54,279,8163
871216,90.51,90.54,90.47,90.54,501,8141
871217,90.62,90.64,90.48,90.48,1104,8269
871218,90.5,90.64,90.5,90.64,187,8250
871221,90.66,90.68,90.62,90.66,113,8261
871222,90.52,90.55,90.48,90.53,152,8290
871223,90.51,90.58,90.5,90.56,154,8282
871224,90.57,90.57,90.5,90.5,72,8296
871228,90.43,90.45,90.41,90.42,452,8388
871229,90.44,90.53,90.44,90.51,1039,8346
871230,90.57,90.61,90.5,90.57,749,8659
871231,90.51,90.52,90.47,90.47,215,8430
880104,90.58,90.58,90.5,90.53,30,8433
880105,90.65,90.65,90.57,90.57,186,8467
880106,90.62,90.62,90.57,90.58,169,8550
880107,90.54,90.59,90.52,90.59,99,8604
880108,90.56,90.58,90.47,90.49,396,8595
880111,90.54,90.58,90.5,90.58,209,8595
880112,90.6,90.62,90.56,90.56,471,8607
880113,90.55,90.62,90.55,90.62,367,8755
880114,90.6,90.64,90.57,90.57,310,8873
880115,90.72,90.87,90.72,90.87,135,8893
880118,90.88,90.88,90.87,90.87,190,8934
880119,90.86,90.86,90.79,90.83,273,9001
880120,90.84,90.88,90.81,90.85,138,9043
880121,90.9,91.03,90.9,90.97,433,9081
880122,91.05,91.06,91,91.02,171,9116
880125,91.06,91.06,91.01,91.02,149,9117
880126,90.96,91.01,90.93,90.93,153,9050
880127,91.1,91.16,91.09,91.16,161,8954
880128,91.36,91.37,91.19,91.21,260,8982
880129,91.28,91.28,91.22,91.23,214,8957
880201,91.28,91.31,91.17,91.2,201,9265
880202,91.18,91.32,91.16,91.32,425,8947
880203,91.38,91.39,91.28,91.28,214,8924
880204,91.27,91.33,91.27,91.33,281,8988
880205,91.43,91.52,91.31,91.49,486,8902
880208,91.41,91.42,91.39,91.42,383,8844
880209,91.45,91.46,91.43,91.45,653,9108
880210,91.49,91.52,91.48,91.52,814,9299
880211,91.5,91.53,91.43,91.44,423,9409
880212,91.41,91.51,91.29,91.3,389,9523
880216,91.28,91.32,91.24,91.32,310,9610
880217,91.33,91.38,91.31,91.31,197,9610
880218,91.25,91.36,91.25,91.36,486,9764
880219,91.36,91.41,91.35,91.37,120,9788
880222,91.38,91.4,91.36,91.4,190,9818
880223,91.4,91.5,91.4,91.5,323,9740
880224,91.53,91.53,91.46,91.49,554,9707
880225,91.45,91.55,91.44,91.48,1018,10315
880226,91.46,91.5,91.44,91.5,417,10470
880229,91.55,91.57,91.51,91.51,206,10187
880301,91.53,91.57,91.53,91.54,96,10151
880302,91.59,91.62,91.58,91.59,264,10114
880303,91.61,91.62,91.59,91.59,198,10034
880304,91.5,91.5,91.43,91.44,637,10167
880307,91.45,91.47,91.44,91.45,464,10451
880308,91.45,91.46,91.4,91.4,241,10605
880309,91.42,91.42,91.4,91.4,133,10627
880310,91.38,91.38,91.31,91.31,465,10682
880311,91.37,91.41,91.28,91.37,488,10854
880314,91.37,91.37,91.34,91.35,925,11121
880315,91.34,91.36,91.33,91.33,487,11245
880316,91.33,91.33,91.26,91.26,683,11300
880317,91.29,91.39,91.29,91.36,1182,11450
880318,91.38,91.38,91.28,91.28,590,11200
880321,91.2,91.21,91.17,91.18,610,11518
880322,91.22,91.25,91.21,91.21,553,11740
880323,91.23,91.23,91.14,91.17,541,11638
880324,91.13,91.16,91.09,91.16,1273,11907
880325,91.2,91.22,91.14,91.18,872,12062
880328,91.18,91.18,91.13,91.13,1228,12530
880329,91.13,91.16,91.12,91.14,291,12519
880330,91.15,91.15,91.1,91.1,551,12747
880331,91.1,91.12,91.09,91.12,420,12771
880404,90.97,90.99,90.94,90.95,428,12847
880405,90.96,90.98,90.94,90.96,261,12926
880406,90.98,91.02,90.96,91.01,147,13011
880407,91.05,91.09,91.05,91.07,537,13354
880408,91.08,91.19,91.08,91.17,408,13462
880411,91.18,91.19,91.12,91.12,540,13868
880412,91.13,91.2,91.12,91.2,535,13883
880413,91.22,91.23,91.16,91.21,716,13873
880414,91.22,91.22,91.04,91.13,469,13959
880415,91.04,91.08,91,91,303,13867
880418,90.96,91.01,90.94,90.96,575,13984
880419,90.97,91.06,90.97,91.01,1071,14069
880420,90.99,91.07,90.99,91.04,606,14229
880421,91.06,91.06,91.04,91.04,357,14341
880422,91.07,91.11,91.07,91.07,295,14491
880425,91.07,91.09,91.04,91.04,213,14510
880426,90.99,91.11,90.99,91.05,538,14613
880427,91.06,91.1,91.05,91.06,435,14777
880428,91.01,91.03,90.98,90.99,229,14716
880429,90.94,91.01,90.93,90.96,363,14989
880502,90.91,90.93,90.89,90.89,411,15032
880503,90.92,90.96,90.92,90.95,245,15097
880504,90.99,90.99,90.95,90.95,933,15297
880505,90.93,90.98,90.93,90.97,391,15090
880506,90.97,90.99,90.85,90.85,438,15220
880509,90.82,90.85,90.82,90.85,187,15258
880510,90.83,90.85,90.78,90.78,785,15114
880511,90.79,90.84,90.79,90.8,503,15114
880512,90.84,90.9,90.8,90.88,626,15075
880513,90.93,90.99,90.93,90.97,496,15011
880516,90.99,90.99,90.86,90.87,671,15164
880517,90.88,90.88,90.77,90.77,440,15191
880518,90.77,90.79,90.72,90.73,917,15058
880519,90.77,90.77,90.71,90.71,635,15166
880520,90.72,90.75,90.69,90.69,437,15047
880523,90.66,90.66,90.64,90.64,559,15123
880524,90.66,90.67,90.65,90.65,191,15217
880525,90.7,90.72,90.67,90.67,316,15151
880526,90.68,90.68,90.62,90.65,752,15241
880527,90.62,90.67,90.61,90.64,2834,15670
880531,90.63,90.68,90.63,90.68,415,15077
880601,90.73,90.85,90.73,90.83,657,14994
880602,90.9,90.9,90.79,90.8,406,14943
880603,90.83,90.93,90.8,90.92,532,14870
880606,90.94,90.94,90.84,90.9,489,14953
880607,90.85,90.88,90.83,90.86,548,15263
880608,90.84,90.95,90.84,90.93,492,15331
880609,90.9,90.94,90.87,90.92,513,15211
880610,90.92,90.95,90.9,90.93,202,15117
880613,90.96,90.99,90.96,90.98,618,15164
880614,90.98,91.2,90.98,91.2,952,15107
880615,91.19,91.2,91.12,91.13,686,15010
880616,91.01,91.02,90.95,90.97,937,15154
880617,90.92,90.92,90.78,90.79,798,15395
880620,90.79,90.86,90.73,90.84,449,15396
880621,90.82,90.89,90.8,90.8,1080,15442
880622,90.91,90.98,90.91,90.97,775,15318
880623,91.07,91.07,90.92,90.93,262,15396
880624,90.93,90.96,90.89,90.91,1521,15953
880627,90.88,90.88,90.85,90.86,1310,15872
880628,90.84,90.91,90.83,90.91,786,16175
880629,90.93,90.99,90.92,90.97,725,16293
880630,90.97,91.02,90.96,91.02,303,16349
880701,91.07,91.08,91.06,91.07,313,16338
880705,90.99,91.02,90.99,91.02,1001,16488
880706,90.98,90.99,90.96,90.97,678,16347
880707,90.92,90.95,90.9,90.93,961,16489
880708,90.93,90.93,90.78,90.79,933,16520
880711,90.78,90.83,90.78,90.83,663,16639
880712,90.84,90.85,90.81,90.81,622,16596
880713,90.79,90.84,90.78,90.78,1151,17028
880714,90.8,90.81,90.74,90.78,895,17093
880715,90.78,90.83,90.77,90.79,433,17160
880718,90.78,90.78,90.75,90.75,684,17131
880719,90.78,90.82,90.78,90.8,748,17158
880720,90.84,90.87,90.78,90.8,421,17010
880721,90.76,90.76,90.72,90.73,377,17061
880722,90.73,90.78,90.72,90.78,479,17140
880725,90.77,90.77,90.74,90.77,429,17040
880726,90.74,90.76,90.72,90.75,166,17079
880727,90.71,90.72,90.62,90.62,799,17051
880728,90.65,90.66,90.62,90.63,1362,17668
880729,90.65,90.68,90.65,90.67,1312,18074
880801,90.7,90.7,90.69,90.7,1024,16999
880802,90.71,90.78,90.71,90.78,558,16105
880803,90.8,90.81,90.76,90.79,216,16106
880804,90.78,90.83,90.78,90.82,666,16042
880805,90.76,90.77,90.62,90.64,1102,16201
880808,90.63,90.68,90.63,90.66,506,16471
880809,90.69,90.7,90.52,90.55,529,16692
880810,90.53,90.55,90.52,90.52,1620,17061
880811,90.5,90.5,90.46,90.49,623,16991
880812,90.48,90.48,90.42,90.44,1226,17434
880815,90.4,90.44,90.4,90.41,821,17781
880816,90.39,90.44,90.33,90.41,442,17960
880817,90.46,90.47,90.4,90.41,399,17912
880818,90.39,90.44,90.39,90.39,500,17939
880819,90.4,90.42,90.35,90.35,750,18138
880822,90.35,90.36,90.31,90.31,626,18256
880823,90.29,90.36,90.29,90.34,671,18403
880824,90.35,90.39,90.35,90.35,675,18743
880825,90.33,90.33,90.23,90.28,751,18922
880826,90.27,90.29,90.25,90.27,1049,19011
880829,90.27,90.33,90.27,90.32,624,19283
880830,90.35,90.39,90.35,90.38,528,19321
880831,90.45,90.47,90.41,90.41,738,19266
880901,90.4,90.46,90.39,90.44,572,19241
880902,90.42,90.7,90.42,90.69,836,19206
880906,90.72,90.72,90.68,90.69,617,19064
880907,90.75,90.78,90.71,90.71,637,18948
880908,90.7,90.73,90.69,90.73,959,18771
880909,90.78,90.81,90.7,90.81,1031,18663
880912,90.82,90.82,90.79,90.79,390,18587
880913,90.79,90.79,90.74,90.76,747,18392
880914,90.87,90.89,90.78,90.81,915,18434
880915,90.82,90.86,90.76,90.78,1790,18214
880916,90.76,90.78,90.74,90.76,1154,17968
880919,90.77,90.78,90.73,90.73,789,17918
880920,90.68,90.75,90.68,90.73,704,17983
880921,90.77,90.79,90.76,90.76,873,18042
880922,90.81,90.81,90.74,90.74,744,18218
880923,90.74,90.74,90.67,90.69,450,18318
880926,90.68,90.7,90.65,90.66,426,18348
880927,90.62,90.67,90.62,90.63,974,18661
880928,90.63,90.67,90.63,90.63,1151,18904
880929,90.7,90.74,90.64,90.72,780,18876
880930,90.74,90.91,90.73,90.87,1215,20311
881003,90.92,90.96,90.89,90.89,602,20518
881004,90.9,90.9,90.87,90.9,490,20422
881005,90.91,90.93,90.89,90.89,781,20099
881006,90.87,90.88,90.85,90.85,659,20159
881007,90.87,91.12,90.87,91.09,1415,20227
881010,91.05,91.09,91.04,91.05,150,20169
881011,91.04,91.05,91.03,91.04,344,20182
881012,90.99,91,90.97,90.98,644,20113
881013,91.03,91.03,90.93,91.01,656,20288
881014,91.05,91.1,91.04,91.05,498,20092
881017,91.04,91.05,91.01,91.05,566,19233
881018,91.05,91.09,91.04,91.06,440,19223
881019,91.09,91.1,91.02,91.02,765,19200
881020,90.99,91.06,90.99,91.06,283,19253
881021,91.06,91.07,91.02,91.02,546,19331
881024,91.02,91.02,90.98,90.98,857,19576
881025,91,91.03,90.99,91.02,597,19584
881026,91.08,91.09,91.05,91.07,389,19669
881027,91.07,91.18,91.06,91.18,562,19767
881028,91.2,91.24,91.2,91.23,1028,19903
881031,91.22,91.25,91.21,91.25,1054,19775
881101,91.31,91.32,91.27,91.27,1226,19758
881102,91.24,91.25,91.21,91.23,1351,20121
881103,91.23,91.25,91.22,91.24,918,20155
881104,91.29,91.29,91.08,91.09,1162,20365
881107,91.07,91.07,90.97,90.97,770,20497
881108,91.01,91.02,90.96,91.01,1778,20885
881109,90.95,91,90.94,91,1142,21093
881110,90.97,91.01,90.94,90.94,1005,21222
881111,90.86,90.88,90.85,90.85,379,21177
881114,90.95,90.95,90.92,90.93,918,21297
881115,90.9,90.92,90.87,90.89,1781,20982
881116,90.9,90.93,90.8,90.82,1847,21071
881117,90.82,90.85,90.76,90.78,1370,21093
881118,90.83,90.83,90.78,90.8,1004,20876
881121,90.81,90.82,90.73,90.73,660,20687
881122,90.71,90.71,90.65,90.67,1492,21200
881123,90.68,90.7,90.66,90.67,639,20971
881125,90.58,90.58,90.53,90.56,609,20867
881128,90.52,90.56,90.52,90.55,1191,21027
881129,90.54,90.62,90.53,90.61,1480,21210
881130,90.67,90.79,90.64,90.79,2090,21307
881201,90.76,90.79,90.7,90.74,2720,21347
881202,90.74,90.74,90.44,90.47,1504,21306
881205,90.51,90.52,90.48,90.51,2119,22068
881206,90.57,90.73,90.57,90.73,1400,21541
881207,90.71,90.75,90.64,90.65,1653,21252
881208,90.63,90.64,90.6,90.63,1141,21363
881209,90.62,90.65,90.6,90.61,1081,21469
881212,90.61,90.64,90.59,90.6,963,21726
881213,90.62,90.62,90.53,90.55,1402,21859
881214,90.53,90.53,90.46,90.48,1423,22014
881215,90.47,90.49,90.42,90.43,2391,22144
881216,90.44,90.49,90.44,90.45,1997,22378
881219,90.48,90.5,90.46,90.47,881,22511
881220,90.54,90.6,90.5,90.52,1839,22782
881221,90.52,90.58,90.49,90.58,1274,23109
881222,90.59,90.59,90.55,90.56,864,23095
881223,90.56,90.58,90.54,90.58,159,23139
881227,90.56,90.56,90.47,90.48,290,23044
881228,90.49,90.49,90.38,90.4,395,23002
881229,90.43,90.43,90.37,90.41,762,23058
881230,90.4,90.43,90.39,90.41,605,23130
890103,90.31,90.33,90.3,90.31,1289,23836
890104,90.34,90.34,90.24,90.27,2036,23733
890105,90.25,90.28,90.22,90.24,2546,23884
890106,90.26,90.28,90.23,90.25,1289,23951
890109,90.3,90.32,90.27,90.27,951,23881
890110,90.28,90.34,90.28,90.3,1380,24574
890111,90.33,90.34,90.3,90.32,1245,24237
890112,90.32,90.4,90.3,90.39,2082,24681
890113,90.37,90.52,90.37,90.48,1208,24084
890116,90.51,90.51,90.5,90.5,280,24143
890117,90.45,90.48,90.45,90.46,1207,24279
890118,90.4,90.55,90.4,90.5,1237,24339
890119,90.53,90.56,90.51,90.51,2070,24124
890120,90.52,90.54,90.48,90.49,912,24152
890123,90.5,90.52,90.49,90.52,299,23932
890124,90.53,90.64,90.51,90.6,1599,24373
890125,90.62,90.62,90.5,90.51,1951,24372
890126,90.47,90.52,90.42,90.47,1471,24251
890127,90.48,90.59,90.48,90.54,2734,24844
890130,90.57,90.57,90.5,90.5,886,24898
890131,90.52,90.52,90.48,90.49,1109,25023
890201,90.48,90.5,90.47,90.49,1158,25232
890202,90.49,90.49,90.47,90.48,1221,25814
890203,90.47,90.48,90.38,90.39,3193,26758
890206,90.39,90.41,90.36,90.39,1561,26513
890207,90.36,90.46,90.36,90.45,2029,26405
890208,90.45,90.51,90.44,90.46,1966,27561
890209,90.41,90.45,90.38,90.38,3891,27521
890210,90.33,90.34,90.22,90.24,2766,27807
890213,90.22,90.23,90.2,90.21,2433,28037
890214,90.19,90.23,90.13,90.13,3928,28634
890215,90.09,90.19,90.07,90.14,2843,29581
890216,90.19,90.21,90.14,90.17,2410,30712
890217,90.17,90.18,90.16,90.17,1362,30834
890221,90.18,90.19,90.14,90.16,1292,31052
890222,90.12,90.12,90.05,90.07,3147,31786
890223,90.03,90.03,89.87,89.87,5296,33085
890224,89.88,89.95,89.76,89.83,5768,34293
890227,89.7,89.93,89.69,89.9,7229,36408
890228,89.91,89.98,89.87,89.97,6625,39435
890301,90,90.07,89.97,89.97,4216,39762
890302,89.99,90.02,89.96,90.02,3095,39957
890303,90.03,90.07,90,90.06,3343,40714
890306,90.1,90.13,90.1,90.13,1786,41475
890307,90.18,90.18,90.02,90.04,3050,42016
890308,90.02,90.05,89.99,90.05,4181,43210
890309,90.02,90.02,89.98,90.01,3811,44330
890310,90.01,90.01,89.83,89.83,5688,46235
890313,89.84,89.86,89.8,89.8,3089,47323
890314,89.81,89.87,89.77,89.79,4280,48209
890315,89.86,89.86,89.73,89.77,3639,48912
890316,89.75,89.8,89.71,89.78,6483,49742
890317,89.8,89.82,89.45,89.48,8703,53890
890320,89.45,89.45,89.32,89.36,15188,62955
890321,89.31,89.44,89.28,89.37,7410,64290
890322,89.43,89.48,89.42,89.47,7381,63351
890323,89.52,89.53,89.4,89.43,3893,64719
890327,89.42,89.42,89.32,89.34,1574,62825
890328,89.28,89.33,89.26,89.28,3283,63184
890329,89.33,89.35,89.29,89.34,4830,64408
890330,89.4,89.42,89.33,89.34,4545,64983
890331,89.35,89.39,89.33,89.39,2457,64888
890403,89.49,89.72,89.46,89.64,5776,65403
890404,89.61,89.8,89.61,89.78,5659,65656
890405,89.78,89.84,89.77,89.81,3859,64312
890406,89.73,89.74,89.66,89.73,2998,63661
890407,89.71,89.8,89.66,89.68,3470,64246
890410,89.61,89.67,89.58,89.66,2519,64889
890411,89.65,89.69,89.63,89.63,2447,64775
890412,89.64,89.68,89.63,89.67,1756,64748
890413,89.66,89.67,89.6,89.6,3158,65056
890414,89.57,90.06,89.57,90.04,6833,65226
890417,89.94,89.97,89.93,89.96,2853,65297
890418,89.91,90.34,89.91,90.26,5894,64264
890419,90.14,90.32,90.12,90.26,4499,64075
890420,90.26,90.33,90,90.03,5900,64407
890421,90.06,90.1,90.03,90.1,2597,64672
890424,90.1,90.11,90.05,90.09,1438,64775
890425,90.07,90.19,90.07,90.17,3920,62101
890426,90.27,90.29,90.18,90.24,2697,64557
890427,90.33,90.43,90.29,90.42,4762,64056
890428,90.52,90.58,90.32,90.4,4283,64369
890501,90.18,90.22,90.18,90.19,1739,64175
890502,90.21,90.32,90.21,90.31,1810,63692
890503,90.33,90.43,90.28,90.39,3324,63592
890504,90.35,90.4,90.35,90.4,2382,63818
890505,90.37,90.66,90.37,90.59,3843,62996
890508,90.52,90.6,90.52,90.59,1683,62897
890509,90.53,90.55,90.45,90.46,2779,63473
890510,90.46,90.46,90.4,90.42,2423,63773
890511,90.37,90.59,90.37,90.58,5114,63992
890512,90.61,91.05,90.61,90.96,9671,65383
890515,90.99,90.99,90.89,90.9,4922,65368
890516,90.86,90.87,90.8,90.82,4225,65008
890517,90.89,90.9,90.76,90.86,4674,64695
890518,90.89,90.91,90.82,90.83,6299,62949
890519,90.85,90.89,90.82,90.83,5416,61457
890522,90.99,91.03,90.95,91.02,5647,62561
890523,91.13,91.14,91,91.1,7235,62184
890524,91.01,91.07,90.99,91.06,4285,63058
890525,90.97,91.05,90.92,90.93,4866,64162
890526,90.86,91.02,90.86,90.95,4495,63487
890530,91.02,91.08,90.97,90.97,3237,62211
890531,90.97,91.01,90.92,91,5352,63143
890601,90.99,91.01,90.95,90.99,4602,63342
890602,90.99,91.39,90.98,91.35,9280,65641
890605,91.43,91.48,91.41,91.45,5735,66039
890606,91.43,91.45,91.38,91.41,4736,66243
890607,91.43,91.55,91.43,91.53,4438,67130
890608,91.56,91.59,91.55,91.58,5617,67773
890609,91.63,91.72,91.4,91.72,9532,69858
890612,91.68,91.73,91.65,91.65,5055,70005
890613,91.57,91.59,91.45,91.47,7957,71340
890614,91.48,91.56,91.47,91.55,3992,71902
890615,91.6,91.65,91.38,91.4,7073,72800
890616,91.43,91.44,91.25,91.37,6560,73011
890619,91.38,91.41,91.34,91.36,3952,73568
890620,91.26,91.41,91.26,91.4,7889,74294
890621,91.4,91.42,91.27,91.29,4355,75068
890622,91.26,91.33,91.23,91.29,3773,75590
890623,91.3,91.56,91.3,91.52,6259,76762
890626,91.54,91.62,91.52,91.61,6009,75741
890627,91.6,91.64,91.55,91.61,8252,74759
890628,91.66,91.69,91.59,91.64,6819,74386
890629,91.56,91.81,91.56,91.77,6728,73641
890630,91.74,91.83,91.73,91.79,5387,73827
890703,91.79,91.85,91.77,91.82,2779,73475
890705,91.86,91.94,91.83,91.91,5201,73207
890706,91.9,91.98,91.89,91.98,6201,74391
890707,91.95,92.14,91.89,92.05,17170,77075
890710,92.07,92.16,92.07,92.11,12748,78165
890711,92.12,92.21,92.12,92.15,10708,79569
890712,92.2,92.21,92.11,92.16,10045,81088
890713,92.16,92.18,92.13,92.16,12019,80419
890714,92.14,92.34,92.1,92.15,17312,82734
890717,92.12,92.15,92.11,92.12,5837,82724
890718,92.06,92.07,91.94,91.96,13443,83689
890719,91.91,92.06,91.89,92.06,11627,83281
890720,92.13,92.21,92.11,92.13,9638,84686
890721,92.08,92.08,91.96,91.98,7381,83607
890724,91.95,92.01,91.94,92.01,4216,83482
890725,92.02,92.1,92.02,92.08,6779,84156
890726,92.12,92.16,92.06,92.09,7401,85523
890727,92.16,92.23,92.15,92.23,16431,87492
890728,92.22,92.28,92.18,92.28,14066,87122
890731,92.34,92.36,92.3,92.33,8564,88070
890801,92.38,92.46,92.33,92.35,11820,88138
890802,92.33,92.35,92.28,92.3,5476,88857
890803,92.31,92.32,92.22,92.22,9111,88406
890804,92.22,92.24,91.77,91.78,20222,87895
890807,91.81,91.88,91.78,91.88,14176,87283
890808,91.93,92.04,91.93,91.98,16213,88918
890809,91.99,91.99,91.95,91.96,9931,88087
890810,91.89,92.1,91.88,92.03,7629,87468
890811,92.09,92.3,91.76,91.8,29624,86842
890814,91.8,91.83,91.47,91.49,13152,87159
890815,91.54,91.61,91.38,91.56,17976,84507
890816,91.64,91.71,91.58,91.71,7394,85044
890817,91.74,91.81,91.53,91.62,17010,86370
890818,91.57,91.68,91.48,91.64,13238,85812
890821,91.64,91.66,91.55,91.55,4501,84689
890822,91.54,91.56,91.47,91.48,10594,84627
890823,91.48,91.55,91.47,91.54,6672,84615
890824,91.58,91.63,91.56,91.58,5880,84463
890825,91.63,91.63,91.56,91.57,3086,84578
890828,91.55,91.55,91.48,91.5,3179,85334
890829,91.49,91.53,91.41,91.48,6642,86436
890830,91.47,91.5,91.46,91.49,4040,86831
890831,91.49,91.51,91.46,91.5,5075,89274
890901,91.46,91.58,91.29,91.58,18169,90992
890905,91.49,91.57,91.48,91.51,9425,91945
890906,91.52,91.54,91.47,91.49,6755,92392
890907,91.52,91.55,91.49,91.51,5884,93141
890908,91.51,91.6,91.5,91.6,3943,93044
890911,91.61,91.68,91.61,91.68,6798,93996
890912,91.65,91.71,91.64,91.69,9238,94726
890913,91.65,91.65,91.65,91.65,9386,95035
890914,91.65,91.8,91.63,91.72,15463,96436
890915,91.74,91.84,91.62,91.71,19887,97801
890918,91.71,91.71,91.68,91.69,6352,97380
890919,91.67,91.76,91.66,91.72,11195,97137
890920,91.7,91.7,91.57,91.59,14343,97074
890921,91.59,91.61,91.52,91.53,12696,97496
890922,91.54,91.57,91.5,91.53,10819,97821
890925,91.48,91.49,91.4,91.42,10782,98781
890926,91.42,91.45,91.35,91.44,19868,100727
890927,91.4,91.47,91.39,91.44,12455,101802
890928,91.45,91.47,91.36,91.39,16656,103827
890929,91.3,91.34,91.16,91.29,33132,107103
891002,91.29,91.35,91.28,91.29,13993,107129
891003,91.35,91.41,91.33,91.38,23972,109738
891004,91.39,91.4,91.33,91.34,13222,102770
891005,91.35,91.45,91.26,91.44,24988,102715
891006,91.45,91.78,91.45,91.76,66863,106224
891009,91.82,91.88,91.82,91.88,10140,106595
891010,91.9,91.96,91.81,91.82,46181,110063
891011,91.82,91.84,91.77,91.8,27615,109737
891012,91.82,91.92,91.82,91.91,35433,113315
891013,91.94,91.95,91.77,91.94,56875,115128
891016,92.25,92.25,91.87,91.94,69828,115288
891017,91.94,92.08,91.87,91.96,47334,114413
891018,91.94,92.02,91.9,91.94,32426,111832
891019,91.9,91.99,91.89,91.96,29383,108994
891020,91.96,92.04,91.96,91.96,26023,112430
891023,91.97,92.04,91.95,92.03,14716,113215
891024,92.05,92.22,92.01,92.11,58985,117533
891025,92.11,92.14,92.09,92.12,34716,123062
891026,92.11,92.15,92.09,92.11,40034,128219
891027,92.12,92.13,92.02,92.04,29765,129403
891030,92.04,92.06,92.02,92.04,17153,130011
891031,92.08,92.11,92,92.02,36504,135499
891101,92.03,92.08,91.99,92.06,44842,139888
891102,92.07,92.1,92.05,92.07,27653,141119
891103,92.06,92.07,91.87,91.89,68314,139849
891106,91.88,91.89,91.81,91.82,43721,143547
891107,91.86,92.07,91.83,92.06,69691,152199
891108,92.07,92.17,92.07,92.11,61973,156298
891109,92.12,92.16,92.05,92.07,65306,161809
891110,92.06,92.1,92.05,92.08,21876,160995
891113,92.09,92.15,92.07,92.14,31492,164376
891114,92.14,92.24,92.14,92.22,119248,179892
891115,92.22,92.27,92.2,92.23,74244,183597
891116,92.26,92.29,92.17,92.22,106323,191997
891117,92.2,92.2,92.14,92.15,62213,195125
891120,92.17,92.18,92.14,92.15,29720,195424
891121,92.11,92.2,92.07,92.18,95138,197664
891122,92.18,92.33,92.15,92.32,102596,201372
891124,92.34,92.37,92.3,92.32,45526,203168
891127,92.33,92.35,92.15,92.17,135689,210658
891128,92.18,92.18,92.11,92.16,93572,211259
891129,92.14,92.17,92.12,92.15,64192,211460
891130,92.15,92.22,92.15,92.21,65716,214718
891201,92.22,92.27,92.22,92.23,58933,217637
891204,92.24,92.25,92.21,92.24,34664,219821
891205,92.24,92.25,92.23,92.24,19434,220472
891206,92.24,92.24,92.12,92.13,57781,224542
891207,92.13,92.14,92.02,92.06,95750,223525
891208,92.06,92.24,91.9,92.2,167150,234787
891211,92.2,92.22,92.17,92.19,49948,229238
891212,92.17,92.21,92.16,92.18,43440,231409
891213,92.15,92.18,92.06,92.16,106822,237877
891214,92.14,92.22,92.14,92.2,81702,233869
891215,92.22,92.26,92.15,92.16,118377,234470
891218,92.12,92.19,92.12,92.18,64661,237196
891219,92.16,92.18,92.07,92.09,95002,243915
891220,92.12,92.22,92.11,92.19,103193,246793
891221,92.19,92.21,92.17,92.18,41091,238374
891222,92.18,92.18,92.1,92.11,40255,242141
891226,92.1,92.11,91.94,91.96,85538,243248
891227,92.02,92.03,91.95,91.98,68119,244800
891228,92,92.03,91.98,92,34516,240564
891229,92.01,92.05,91.96,91.98,38239,242055
900102,91.97,92,91.9,91.91,81229,247821
900103,91.9,91.92,91.84,91.85,108027,245257
900104,91.85,91.95,91.84,91.89,99681,244021
900105,91.92,92.02,91.89,91.94,156705,247772
900108,91.91,91.96,91.9,91.94,81851,247429
900109,91.95,91.97,91.93,91.95,46474,247346
900110,91.96,91.99,91.94,91.97,55887,243821
900111,91.99,92,91.95,91.96,50953,240967
900112,91.92,92.03,91.86,91.98,151674,245241
900115,91.95,91.95,91.9,91.91,38341,241092
900116,91.91,91.96,91.82,91.83,120310,244504
900117,91.84,91.86,91.78,91.8,116804,245962
900118,91.67,91.71,91.58,91.59,181745,250776
900119,91.66,91.7,91.64,91.69,86550,242811
900122,91.72,91.74,91.68,91.72,51510,238748
900123,91.69,91.72,91.66,91.72,51613,238764
900124,91.64,91.72,91.64,91.71,79885,241933
900125,91.7,91.74,91.66,91.67,72706,244453
900126,91.68,91.72,91.61,91.66,126266,241796
900129,91.67,91.69,91.64,91.65,43768,238827
900130,91.64,91.67,91.58,91.64,80328,237644
900131,91.62,91.67,91.58,91.65,57565,231993
900201,91.67,91.69,91.64,91.66,38942,228148
900202,91.65,91.67,91.61,91.62,34659,224567
900205,91.61,91.62,91.6,91.62,17590,218356
900206,91.61,91.62,91.58,91.62,27782,215811
900207,91.59,91.61,91.57,91.61,28522,210524
900208,91.61,91.64,91.6,91.62,23730,207848
900209,91.62,91.68,91.62,91.66,37091,208221
900212,91.67,91.7,91.64,91.65,23237,204885
900213,91.66,91.7,91.64,91.69,34141,198760
900214,91.69,91.71,91.68,91.69,17490,197079
900215,91.68,91.69,91.64,91.65,18819,192914
900216,91.66,91.67,91.64,91.65,18618,192620
900220,91.63,91.63,91.56,91.57,37401,183468
900221,91.59,91.6,91.55,91.57,24857,179775
900222,91.58,91.62,91.55,91.6,18102,175564
900223,91.61,91.64,91.6,91.63,19381,174003
900226,91.65,91.66,91.63,91.65,15086,170268
900227,91.64,91.67,91.64,91.65,21939,166909
900228,91.65,91.65,91.62,91.63,13328,164684
900301,91.63,91.63,91.57,91.59,19416,161038
900302,91.58,91.61,91.56,91.58,14245,158668
900305,91.57,91.59,91.55,91.56,12994,156341
900306,91.56,91.59,91.55,91.58,17194,152689
900307,91.58,91.6,91.58,91.59,11512,149524
900308,91.59,91.59,91.56,91.58,7463,148596
900309,91.58,91.58,91.48,91.49,27201,146737
900312,91.48,91.5,91.48,91.49,8921,145063
900313,91.48,91.48,91.44,91.44,18393,141865
900314,91.43,91.45,91.41,91.44,19111,140273
900315,91.44,91.44,91.43,91.44,7639,138302
900316,91.44,91.5,91.42,91.49,28440,133547
900319,91.5,91.5,91.49,91.5,11071,131415
