930914,93.7,93.7,93.55,93.55,110,100
930915,93.45,93.56,93.45,93.56,60,160
930916,93.53,93.53,93.53,93.53,50,210
930917,93.53,93.53,93.49,93.52,25,235
930920,93.48,93.48,93.48,93.48,15,250
930921,93.43,93.46,93.43,93.44,150,400
930922,93.4,93.4,93.38,93.39,80,465
930923,93.39,93.41,93.38,93.38,69,490
930924,93.37,93.39,93.36,93.38,122,593
930927,93.44,93.44,93.44,93.44,90,683
930928,93.44,93.47,93.44,93.46,210,718
930929,93.46,93.46,93.41,93.41,125,757
930930,93.39,93.39,93.35,93.36,19,749
931001,93.37,93.42,93.34,93.42,25,749
931004,93.42,93.45,93.42,93.44,20,744
931005,93.41,93.41,93.41,93.41,0,744
931006,93.41,93.41,93.4,93.41,57,744
931007,93.41,93.41,93.39,93.4,165,807
931008,93.44,93.49,93.39,93.49,350,1007
931011,93.48,93.48,93.48,93.48,10,1007
931012,93.47,93.5,93.47,93.48,140,1045
931013,93.49,93.5,93.48,93.48,95,1031
931014,93.54,93.55,93.54,93.55,36,1049
931015,93.63,93.63,93.59,93.62,54,1064
931018,93.61,93.61,93.54,93.54,8,1070
931019,93.53,93.54,93.53,93.54,8,1062
931020,93.56,93.57,93.56,93.57,157,1209
931021,93.49,93.49,93.48,93.48,7,1202
931022,93.45,93.47,93.4,93.4,104,1309
931025,93.29,93.3,93.28,93.3,200,1319
931026,93.3,93.33,93.29,93.33,415,1467
931027,93.3,93.34,93.3,93.31,144,1577
931028,93.25,93.32,93.23,93.32,137,1664
931029,93.29,93.34,93.29,93.32,161,1650
931101,93.26,93.26,93.2,93.2,125,1650
931102,93.13,93.15,93.11,93.14,96,1680
931103,93.17,93.18,93.13,93.14,86,1720
931104,93.16,93.16,93.08,93.08,359,1811
931105,93,93,92.97,92.97,0,1811
931108,93.01,93.06,93.01,93.05,65,1856
931109,93.06,93.15,93.06,93.08,215,1872
931110,93.03,93.1,93.01,93.02,86,1902
931111,92.99,92.99,92.99,92.99,26,1902
931112,92.97,93.07,92.96,93.07,81,1952
931115,93.06,93.08,93.06,93.08,1,1951
931116,93.1,93.13,93.09,93.11,8,1950
931117,93.11,93.16,93.11,93.13,159,1952
931118,93.08,93.1,93.07,93.07,122,1954
931119,93.02,93.02,92.95,92.97,30,1984
931122,92.95,92.95,92.91,92.91,176,1984
931123,92.89,92.97,92.88,92.96,110,1945
931124,92.92,92.92,92.92,92.92,0,1945
931126,92.96,92.96,92.96,92.96,0,1945
931129,92.95,92.95,92.95,92.95,0,1945
931130,92.88,92.88,92.88,92.88,0,1945
931201,92.91,92.91,92.89,92.9,27,1938
931202,92.88,92.91,92.88,92.9,152,1982
931203,92.82,92.88,92.81,92.88,73,2007
931206,92.93,92.98,92.93,92.98,130,1997
931207,92.98,92.98,92.94,92.98,427,1919
931208,92.99,92.99,92.99,92.99,0,1919
931209,93.01,93.04,93.01,93.03,22,1924
931210,93.03,93.05,93,93,160,2019
931213,92.97,92.98,92.96,92.96,90,2045
931214,92.96,92.97,92.93,92.95,114,2125
931215,92.97,92.97,92.94,92.94,179,2122
931216,92.92,92.92,92.91,92.92,35,2122
931217,92.93,92.96,92.92,92.93,31,2247
931220,92.95,92.95,92.91,92.92,138,2247
931221,92.91,92.92,92.9,92.92,70,2229
931222,92.95,93.03,92.94,93.02,130,2304
931223,93.01,93.08,93.01,93.07,115,2382
931227,93.07,93.08,93.07,93.08,140,2342
931228,93.08,93.08,93.08,93.08,3,2339
931229,93.09,93.09,93.08,93.09,2,2341
931230,93.04,93.04,93,93,102,2301
931231,93,93,92.98,92.98,110,2251
940103,92.88,92.88,92.88,92.88,0,2251
940104,92.92,92.92,92.87,92.91,84,2297
940105,92.93,92.94,92.9,92.9,137,2285
940106,92.96,92.97,92.96,92.96,143,2359
940107,93.13,93.16,93.12,93.15,155,2406
940110,93.13,93.17,93.13,93.17,210,2442
940111,93.18,93.21,93.15,93.2,130,2524
940112,93.25,93.27,93.24,93.26,379,2755
940113,93.22,93.23,93.17,93.17,280,2984
940114,93.16,93.19,93.1,93.11,412,3055
940117,93.12,93.12,93.12,93.12,44,3051
940118,93.13,93.17,93.13,93.17,309,3074
940119,93.16,93.19,93.16,93.17,70,3063
940120,93.2,93.22,93.2,93.22,4,3063
940121,93.23,93.24,93.21,93.21,396,3352
940124,93.2,93.24,93.2,93.2,210,3477
940125,93.17,93.17,93.15,93.15,167,3544
940126,93.14,93.15,93.12,93.14,362,3759
940127,93.16,93.17,93.14,93.16,320,3937
940128,93.25,93.25,93.15,93.21,547,3965
940131,93.21,93.24,93.2,93.21,199,4025
940201,93.21,93.21,93.17,93.18,67,4062
940202,93.18,93.18,93.15,93.16,425,4247
940203,93.15,93.15,93.1,93.11,238,4366
940204,93.19,93.19,92.97,92.97,144,4322
940207,92.92,92.99,92.92,92.93,290,4238
940208,92.91,92.93,92.88,92.88,240,4179
940209,92.89,92.93,92.89,92.93,290,4177
940210,92.93,92.96,92.93,92.95,218,4074
940211,92.93,93,92.92,92.99,79,4087
940214,93,93.01,92.99,92.99,78,4050
940215,92.99,93.01,92.99,92.99,161,4160
940216,93,93.01,92.99,92.99,189,4218
940217,92.98,93.02,92.89,92.9,285,4217
940218,92.87,92.88,92.77,92.77,148,4251
940222,92.77,92.82,92.77,92.81,51,4273
940223,92.8,92.81,92.71,92.72,135,4318
940224,92.7,92.73,92.66,92.67,330,4575
940225,92.72,92.72,92.65,92.68,381,4831
940228,92.71,92.71,92.69,92.7,227,4886
940301,92.71,92.72,92.57,92.58,185,4780
940302,92.53,92.57,92.5,92.55,432,4640
940303,92.55,92.57,92.46,92.48,580,4669
940304,92.46,92.47,92.42,92.43,480,4853
940307,92.48,92.5,92.48,92.48,626,5183
940308,92.52,92.52,92.45,92.45,391,5065
940309,92.47,92.47,92.42,92.45,83,5011
940310,92.48,92.48,92.34,92.34,116,5084
940311,92.34,92.35,92.26,92.33,191,5073
940314,92.33,92.33,92.26,92.27,217,4986
940315,92.23,92.32,92.23,92.28,307,5069
940316,92.31,92.36,92.31,92.35,223,5133
940317,92.35,92.43,92.35,92.37,329,5186
940318,92.32,92.32,92.28,92.28,514,5101
940321,92.24,92.27,92.2,92.2,376,5082
940322,92.19,92.32,92.19,92.32,148,5183
940323,92.32,92.38,92.32,92.36,284,5198
940324,92.28,92.28,92.18,92.18,278,5117
940325,92.16,92.21,92.14,92.15,284,5342
940328,92.11,92.18,92.11,92.12,50,5363
940329,92.12,92.12,92.02,92.03,113,5368
940330,91.99,92.06,91.95,91.97,470,5410
940331,91.99,91.99,91.86,91.9,328,5402
940401,91.94,91.94,91.63,91.63,127,5482
940404,91.61,91.66,91.44,91.44,380,5518
940405,91.56,91.68,91.52,91.68,235,5578
940406,91.8,91.8,91.67,91.76,429,5392
940407,91.81,91.86,91.78,91.86,63,5414
940408,91.83,91.83,91.78,91.78,364,5327
940411,91.74,91.78,91.73,91.77,116,5356
940412,91.79,91.86,91.78,91.84,330,5416
940413,91.9,91.9,91.77,91.77,133,5501
940414,91.73,91.77,91.71,91.73,232,5509
940415,91.72,91.78,91.71,91.75,132,5573
940418,91.75,91.75,91.56,91.56,278,5350
940419,91.56,91.64,91.56,91.62,323,5550
940420,91.63,91.71,91.63,91.7,35,5560
940421,91.79,91.93,91.79,91.91,349,5812
940422,91.91,91.91,91.85,91.87,145,5772
940425,91.88,91.93,91.84,91.92,30,5791
940426,91.91,92,91.91,91.95,196,5736
940428,92,92.01,91.76,91.76,182,5798
940429,91.76,91.81,91.76,91.8,536,6029
940502,91.78,91.79,91.75,91.78,192,5981
940503,91.77,91.78,91.73,91.73,245,5961
940504,91.74,91.78,91.7,91.75,342,5851
940505,91.78,91.84,91.77,91.8,394,5964
940506,91.66,91.67,91.57,91.57,206,5955
940509,91.52,91.53,91.46,91.46,424,5915
940510,91.56,91.69,91.55,91.67,269,5825
940511,91.74,91.74,91.53,91.57,286,5818
940512,91.63,91.69,91.53,91.62,83,5863
940513,91.67,91.73,91.65,91.71,207,5859
940516,91.74,91.77,91.72,91.72,176,5794
940517,91.71,91.87,91.7,91.86,156,5865
940518,91.9,91.93,91.9,91.91,362,5849
940519,91.89,92.03,91.89,92.01,133,5833
940520,91.98,92,91.93,91.94,139,5839
940523,91.85,91.85,91.76,91.76,255,5839
940524,91.8,91.84,91.78,91.78,159,5870
940525,91.75,91.82,91.75,91.8,150,5906
940526,91.87,91.92,91.87,91.87,695,6156
940527,91.89,91.89,91.8,91.81,62,6159
940531,91.77,91.81,91.77,91.79,215,6236
940601,91.77,91.85,91.73,91.84,357,6260
940602,91.89,91.94,91.88,91.93,158,6301
940603,91.98,92.03,91.85,92.02,138,6322
940606,92.09,92.13,92.07,92.08,180,6369
940607,92.05,92.08,92.05,92.05,80,6414
940608,92.14,92.16,92.08,92.08,180,6329
940609,92.08,92.08,92.04,92.04,45,6311
940610,92.06,92.06,91.96,91.96,5,6281
940613,91.92,91.94,91.91,91.91,78,6275
940614,91.95,92,91.95,91.99,381,6335
940615,92.02,92.03,91.85,91.89,188,6405
940616,91.86,91.89,91.83,91.85,355,6345
940617,91.88,91.89,91.8,91.81,268,6499
940620,91.79,91.81,91.77,91.78,168,6506
940621,91.74,91.78,91.73,91.73,126,6499
940622,91.77,91.85,91.77,91.83,171,6543
940623,91.84,91.9,91.84,91.86,235,6680
940624,91.83,91.83,91.71,91.72,160,6736
940627,91.69,91.8,91.69,91.79,213,6790
940628,91.8,91.8,91.71,91.71,202,6693
940629,91.73,91.77,91.72,91.73,129,6658
940630,91.76,91.77,91.63,91.64,103,6666
940701,91.68,91.68,91.61,91.62,330,6504
940705,91.62,91.65,91.62,91.63,63,6526
940706,91.63,91.63,91.61,91.63,20,6536
940707,91.68,91.73,91.66,91.66,114,6599
940708,91.63,91.63,91.53,91.54,192,6443
940711,91.53,91.54,91.49,91.5,357,6418
940712,91.57,91.6,91.5,91.52,143,6465
940713,91.58,91.58,91.51,91.53,146,6446
940714,91.56,91.73,91.56,91.71,59,6478
940715,91.68,91.77,91.68,91.71,310,6561
940718,91.74,91.77,91.73,91.76,156,6541
940719,91.76,91.82,91.75,91.82,266,6642
940720,91.82,91.84,91.71,91.71,169,6682
940721,91.68,91.76,91.68,91.7,193,6768
940722,91.73,91.73,91.68,91.68,141,6736
940725,91.71,91.75,91.71,91.71,57,6764
940726,91.74,91.76,91.72,91.72,157,6757
940727,91.71,91.72,91.67,91.67,109,6726
940728,91.64,91.74,91.64,91.73,305,6745
940729,91.74,91.92,91.74,91.9,275,6772
940801,91.89,91.9,91.88,91.88,111,6780
940802,91.95,92,91.94,91.94,257,6869
940803,91.94,91.95,91.93,91.93,120,6939
940804,91.95,91.95,91.9,91.9,114,7061
940805,91.75,91.77,91.75,91.76,177,6986
940808,91.78,91.79,91.78,91.78,31,6986
940809,91.75,91.78,91.73,91.73,284,7000
940810,91.74,91.77,91.72,91.74,169,6987
940811,91.7,91.76,91.67,91.67,33,6984
940812,91.71,91.79,91.7,91.76,141,7047
940815,91.75,91.76,91.74,91.75,100,7089
940816,91.85,91.87,91.81,91.87,25,7099
940817,91.96,91.99,91.93,91.93,242,7105
940818,91.9,91.9,91.82,91.84,144,7084
940819,91.88,91.88,91.82,91.86,293,6984
940822,91.83,91.83,91.78,91.78,33,6994
940823,91.82,91.82,91.81,91.81,86,7010
940824,91.84,91.88,91.83,91.88,17,7016
940825,91.9,91.9,91.84,91.84,28,7030
940826,91.9,91.97,91.89,91.9,213,7036
940829,91.95,91.95,91.91,91.91,49,7043
940830,91.93,91.96,91.93,91.93,304,7047
940831,91.96,91.96,91.95,91.95,173,6913
940901,91.97,91.97,91.95,91.95,132,6918
940902,91.97,92.03,91.95,91.95,26,6933
940906,91.95,91.95,91.88,91.88,60,6884
940907,91.89,91.89,91.84,91.84,168,6883
940908,91.86,91.88,91.86,91.86,81,6919
940909,91.78,91.78,91.72,91.72,21,6912
940912,91.72,91.72,91.7,91.7,386,6976
940913,91.69,91.73,91.69,91.7,175,6924
940914,91.71,91.75,91.71,91.73,108,6914
940915,91.76,91.81,91.75,91.78,205,7024
940916,91.67,91.67,91.61,91.62,371,6868
940919,91.63,91.65,91.62,91.63,90,6947
940920,91.58,91.62,91.57,91.59,252,6973
940921,91.61,91.61,91.55,91.56,248,6930
940922,91.58,91.6,91.58,91.59,189,7015
940923,91.58,91.61,91.57,91.57,47,7032
940926,91.57,91.59,91.55,91.56,166,6974
940927,91.56,91.56,91.51,91.52,164,6944
940928,91.53,91.58,91.53,91.55,66,7010
940929,91.53,91.56,91.47,91.47,261,7142
940930,91.49,91.53,91.49,91.52,193,7242
941003,91.54,91.54,91.47,91.47,105,7222
941004,91.5,91.51,91.46,91.46,106,7158
941005,91.46,91.46,91.36,91.36,168,7167
941006,91.37,91.37,91.35,91.35,455,7141
941007,91.34,91.41,91.31,91.4,157,7085
941010,91.4,91.4,91.4,91.4,0,7085
941011,91.44,91.49,91.44,91.47,200,7105
941012,91.48,91.48,91.47,91.47,312,7016
941013,91.43,91.57,91.43,91.53,167,7039
941014,91.54,91.57,91.53,91.54,300,7012
941017,91.52,91.54,91.52,91.52,324,7081
941018,91.55,91.55,91.52,91.53,359,7253
941019,91.5,91.5,91.48,91.48,55,7278
941020,91.48,91.49,91.38,91.38,249,7354
941021,91.4,91.41,91.36,91.37,386,7440
941024,91.37,91.37,91.34,91.34,181,7553
941025,91.33,91.36,91.3,91.3,164,7529
941026,91.33,91.33,91.28,91.29,130,7507
941027,91.31,91.32,91.29,91.29,176,7621
941028,91.3,91.36,91.3,91.36,153,7669
941031,91.36,91.36,91.34,91.36,9,7674
941101,91.34,91.34,91.27,91.27,143,7614
941102,91.28,91.29,91.24,91.24,110,7542
941103,91.26,91.27,91.22,91.22,264,7556
941104,91.22,91.22,91.17,91.17,52,7550
941107,91.17,91.18,91.15,91.15,110,7474
941108,91.19,91.2,91.18,91.2,41,7481
941109,91.27,91.3,91.26,91.29,245,7550
941110,91.31,91.36,91.26,91.26,664,7506
941111,91.22,91.22,91.2,91.2,328,7442
941114,91.24,91.29,91.24,91.29,329,7280
941115,91.33,91.36,91.29,91.31,642,7706
941116,91.37,91.37,91.29,91.29,875,8452
941117,91.27,91.3,91.23,91.25,47,8452
941118,91.25,91.32,91.25,91.3,83,8423
941121,91.3,91.36,91.3,91.32,741,8515
941122,91.32,91.39,91.32,91.36,1123,9260
941123,91.46,91.55,91.46,91.53,403,9204
941125,91.52,91.58,91.52,91.58,113,9274
941128,91.54,91.55,91.51,91.52,1146,9675
941129,91.51,91.55,91.48,91.5,1719,11055
941130,91.55,91.58,91.53,91.57,732,11648
941201,91.58,91.6,91.47,91.52,452,11689
941202,91.5,91.71,91.5,91.7,225,11678
941205,91.69,91.75,91.66,91.73,417,11628
941206,91.79,91.88,91.78,91.87,902,11786
941207,91.85,91.85,91.7,91.72,610,11447
941208,91.68,91.7,91.67,91.69,978,11117
941209,91.74,91.82,91.73,91.8,542,11156
941212,91.78,91.79,91.75,91.75,225,11123
941213,91.74,91.77,91.73,91.77,476,10767
941214,91.89,91.92,91.85,91.86,296,10737
941215,91.86,91.87,91.76,91.77,906,10601
941216,91.75,91.77,91.73,91.77,440,10536
941219,91.76,91.77,91.75,91.75,645,10455
941220,91.79,91.81,91.77,91.78,634,10606
941221,91.81,91.88,91.8,91.81,588,10485
941222,91.83,91.83,91.74,91.75,1089,10601
941223,91.76,91.77,91.74,91.75,225,10653
941227,91.8,91.87,91.8,91.86,162,10705
941228,91.87,91.91,91.86,91.88,322,10736
941229,91.92,91.93,91.85,91.88,323,10812
941230,91.9,91.9,91.83,91.83,414,10490
950103,91.83,91.84,91.79,91.81,467,10659
950104,91.81,91.81,91.75,91.77,778,10543
950105,91.74,91.75,91.67,91.69,696,11007
950106,91.68,91.69,91.59,91.67,1374,10840
950109,91.67,91.69,91.66,91.68,343,10866
950110,91.69,91.77,91.68,91.76,612,11186
950111,91.8,91.81,91.76,91.79,769,11261
950112,91.77,91.78,91.73,91.75,1066,11338
950113,91.85,91.9,91.73,91.79,540,11708
950116,91.77,91.77,91.77,91.77,91,11735
950117,91.77,91.79,91.73,91.79,733,12219
950118,91.79,91.83,91.77,91.8,481,12300
950119,91.77,91.82,91.76,91.77,767,12409
950120,91.74,91.74,91.68,91.69,318,12216
950123,91.65,91.68,91.63,91.66,513,12153
950124,91.62,91.67,91.61,91.64,1120,11813
950125,91.62,91.71,91.62,91.68,868,11938
950126,91.65,91.7,91.65,91.7,1398,11843
950127,91.71,91.8,91.7,91.79,1089,11928
950130,91.78,91.82,91.77,91.81,1052,11736
950131,91.81,91.86,91.76,91.86,991,11852
950201,91.9,91.92,91.83,91.83,653,12027
950202,91.81,91.87,91.81,91.86,494,11979
950203,91.9,92.04,91.89,92.03,622,12000
950206,92,92,91.97,91.98,714,12091
950207,91.97,92.02,91.97,92,1145,11990
950208,92,92,91.96,91.98,844,11893
950209,91.98,91.98,91.92,91.92,318,11915
950210,91.92,91.95,91.87,91.9,1202,12024
950213,91.89,91.95,91.88,91.95,577,12057
950214,92.01,92.02,91.99,92.01,593,12068
950215,92.03,92.13,91.99,92.06,863,12263
950216,92.06,92.13,92.06,92.12,804,12076
950217,92.07,92.1,92.04,92.09,648,11881
950221,92.09,92.1,92.07,92.08,684,11723
950222,92.08,92.16,92.07,92.16,928,11898
950223,92.18,92.28,92.16,92.16,291,11904
950224,92.19,92.21,92.14,92.21,934,12162
950227,92.26,92.32,92.25,92.3,1207,12302
950228,92.31,92.36,92.24,92.34,684,12358
950301,92.32,92.39,92.32,92.35,671,12440
950302,92.31,92.34,92.25,92.27,656,12436
950303,92.21,92.23,92.15,92.21,964,12619
950306,92.14,92.17,92.12,92.17,585,12754
950307,92.13,92.19,92.12,92.13,370,12684
950308,92.17,92.18,92.13,92.17,856,12720
950309,92.16,92.26,92.16,92.24,795,13096
950310,92.24,92.33,92.19,92.31,749,13367
950313,92.36,92.39,92.33,92.37,277,13265
950314,92.38,92.45,92.37,92.44,1083,13172
950315,92.42,92.46,92.38,92.45,810,12953
950316,92.41,92.5,92.41,92.5,1081,13032
950317,92.47,92.47,92.37,92.4,959,13103
950320,92.41,92.41,92.37,92.37,262,13246
950321,92.36,92.38,92.33,92.33,215,13175
950322,92.28,92.29,92.23,92.26,400,13325
950323,92.26,92.27,92.22,92.25,822,12926
950324,92.31,92.37,92.3,92.37,890,13002
950327,92.39,92.44,92.39,92.41,770,12973
950328,92.41,92.41,92.33,92.33,720,13033
950329,92.33,92.37,92.31,92.33,954,13100
950330,92.36,92.37,92.29,92.3,427,12969
950331,92.26,92.28,92.2,92.28,898,12858
950403,92.29,92.4,92.29,92.4,585,12776
950404,92.45,92.45,92.39,92.43,863,13085
950405,92.4,92.42,92.4,92.4,432,13103
950406,92.4,92.44,92.4,92.42,1198,12945
950407,92.45,92.47,92.35,92.37,614,13166
950410,92.31,92.36,92.3,92.36,779,12879
950411,92.4,92.41,92.34,92.36,415,12901
950412,92.36,92.41,92.32,92.39,767,12696
950413,92.4,92.47,92.4,92.46,684,12677
950417,92.5,92.51,92.46,92.46,614,13069
950418,92.45,92.5,92.44,92.45,486,13022
950419,92.44,92.44,92.35,92.39,1456,12710
950420,92.41,92.46,92.4,92.43,890,12639
950421,92.42,92.45,92.4,92.43,573,12720
950424,92.4,92.44,92.38,92.44,627,12718
950425,92.45,92.45,92.38,92.42,1227,12480
950426,92.43,92.44,92.39,92.42,293,12504
950427,92.41,92.44,92.39,92.42,630,12163
950428,92.41,92.42,92.36,92.39,800,11970
950501,92.36,92.4,92.36,92.39,470,11868
950502,92.42,92.46,92.42,92.46,615,11699
950503,92.49,92.54,92.46,92.54,495,11676
950504,92.56,92.67,92.55,92.65,1441,11931
950505,92.63,92.85,92.63,92.83,1097,12521
950508,92.78,92.81,92.77,92.81,1133,12847
950509,92.83,92.99,92.83,92.9,2711,12877
950510,92.97,93.06,92.83,92.83,1381,12599
950511,92.85,92.87,92.78,92.83,668,12546
950512,92.79,92.83,92.76,92.8,729,12342
950515,92.84,92.87,92.83,92.85,527,12308
950516,92.9,92.96,92.88,92.9,535,12333
950517,92.95,93,92.92,92.94,981,12504
950518,92.9,92.9,92.83,92.87,661,12612
950519,92.87,92.88,92.86,92.87,699,12642
950522,92.84,92.85,92.84,92.85,693,12680
950523,92.86,92.93,92.85,92.91,384,12714
950524,92.96,93.04,92.95,93.02,1269,12779
950525,93.13,93.14,93.02,93.07,1455,12796
950526,93.07,93.08,93.06,93.08,542,12815
950530,93.14,93.18,93.1,93.16,628,12967
950531,93.15,93.19,93.13,93.15,1070,13019
950601,93.16,93.27,93.14,93.26,1176,13056
950602,93.46,93.64,93.3,93.3,483,13112
950605,93.35,93.38,93.29,93.31,626,13224
950606,93.26,93.33,93.23,93.29,745,13145
950607,93.28,93.29,93.14,93.18,979,13264
950608,93.18,93.2,93.14,93.19,731,13136
950609,93.15,93.18,93.01,93.03,1089,12836
950612,93.11,93.11,93,93.02,793,12849
950613,93.11,93.23,93.08,93.22,1819,12930
950614,93.18,93.24,93.17,93.22,808,12952
950615,93.24,93.24,93.14,93.18,706,12759
950616,93.14,93.15,93.11,93.15,590,12579
950619,93.18,93.23,93.18,93.22,845,12317
950620,93.23,93.24,93.21,93.21,755,12351
950621,93.3,93.3,93.23,93.24,638,12631
950622,93.28,93.36,93.28,93.36,1200,12952
950623,93.39,93.39,93.3,93.34,535,12882
950626,93.28,93.31,93.28,93.3,367,13044
950627,93.27,93.34,93.26,93.26,1008,13297
950628,93.27,93.32,93.25,93.32,729,13255
950629,93.32,93.32,93.16,93.19,788,13300
950630,93.21,93.27,93.19,93.24,533,13305
950703,93.24,93.28,93.24,93.27,477,13541
950705,93.29,93.29,93.27,93.29,419,13472
950706,93.26,93.41,93.23,93.41,607,13345
950707,93.43,93.48,93.37,93.45,954,13392
950710,93.45,93.47,93.44,93.46,682,13356
950711,93.43,93.44,93.41,93.41,791,13341
950712,93.4,93.4,93.37,93.4,197,13276
950713,93.4,93.41,93.36,93.37,729,13046
950714,93.34,93.34,93.26,93.33,575,13029
950717,93.31,93.31,93.28,93.28,186,13148
950718,93.25,93.28,93.21,93.21,1178,13355
950719,93.17,93.22,93,93.03,442,13550
950720,93.06,93.06,92.96,93,714,13696
950721,93.03,93.03,92.89,92.9,464,13728
950724,92.89,92.96,92.87,92.94,961,13456
950725,92.94,92.99,92.89,92.98,691,13478
950726,92.99,92.99,92.92,92.92,537,13599
950727,92.93,92.98,92.92,92.98,500,13637
950728,92.99,93,92.93,92.93,908,13775
950731,92.93,92.99,92.92,92.99,337,13607
950801,92.99,93,92.94,92.94,528,13554
950802,92.98,93.05,92.98,93.02,1210,13616
950803,93,93,92.92,92.92,272,13663
950804,92.87,92.97,92.87,92.94,549,13588
950807,92.94,92.97,92.93,92.96,321,13522
950808,92.99,93.01,92.95,92.96,1192,13550
950809,92.93,92.93,92.88,92.91,1315,14025
950810,92.92,92.92,92.86,92.87,817,14007
950811,92.86,92.89,92.72,92.75,999,14111
950814,92.73,92.78,92.73,92.76,1131,14083
950815,92.69,92.76,92.66,92.75,707,14166
950816,92.74,92.83,92.74,92.83,551,14197
950817,92.85,92.85,92.79,92.81,1182,14272
950818,92.81,92.82,92.8,92.82,661,14335
950821,92.86,92.9,92.86,92.89,358,14366
950822,92.89,92.89,92.83,92.84,516,14481
950823,92.84,92.85,92.82,92.83,498,14262
950824,92.84,92.91,92.83,92.9,997,14064
950825,92.92,93,92.92,93,903,14158
950828,93.02,93.06,93.02,93.04,1318,14169
950829,93.01,93.06,92.99,93,495,14139
950830,93.05,93.08,93.03,93.07,853,14334
950831,93.04,93.14,93.04,93.13,610,14286
950901,93.14,93.21,93.07,93.21,838,14430
950905,93.18,93.26,93.18,93.26,404,14565
950906,93.25,93.29,93.25,93.29,1187,14495
950907,93.28,93.3,93.27,93.27,695,14609
950908,93.3,93.3,93.2,93.23,370,14700
950911,93.21,93.24,93.21,93.23,529,14703
950912,93.25,93.28,93.25,93.28,344,14941
950913,93.27,93.28,93.26,93.27,412,14853
950914,93.32,93.37,93.3,93.36,826,15070
950915,93.35,93.37,93.31,93.33,1225,15182
950918,93.31,93.31,93.28,93.28,922,15474
950919,93.27,93.31,93.27,93.31,1238,15367
950920,93.28,93.34,93.28,93.34,820,15351
950921,93.33,93.35,93.24,93.26,1907,16219
950922,93.26,93.28,93.2,93.24,1394,16202
950925,93.23,93.25,93.2,93.25,782,16344
950926,93.22,93.28,93.22,93.24,815,16691
950927,93.21,93.24,93.18,93.23,1908,17460
950928,93.23,93.25,93.2,93.24,1607,18220
950929,93.22,93.34,93.22,93.34,807,18599
951002,93.33,93.41,93.33,93.36,1028,18706
951003,93.37,93.42,93.37,93.41,743,18807
951004,93.43,93.44,93.4,93.44,650,18922
951005,93.45,93.47,93.43,93.46,714,18859
951006,93.46,93.47,93.43,93.45,664,18969
951009,93.43,93.43,93.42,93.42,25,19009
951010,93.42,93.46,93.42,93.44,777,18702
951011,93.43,93.45,93.42,93.44,708,18547
951012,93.42,93.49,93.42,93.48,571,18576
951013,93.52,93.59,93.52,93.59,365,18560
951016,93.57,93.6,93.57,93.59,308,18887
951017,93.63,93.65,93.57,93.59,576,19024
951018,93.58,93.58,93.55,93.56,348,19152
951019,93.55,93.57,93.53,93.57,964,19311
951020,93.52,93.53,93.5,93.51,965,19710
951023,93.47,93.49,93.46,93.48,869,19551
951024,93.46,93.54,93.46,93.53,422,19552
951025,93.54,93.58,93.53,93.53,1360,19286
951026,93.53,93.54,93.48,93.48,1193,19367
951027,93.44,93.49,93.38,93.48,892,19111
951030,93.5,93.5,93.49,93.49,355,19038
951031,93.47,93.52,93.46,93.5,730,18839
951101,93.5,93.6,93.49,93.56,944,19201
951102,93.53,93.63,93.53,93.61,1270,19184
951103,93.61,93.61,93.56,93.59,983,19083
951106,93.54,93.59,93.54,93.57,859,18903
951107,93.56,93.56,93.54,93.54,572,18849
951108,93.58,93.62,93.56,93.61,736,18409
951109,93.62,93.63,93.56,93.57,896,18497
951110,93.52,93.53,93.51,93.53,657,18601
951113,93.51,93.61,93.51,93.57,775,18597
951114,93.59,93.61,93.57,93.58,536,18569
951115,93.63,93.63,93.54,93.55,724,18635
951116,93.58,93.64,93.58,93.62,730,18680
951117,93.62,93.66,93.61,93.62,713,18573
951120,93.63,93.64,93.6,93.61,206,18534
951121,93.6,93.6,93.58,93.58,905,18567
951122,93.59,93.59,93.56,93.56,372,18491
951124,93.59,93.59,93.57,93.58,140,18547
951127,93.6,93.63,93.6,93.62,616,18415
951128,93.61,93.63,93.59,93.62,1345,18925
951129,93.63,93.68,93.63,93.68,578,18959
951130,93.73,93.8,93.72,93.79,1602,18708
951201,93.8,93.86,93.8,93.84,1874,19294
951204,93.86,93.96,93.85,93.94,1606,19451
951205,93.93,93.93,93.9,93.91,1409,19665
951206,93.9,93.95,93.87,93.88,850,19985
951207,93.86,93.86,93.81,93.83,1107,20161
951208,93.82,93.9,93.79,93.79,657,20209
951211,93.83,93.83,93.81,93.81,616,20062
951212,93.82,93.82,93.76,93.78,1164,20278
951213,93.78,93.78,93.74,93.76,1267,20719
951214,93.75,93.78,93.75,93.76,1795,20437
951215,93.78,93.78,93.72,93.74,1563,20911
951218,93.71,93.71,93.6,93.61,2227,21653
951219,93.59,93.73,93.57,93.72,4057,22993
951220,93.75,93.77,93.72,93.73,2185,23125
951221,93.73,93.74,93.71,93.73,1524,23288
951222,93.76,93.82,93.76,93.81,1436,23185
951226,93.81,93.83,93.81,93.83,264,22489
951227,93.85,93.88,93.84,93.87,1163,22695
951228,93.9,93.9,93.88,93.9,1383,22922
951229,93.93,93.95,93.89,93.94,1304,23049
960102,93.94,93.94,93.9,93.93,1238,23036
960103,93.95,93.97,93.95,93.96,1830,23066
960104,94,94.01,93.94,93.94,1068,23194
960105,93.93,93.93,93.84,93.87,1410,23412
960108,93.85,93.88,93.85,93.87,727,23338
960109,93.9,93.9,93.83,93.86,1058,23595
960110,93.82,93.82,93.73,93.73,933,23502
960111,93.74,93.79,93.73,93.79,1397,23339
960112,93.83,93.86,93.79,93.82,920,23183
960115,93.84,93.84,93.84,93.84,48,23219
960116,93.85,93.86,93.85,93.86,1207,23545
960117,93.87,93.95,93.86,93.95,1950,23890
960118,93.97,94.02,93.97,94.02,1539,24054
960119,94.04,94.04,93.95,94,1839,24802
960122,93.94,93.95,93.91,93.91,990,24486
960123,93.85,93.9,93.85,93.87,1468,24547
960124,93.88,93.91,93.87,93.9,1598,25204
960125,93.91,93.91,93.79,93.79,1422,25088
960126,93.79,93.86,93.71,93.85,1255,25115
960129,93.85,93.87,93.8,93.83,1117,25457
960130,93.86,93.91,93.85,93.89,1412,25290
960131,93.91,93.95,93.88,93.94,1305,25565
960201,93.91,93.97,93.91,93.92,1395,25435
960202,93.91,94,93.88,93.88,1643,25505
960205,93.81,93.85,93.81,93.85,1759,25905
960206,93.86,93.87,93.84,93.86,1544,25299
960207,93.88,93.89,93.83,93.84,1559,25537
960208,93.82,93.83,93.81,93.82,1382,26210
960209,93.8,93.89,93.79,93.84,1802,25594
960212,93.85,93.92,93.85,93.92,573,25664
960213,93.94,93.99,93.94,93.98,1517,25747
960214,93.96,93.97,93.95,93.95,1695,25895
960215,93.95,93.95,93.85,93.86,2293,26332
960216,93.86,93.86,93.8,93.81,1497,26197
960220,93.68,93.7,93.54,93.55,2824,25641
960221,93.59,93.66,93.55,93.58,2076,25481
960222,93.63,93.67,93.63,93.65,847,25377
960223,93.7,93.74,93.55,93.59,2786,26119
960226,93.58,93.58,93.52,93.56,1724,26202
960227,93.54,93.57,93.45,93.45,1806,26068
960228,93.47,93.5,93.4,93.4,1819,26197
960229,93.45,93.45,93.33,93.38,2775,26211
960301,93.47,93.5,93.45,93.49,1702,26195
960304,93.51,93.63,93.51,93.61,898,26104
960305,93.59,93.59,93.52,93.55,1058,26281
960306,93.49,93.5,93.46,93.46,2093,26220
960307,93.43,93.43,93.39,93.43,831,26264
960308,93.42,93.43,93.08,93.12,1249,26083
960311,93.02,93.22,93.02,93.21,2052,26141
960312,93.18,93.18,93.12,93.16,2990,25892
960313,93.18,93.24,93.15,93.18,1674,26423
960314,93.19,93.22,93.17,93.19,1321,26225
960315,93.17,93.17,93.06,93.06,1410,26238
960318,93.11,93.13,93.05,93.08,1607,26424
960319,93.12,93.14,93.1,93.1,1340,26528
960320,93.06,93.2,93.06,93.2,916,26695
960321,93.23,93.25,93.18,93.23,1280,26695
960322,93.23,93.26,93.21,93.21,1313,26756
960325,93.22,93.29,93.22,93.27,1276,27297
960326,93.27,93.28,93.23,93.27,1916,27058
960327,93.26,93.29,93.19,93.2,1578,26764
960328,93.16,93.17,93.08,93.08,1860,26863
960329,93.13,93.14,93.11,93.13,1328,27030
960401,93.16,93.16,93.1,93.14,644,27039
960402,93.17,93.21,93.17,93.19,1513,27019
960403,93.15,93.2,93.13,93.19,1421,27433
960404,93.18,93.18,93.12,93.13,2031,28041
960405,93.12,93.12,92.86,92.86,738,28034
960408,92.8,92.83,92.77,92.78,1747,28238
960409,92.84,92.88,92.82,92.87,1727,28359
960410,92.91,92.92,92.81,92.82,1455,28483
960411,92.77,92.83,92.71,92.75,1214,28658
960412,92.79,92.96,92.79,92.95,1224,28703
960415,92.97,93.01,92.95,93.01,484,28717
960416,93.01,93.01,92.95,93,1181,28742
960417,92.95,92.97,92.91,92.96,1046,28968
960418,92.99,92.99,92.86,92.88,1365,29246
960419,92.9,92.94,92.9,92.94,1914,29390
960422,92.98,93.02,92.98,92.99,742,29290
960423,92.96,92.99,92.96,92.99,1249,29236
960424,92.98,92.99,92.93,92.93,2024,29703
960425,92.9,92.95,92.9,92.95,1282,29643
960426,92.99,93.02,92.99,93,1722,29803
960429,92.97,92.98,92.96,92.96,890,29915
960430,92.94,92.94,92.87,92.89,716,30063
960501,92.85,92.91,92.85,92.9,921,30160
960502,92.91,92.92,92.69,92.7,1537,30053
960503,92.65,92.78,92.64,92.66,1059,30104
960506,92.68,92.7,92.67,92.68,911,29865
960507,92.7,92.7,92.65,92.67,752,29875
960508,92.65,92.71,92.64,92.71,1596,30263
960509,92.73,92.74,92.69,92.71,1373,30148
960510,92.7,92.87,92.68,92.8,1098,30088
960513,92.82,92.82,92.77,92.8,1302,30446
960514,92.81,92.89,92.81,92.87,2193,30236
960515,92.9,92.92,92.88,92.9,1491,30063
960516,92.84,92.85,92.82,92.85,1562,30298
960517,92.83,92.91,92.82,92.89,920,30293
960520,92.93,92.95,92.93,92.93,1382,30477
960521,92.95,92.96,92.92,92.92,1360,30690
960522,92.9,92.95,92.88,92.95,992,30125
960523,92.97,92.97,92.91,92.91,1390,29827
960524,92.92,92.94,92.9,92.93,804,29830
960528,92.96,92.97,92.92,92.92,570,29797
960529,92.9,92.93,92.79,92.79,905,29835
960530,92.79,92.79,92.74,92.78,2864,30059
960531,92.77,92.77,92.67,92.7,1392,29990
960603,92.67,92.74,92.67,92.7,1297,29808
960604,92.73,92.74,92.7,92.71,744,29834
960605,92.71,92.76,92.7,92.75,1124,29930
960606,92.79,92.89,92.79,92.82,1492,30075
960607,92.84,92.85,92.58,92.61,1822,30711
960610,92.62,92.64,92.59,92.6,1104,30420
960611,92.58,92.61,92.56,92.58,1989,31199
960612,92.57,92.61,92.55,92.55,1102,31354
960613,92.52,92.58,92.51,92.57,1401,31049
960614,92.56,92.66,92.55,92.64,1653,30891
960617,92.66,92.69,92.64,92.69,789,31254
960618,92.66,92.72,92.66,92.67,1067,31164
960619,92.67,92.68,92.62,92.64,1732,31158
960620,92.64,92.64,92.61,92.62,1153,30899
960621,92.66,92.68,92.64,92.65,1229,30700
960624,92.66,92.67,92.66,92.67,993,31017
960625,92.68,92.71,92.68,92.71,818,30870
960626,92.71,92.75,92.7,92.73,1523,31140
960627,92.73,92.82,92.72,92.81,423,31111
960628,92.83,92.96,92.83,92.92,1535,31800
960701,92.89,92.92,92.88,92.92,1373,32521
960702,92.9,92.91,92.85,92.87,3751,33684
960703,92.87,92.91,92.85,92.9,1072,33742
960705,92.85,92.87,92.61,92.61,848,33767
960708,92.54,92.63,92.54,92.6,3013,33911
960709,92.64,92.65,92.6,92.64,1247,33982
960710,92.69,92.71,92.67,92.71,689,33970
960711,92.68,92.77,92.66,92.74,1962,34511
960712,92.72,92.83,92.72,92.77,1193,34361
960715,92.74,92.76,92.74,92.75,716,34313
960716,92.71,92.83,92.7,92.83,1254,34690
960717,92.8,92.83,92.79,92.81,956,34293
960718,92.81,92.94,92.8,92.92,1492,34112
960719,92.89,92.92,92.87,92.87,6389,36215
960722,92.86,92.87,92.81,92.81,915,36039
960723,92.8,92.83,92.78,92.83,1325,36276
960724,92.87,92.9,92.77,92.77,1967,36288
960725,92.76,92.82,92.75,92.77,1081,36269
960726,92.81,92.81,92.77,92.79,732,36347
960729,92.76,92.76,92.72,92.73,1781,36919
960730,92.72,92.81,92.72,92.77,918,37195
960731,92.77,92.86,92.77,92.86,623,37248
960801,92.87,93.06,92.87,93.03,1522,37420
960802,93.06,93.19,93.04,93.16,2040,37876
960805,93.14,93.15,93.13,93.14,1273,37866
960806,93.11,93.14,93.1,93.12,1856,37237
960807,93.15,93.16,93.08,93.08,1512,37313
960808,93.09,93.09,93.06,93.06,984,37569
960809,93.09,93.14,93.09,93.13,1740,38302
960812,93.16,93.17,93.14,93.14,784,38310
960813,93.16,93.18,93.06,93.07,1164,38433
960814,93.06,93.07,93.05,93.06,1075,38519
960815,93.06,93.06,93.02,93.02,839,38153
960816,93.06,93.09,93.06,93.09,1278,37578
960819,93.1,93.1,93.04,93.07,501,37378
960820,93.08,93.08,93.05,93.06,984,37456
960821,93.04,93.04,93.02,93.03,724,37409
960822,93.05,93.06,93,93.02,1154,37247
960823,93.02,93.02,92.9,92.92,2800,36088
960826,92.88,92.88,92.83,92.83,1508,35510
960827,92.86,92.88,92.85,92.86,2041,36215
960828,92.89,92.9,92.83,92.84,1910,36017
960829,92.87,92.87,92.78,92.79,880,35935
960830,92.78,92.78,92.67,92.67,1406,36059
960903,92.6,92.73,92.59,92.72,1165,36118
960904,92.74,92.74,92.68,92.7,2722,35193
960905,92.7,92.7,92.66,92.67,2826,34755
960906,92.64,92.77,92.63,92.72,1517,34911
960909,92.75,92.77,92.72,92.77,1688,35337
960910,92.78,92.79,92.73,92.75,1267,35142
960911,92.71,92.75,92.7,92.74,2185,34916
960912,92.75,92.81,92.75,92.79,1274,34916
960913,92.79,92.97,92.78,92.95,1087,35063
960916,92.94,92.97,92.94,92.96,793,35180
960917,92.94,92.95,92.87,92.88,1249,35508
960918,92.85,92.87,92.84,92.85,1092,35731
960919,92.87,92.87,92.81,92.83,1056,35971
960920,92.83,92.87,92.83,92.85,2121,36191
960923,92.82,92.87,92.82,92.87,588,36275
960924,92.88,92.97,92.87,92.94,2139,37188
960925,92.93,93,92.93,92.99,2637,37759
960926,92.98,93.05,92.98,93.03,2405,38162
960927,93.05,93.09,93.01,93.02,2098,38272
960930,93.04,93.04,92.98,92.99,661,38165
961001,92.99,93.07,92.98,93.06,2411,38234
961002,93.08,93.12,93.07,93.11,991,38491
961003,93.13,93.14,93.11,93.12,1416,38850
961004,93.14,93.27,93.13,93.26,2407,38564
961007,93.23,93.23,93.21,93.21,1629,38696
961008,93.21,93.21,93.2,93.2,1300,38559
961009,93.21,93.22,93.15,93.15,1588,38594
961010,93.15,93.15,93.09,93.1,1100,38545
961011,93.09,93.18,93.09,93.17,1464,38320
961014,93.18,93.18,93.17,93.17,52,38290
961015,93.2,93.21,93.16,93.17,1343,37795
961016,93.17,93.19,93.1,93.15,2128,37785
961017,93.18,93.21,93.18,93.21,1565,37712
961018,93.24,93.27,93.24,93.24,2527,37456
961021,93.24,93.25,93.22,93.22,1358,37568
961022,93.21,93.22,93.19,93.2,1825,37714
961023,93.18,93.21,93.16,93.2,1789,37887
961024,93.21,93.21,93.18,93.19,1600,37847
961025,93.19,93.23,93.17,93.22,1116,37402
961028,93.23,93.24,93.21,93.22,692,37485
961029,93.2,93.39,93.2,93.38,3205,37330
961030,93.42,93.46,93.36,93.38,2620,37317
961031,93.38,93.42,93.38,93.42,1782,36536
961101,93.46,93.5,93.41,93.41,1288,36705
961104,93.4,93.43,93.4,93.41,1587,36430
961105,93.43,93.48,93.43,93.46,2457,36319
961106,93.48,93.5,93.46,93.46,1911,36182
961107,93.42,93.48,93.41,93.48,1307,36375
961108,93.49,93.49,93.46,93.48,1629,36789
961111,93.48,93.49,93.48,93.48,42,36783
961112,93.5,93.56,93.5,93.56,548,36532
961113,93.57,93.58,93.53,93.56,1632,36620
961114,93.55,93.62,93.54,93.61,2207,36596
961115,93.61,93.65,93.6,93.6,2333,37235
961118,93.61,93.61,93.57,93.58,1217,37269
961119,93.59,93.62,93.59,93.61,745,37233
961120,93.6,93.66,93.57,93.65,1768,37439
961121,93.66,93.68,93.65,93.66,2179,37992
961122,93.65,93.66,93.63,93.65,2046,38285
961125,93.64,93.67,93.64,93.66,2479,38935
961126,93.67,93.73,93.67,93.67,2118,39734
961127,93.7,93.72,93.66,93.67,847,39805
961129,93.71,93.76,93.71,93.76,1090,39536
961202,93.75,93.75,93.73,93.75,1263,39546
961203,93.78,93.81,93.75,93.76,2915,40105
961204,93.75,93.76,93.68,93.7,1570,40326
961205,93.7,93.7,93.55,93.58,3639,40363
961206,93.44,93.56,93.44,93.55,1415,40597
961209,93.59,93.62,93.58,93.61,1969,40709
961210,93.61,93.61,93.58,93.59,1536,40879
961211,93.53,93.53,93.43,93.44,2856,42157
961212,93.45,93.49,93.38,93.39,3203,43010
961213,93.41,93.48,93.39,93.47,2331,42879
961216,93.5,93.5,93.4,93.42,1433,43285
961217,93.4,93.4,93.33,93.37,2270,43330
961218,93.36,93.39,93.33,93.34,2644,43010
961219,93.32,93.43,93.32,93.42,3899,42251
961220,93.44,93.47,93.41,93.42,2549,42468
961223,93.41,93.44,93.41,93.41,878,42055
961224,93.41,93.41,93.4,93.41,714,42222
961226,93.42,93.42,93.41,93.41,284,42124
961227,93.42,93.45,93.42,93.44,702,41977
961230,93.47,93.48,93.44,93.44,884,41962
961231,93.43,93.43,93.29,93.3,2037,42319
970102,93.3,93.34,93.18,93.2,1638,42057
970103,93.24,93.27,93.23,93.23,2684,42165
970106,93.23,93.27,93.23,93.24,2715,42580
970107,93.25,93.27,93.2,93.21,2777,42498
970108,93.25,93.26,93.19,93.19,2581,41916
970109,93.18,93.26,93.17,93.26,2861,42228
970110,93.27,93.29,93.1,93.13,6330,41782
970113,93.15,93.16,93.12,93.13,3120,41827
970114,93.13,93.25,93.13,93.25,4759,41308
970115,93.27,93.28,93.23,93.27,4050,42559
970116,93.28,93.31,93.18,93.2,3932,42810
970117,93.23,93.26,93.21,93.24,2201,42734
970121,93.2,93.27,93.19,93.27,2726,42999
970122,93.28,93.3,93.25,93.25,1913,43503
970123,93.26,93.26,93.21,93.22,3061,43604
970124,93.19,93.2,93.15,93.16,5870,43870
970127,93.15,93.16,93.12,93.12,3353,43956
970128,93.14,93.25,93.14,93.17,3951,44101
970129,93.14,93.2,93.13,93.18,3002,44171
970130,93.2,93.23,93.19,93.22,2971,44413
970131,93.26,93.31,93.22,93.3,1310,44487
970203,93.31,93.39,93.31,93.38,1870,44696
970204,93.36,93.38,93.35,93.38,4290,45662
970205,93.39,93.4,93.36,93.37,3343,45759
970206,93.37,93.37,93.34,93.36,1930,45978
970207,93.36,93.45,93.36,93.42,3438,46223
970210,93.42,93.42,93.41,93.42,1668,46082
970211,93.43,93.43,93.4,93.41,2308,46045
970212,93.4,93.42,93.39,93.4,3362,46554
970213,93.41,93.47,93.41,93.47,2472,46562
970214,93.5,93.54,93.5,93.52,2953,47114
970218,93.55,93.55,93.51,93.52,1401,46871
970219,93.52,93.54,93.49,93.5,3242,47062
970220,93.48,93.48,93.45,93.45,2325,47276
970221,93.43,93.45,93.43,93.44,1913,47187
970224,93.42,93.42,93.4,93.41,2056,46848
970225,93.43,93.43,93.39,93.4,1653,46655
970226,93.4,93.41,93.19,93.2,5489,46493
970227,93.23,93.23,93.17,93.2,4166,46296
970228,93.23,93.23,93.18,93.22,3055,46323
970303,93.19,93.2,93.17,93.2,3086,46297
970304,93.22,93.23,93.18,93.18,2824,46826
970305,93.15,93.19,93.14,93.18,3595,47424
970306,93.21,93.21,93.14,93.15,5381,48713
970307,93.14,93.24,93.12,93.21,4096,49150
970310,93.23,93.23,93.21,93.22,1589,49507
970311,93.23,93.23,93.18,93.21,2818,49426
970312,93.18,93.21,93.18,93.18,1793,49793
970313,93.17,93.17,93.05,93.05,4216,50908
970314,93.07,93.1,93.07,93.08,3422,51107
970317,93.06,93.06,93.03,93.05,2352,50794
970318,93.02,93.07,93.02,93.06,2666,50747
970319,93.09,93.09,93.03,93.03,4330,51467
970320,93.03,93.05,92.96,93.01,3565,51869
970321,93.02,93.02,93,93.01,1791,51479
970324,93.02,93.03,93.01,93.03,2523,51900
970325,93.06,93.08,92.98,92.98,4844,52096
970326,93,93,92.95,92.96,3193,52089
970327,92.98,92.98,92.86,92.86,2478,52225
970331,92.85,92.87,92.84,92.84,2404,52815
970401,92.85,92.88,92.83,92.87,2753,52654
970402,92.88,92.9,92.86,92.88,2189,52839
970403,92.88,92.9,92.87,92.9,2516,52490
970404,92.91,92.91,92.83,92.84,5012,53607
970407,92.86,92.9,92.86,92.88,1144,53374
970408,92.9,92.9,92.85,92.86,4418,54327
970409,92.88,92.89,92.86,92.86,8388,57199
970410,92.84,92.85,92.82,92.84,3713,57209
970411,92.85,92.86,92.73,92.76,5018,58146
970414,92.75,92.77,92.74,92.75,2846,58437
970415,92.77,92.86,92.77,92.84,3074,58584
970416,92.83,92.85,92.78,92.83,3944,59798
970417,92.86,92.92,92.86,92.88,6040,60198
970418,92.88,92.93,92.88,92.91,4369,61907
970421,92.91,92.93,92.88,92.88,1269,61757
970422,92.86,92.9,92.86,92.9,2642,61479
970423,92.92,92.92,92.85,92.86,2998,61978
970424,92.86,92.86,92.79,92.81,3038,62269
970425,92.79,92.8,92.78,92.79,2375,62662
970428,92.78,92.81,92.76,92.81,2171,62395
970429,92.8,93.01,92.8,92.99,4588,62533
970430,92.97,93.09,92.93,93.04,6822,59922
970501,93.06,93.1,93.05,93.09,4857,59326
970502,93.11,93.14,93.06,93.1,3652,59288
970505,93.12,93.12,93.09,93.1,1742,58914
970506,93.09,93.1,93.08,93.09,1961,58871
970507,93.07,93.07,93.02,93.02,4036,58734
970508,92.97,93.06,92.97,93.05,2361,59008
970509,93.13,93.16,93.08,93.13,5301,59118
970512,93.14,93.17,93.14,93.16,2485,59058
970513,93.16,93.17,93.09,93.1,2845,59877
970514,93.11,93.16,93.11,93.13,1812,60297
970515,93.11,93.14,93.08,93.14,2374,60477
970516,93.14,93.14,93.11,93.11,1917,60534
970519,93.11,93.12,93.09,93.1,2053,60274
970520,93.1,93.13,93.06,93.13,4685,60395
970521,93.16,93.16,93.09,93.1,3335,60767
970522,93.09,93.1,93.06,93.08,2573,61040
970523,93.1,93.1,93.08,93.08,1281,61078
970527,93.06,93.06,93.02,93.03,2986,61803
970528,93.01,93.04,93,93.02,4084,62210
970529,93.03,93.06,93.02,93.06,1181,62412
970530,93.08,93.16,93.08,93.14,3518,62010
970602,93.17,93.19,93.13,93.15,1757,61983
970603,93.17,93.19,93.16,93.19,1751,62528
970604,93.19,93.2,93.17,93.19,1919,62492
970605,93.19,93.2,93.17,93.19,3122,62833
970606,93.19,93.3,93.13,93.3,4126,63784
970609,93.28,93.3,93.24,93.25,3786,63647
970610,93.27,93.28,93.23,93.24,4690,64124
970611,93.25,93.25,93.23,93.23,3019,63952
970612,93.24,93.35,93.24,93.33,3076,64357
970613,93.34,93.42,93.33,93.38,3679,64412
970616,93.39,93.42,93.39,93.4,3825,64995
970617,93.4,93.41,93.35,93.39,3591,65007
970618,93.36,93.41,93.35,93.41,2820,65790
970619,93.39,93.42,93.37,93.4,4566,65649
970620,93.4,93.42,93.4,93.41,2581,66621
970623,93.4,93.4,93.37,93.38,4065,67039
970624,93.39,93.39,93.36,93.38,2754,67315
970625,93.36,93.4,93.35,93.36,3499,67815
970626,93.34,93.35,93.3,93.31,3733,67190
970627,93.33,93.34,93.32,93.32,4036,67408
970630,93.33,93.33,93.24,93.27,3222,67067
970701,93.27,93.35,93.26,93.34,3147,67291
970702,93.37,93.38,93.36,93.37,2626,67225
970703,93.38,93.52,93.38,93.49,3362,67505
970707,93.51,93.55,93.51,93.53,2247,67619
970708,93.52,93.54,93.52,93.53,2363,67153
970709,93.54,93.57,93.54,93.55,3509,67295
970710,93.54,93.56,93.52,93.55,2586,68070
970711,93.54,93.59,93.54,93.56,2545,68473
970714,93.55,93.55,93.53,93.53,2149,68811
970715,93.5,93.53,93.5,93.53,4259,70091
970716,93.55,93.61,93.55,93.59,3303,70240
970717,93.6,93.62,93.59,93.59,6428,70238
970718,93.56,93.57,93.53,93.54,5342,69229
970721,93.52,93.53,93.51,93.52,1566,69265
970722,93.54,93.63,93.53,93.63,3403,69775
970723,93.65,93.67,93.64,93.65,4895,71017
970724,93.65,93.66,93.62,93.65,4069,71902
970725,93.62,93.65,93.61,93.62,1876,72317
970728,93.61,93.64,93.61,93.64,2872,72244
970729,93.67,93.69,93.64,93.68,4029,71229
970730,93.7,93.74,93.7,93.73,5770,71657
970731,93.72,93.78,93.72,93.77,6111,71390
970801,93.79,93.79,93.58,93.59,5806,71936
970804,93.59,93.59,93.53,93.55,4305,73126
970805,93.54,93.54,93.52,93.53,3914,72506
970806,93.53,93.56,93.53,93.55,4120,72821
970807,93.56,93.59,93.52,93.54,3957,72231
970808,93.47,93.47,93.38,93.41,6184,73426
970811,93.43,93.44,93.38,93.43,4807,73351
970812,93.46,93.46,93.41,93.42,3306,73215
970813,93.37,93.53,93.37,93.47,4228,73591
970814,93.5,93.54,93.48,93.53,4574,73650
970815,93.54,93.57,93.5,93.56,3977,73182
970818,93.58,93.63,93.58,93.61,3497,73271
970819,93.59,93.61,93.58,93.6,4178,73339
970820,93.59,93.59,93.56,93.58,2682,73609
970821,93.56,93.56,93.52,93.52,3074,74425
970822,93.47,93.49,93.46,93.47,4592,74798
970825,93.47,93.47,93.43,93.44,2127,74192
970826,93.42,93.46,93.41,93.44,3004,73806
970827,93.46,93.47,93.42,93.43,3557,73238
970828,93.45,93.51,93.44,93.51,2834,73748
970829,93.53,93.53,93.43,93.47,3381,74816
970902,93.44,93.52,93.43,93.51,3624,75009
970903,93.53,93.53,93.49,93.5,5094,75391
970904,93.47,93.5,93.47,93.49,4548,75801
970905,93.49,93.53,93.47,93.48,5373,76629
970908,93.48,93.5,93.47,93.49,1994,76902
970909,93.47,93.48,93.46,93.48,3120,77153
970910,93.47,93.47,93.43,93.45,3760,77149
970911,93.44,93.44,93.42,93.43,3899,78039
970912,93.43,93.53,93.43,93.53,3227,78165
970915,93.53,93.54,93.52,93.53,1473,77972
970916,93.54,93.7,93.54,93.69,6344,78668
970917,93.69,93.74,93.67,93.69,6214,78885
970918,93.69,93.71,93.68,93.68,5445,80074
970919,93.67,93.68,93.65,93.68,3156,80622
970922,93.71,93.72,93.69,93.71,2491,80795
970923,93.7,93.7,93.67,93.68,3407,81495
970924,93.67,93.73,93.67,93.71,7032,84415
970925,93.7,93.71,93.62,93.62,6932,84555
970926,93.65,93.66,93.64,93.65,6072,85449
970929,93.64,93.67,93.63,93.66,3871,85383
970930,93.68,93.68,93.63,93.64,5049,85730
971001,93.67,93.72,93.67,93.71,4083,86455
971002,93.71,93.76,93.71,93.74,5611,87205
971003,93.76,93.91,93.73,93.77,13421,85885
971006,93.82,93.84,93.81,93.83,8281,85267
971007,93.86,93.87,93.83,93.86,4862,84054
971008,93.88,93.89,93.72,93.73,7255,84639
971009,93.66,93.72,93.64,93.72,7177,84372
971010,93.7,93.71,93.62,93.66,35,84466
971014,93.71,93.72,93.69,93.72,2909,84870
971015,93.73,93.74,93.66,93.67,3262,84735
971016,93.64,93.71,93.64,93.67,3746,85092
971017,93.66,93.66,93.56,93.58,5375,85731
971020,93.59,93.59,93.57,93.59,1934,85625
971021,93.59,93.6,93.57,93.59,4543,86935
971022,93.59,93.61,93.58,93.6,4041,88395
971023,93.72,93.75,93.67,93.7,7026,89014
971024,93.65,93.75,93.65,93.72,4791,88752
971027,93.82,93.85,93.75,93.85,9575,88320
971028,93.93,93.96,93.77,93.77,15627,89412
971029,93.79,93.84,93.75,93.81,7320,87889
971030,93.87,93.89,93.83,93.86,7138,87478
971031,93.82,93.87,93.8,93.86,8709,88750
971103,93.81,93.81,93.78,93.81,4413,87352
971104,93.8,93.8,93.76,93.77,5483,87912
971105,93.76,93.79,93.76,93.77,8328,84903
971106,93.77,93.81,93.77,93.81,4172,85045
971107,93.85,93.86,93.78,93.8,5134,85146
971110,93.76,93.78,93.76,93.78,2821,85628
971112,93.79,93.8,93.75,93.8,7112,86747
971113,93.79,93.85,93.78,93.81,7308,87357
971114,93.85,93.86,93.82,93.82,5413,88657
971117,93.79,93.83,93.78,93.82,3892,89183
971118,93.83,93.84,93.8,93.82,4657,88009
971119,93.85,93.86,93.83,93.85,4500,88103
971120,93.83,93.86,93.82,93.83,4301,88586
971121,93.81,93.88,93.8,93.87,10714,93041
971124,93.85,93.86,93.83,93.84,2880,92876
971125,93.84,93.87,93.83,93.85,5369,92158
971126,93.83,93.85,93.82,93.84,3647,93026
971128,93.83,93.83,93.82,93.83,3068,92281
971201,93.82,93.83,93.81,93.82,2780,92279
971202,93.82,93.83,93.81,93.83,3351,92595
971203,93.84,93.88,93.84,93.86,5296,94064
971204,93.87,93.92,93.87,93.89,5505,94447
971205,93.89,93.9,93.75,93.81,8944,96794
971208,93.79,93.8,93.75,93.76,6626,96777
971209,93.76,93.79,93.75,93.77,3440,97089
971210,93.8,93.84,93.8,93.83,5616,97277
971211,93.85,93.94,93.85,93.91,7433,98609
971212,93.93,93.98,93.93,93.97,10600,98312
971215,93.97,93.97,93.93,93.94,5492,101592
971216,93.94,93.95,93.92,93.94,6291,102193
971217,93.92,93.93,93.89,93.92,6933,103023
971218,93.93,93.97,93.93,93.95,6785,103333
971219,93.98,94.02,93.97,93.98,8653,103497
971222,93.98,93.98,93.93,93.96,7988,104247
971223,93.96,93.98,93.93,93.95,7702,106226
971224,93.95,93.95,93.93,93.94,1817,105575
971226,93.92,93.94,93.92,93.94,1726,105363
971229,93.95,93.95,93.92,93.93,2080,104939
971230,93.91,93.91,93.88,93.9,5381,103857
971231,93.92,93.95,93.91,93.94,6599,103915
980102,93.94,94.01,93.94,94.01,10268,103976
980105,94.09,94.19,94.09,94.18,15143,106413
980106,94.18,94.24,94.16,94.23,18734,108170
980107,94.21,94.26,94.2,94.21,13707,108860
980108,94.27,94.36,94.27,94.32,18672,113951
980109,94.31,94.48,94.27,94.46,26019,115368
980112,94.49,94.57,94.39,94.45,27212,117553
980113,94.41,94.43,94.36,94.4,16159,114697
980114,94.32,94.44,94.32,94.38,15629,112782
980115,94.39,94.41,94.36,94.37,20518,116446
980116,94.32,94.33,94.28,94.3,10504,115110
980120,94.33,94.33,94.27,94.28,9054,115581
980121,94.3,94.32,94.26,94.31,13713,116035
980122,94.33,94.38,94.32,94.34,23266,124292
980123,94.3,94.3,94.2,94.22,17777,124195
980126,94.23,94.26,94.22,94.25,11491,125129
980127,94.24,94.25,94.15,94.16,17324,123855
980128,94.17,94.2,94.12,94.16,11446,125247
980129,94.17,94.33,94.11,94.29,22192,124916
980130,94.3,94.34,94.27,94.32,15798,124877
980202,94.31,94.32,94.28,94.3,12393,126169
980203,94.3,94.35,94.3,94.32,12313,127461
980204,94.32,94.36,94.32,94.33,16019,129585
980205,94.32,94.35,94.29,94.3,13456,131647
980206,94.29,94.3,94.27,94.28,14833,131144
980209,94.26,94.27,94.21,94.25,9077,130247
980210,94.26,94.27,94.25,94.25,9878,130855
980211,94.28,94.29,94.26,94.28,11515,128758
980212,94.28,94.35,94.27,94.28,12945,129947
980213,94.33,94.33,94.31,94.31,6611,129901
980217,94.35,94.36,94.34,94.34,8202,130236
980218,94.34,94.38,94.31,94.32,9898,131612
980219,94.3,94.31,94.29,94.3,8553,131842
980220,94.29,94.3,94.28,94.29,4242,131432
980223,94.32,94.32,94.23,94.24,11156,129886
980224,94.25,94.27,94.07,94.09,30951,130296
980225,94.12,94.14,94.1,94.13,21882,132485
980226,94.13,94.13,94.09,94.11,11673,130812
980227,94.11,94.11,94.11,94.11,16367,134118
980302,94.1,94.11,94.05,94.06,14715,133624
980303,94.06,94.07,93.99,94.01,26051,138026
980304,93.99,94.04,93.99,94.01,22961,143657
980305,94.07,94.07,94.01,94.01,21136,146247
980306,94.01,94.06,93.97,94.05,21705,146069
980309,94.06,94.06,94.04,94.05,46984,139523
980310,94.04,94.06,94.03,94.05,37388,136605
980311,94.06,94.08,94.06,94.07,20732,136972
980312,94.07,94.13,94.05,94.12,17065,135231
980313,94.11,94.12,94.07,94.11,12844,134228
980316,94.12,94.14,94.11,94.13,10754,135867
980317,94.12,94.15,94.11,94.12,14882,137426
980318,94.12,94.12,94.1,94.11,10200,138599
980319,94.1,94.11,94.05,94.09,18291,141973
980320,94.1,94.11,94.09,94.1,10467,143084
980323,94.08,94.11,94.07,94.1,5183,143551
980324,94.1,94.11,94.08,94.1,9970,142944
980325,94.11,94.11,94.02,94.03,16836,145961
980326,94.02,94.02,93.97,93.98,15733,149366
980327,93.98,93.99,93.93,93.95,13216,150938
980330,93.96,93.96,93.92,93.94,9704,148808
980331,93.94,94,93.93,93.98,10338,150149
980401,94,94.02,93.97,94.01,15646,153442
980402,94.03,94.07,94.02,94.06,15080,154358
980403,94.14,94.3,94.12,94.19,27359,153220
980406,94.19,94.19,94.15,94.16,11301,152654
980407,94.17,94.17,94.13,94.14,10785,152415
980408,94.15,94.16,94.11,94.13,14125,153842
980409,94.16,94.16,94.07,94.11,16315,155133
980413,94.08,94.08,93.96,94.01,14171,154374
980414,94.04,94.05,94,94.03,9419,154517
980415,94.04,94.06,94.01,94.05,8901,155119
980416,94.07,94.1,94.06,94.07,8500,155378
980417,94.08,94.1,94.07,94.07,6555,156937
980420,94.06,94.06,94.03,94.04,7315,157926
980421,94.03,94.04,93.99,94,12818,159192
980422,93.99,94.02,93.98,94,10087,160640
980423,93.99,94,93.98,94,12667,163478
980424,93.97,94.01,93.97,94,19389,166161
980427,93.93,93.93,93.85,93.86,19243,166412
980428,93.89,93.9,93.85,93.86,14844,168605
980429,93.85,93.87,93.82,93.85,13417,169579
980430,93.83,94.01,93.82,94,15520,169361
980501,94.01,94.06,94,94,17610,169860
980504,93.99,94.01,93.98,94,4980,169615
980505,93.97,94,93.97,93.98,12777,171469
980506,93.97,94.03,93.97,94.02,16023,172720
980507,94.02,94.06,94.01,94.03,13160,172789
980508,94.03,94.03,93.97,94,16350,173575
980511,93.97,93.98,93.93,93.94,12958,174288
980512,93.95,94.01,93.95,94,15980,175690
980513,93.99,94.03,93.98,94.01,16285,174437
980514,94.01,94.02,93.97,93.98,7893,173412
980515,93.98,94,93.98,93.98,4594,173328
980518,93.99,94.02,93.99,94.01,6035,174622
980519,94,94.04,94,94.02,5078,175161
980520,94.03,94.06,94.03,94.05,10297,174968
980521,94.04,94.06,93.99,94,8022,175212
980522,94.01,94.01,93.98,94,8039,176047
980526,94.02,94.04,94.02,94.03,8011,176592
980527,94.09,94.11,94.08,94.09,24689,179281
980528,94.08,94.08,94.06,94.07,9361,179689
980529,94.08,94.1,94.08,94.09,11286,180873
980601,94.13,94.14,94.12,94.12,10844,181535
980602,94.11,94.11,94.09,94.11,8151,181839
980603,94.08,94.1,94.08,94.09,11594,182829
980604,94.09,94.09,94.05,94.07,11986,183271
980605,94.06,94.08,94.02,94.06,20241,184589
980608,94.06,94.06,94.04,94.06,5729,183228
980609,94.04,94.06,94.04,94.06,7708,183733
980610,94.1,94.11,94.08,94.1,10359,183921
980611,94.12,94.22,94.1,94.21,21456,186848
980612,94.19,94.25,94.17,94.25,15423,186067
980615,94.26,94.28,94.25,94.27,14100,186216
980616,94.22,94.25,94.19,94.2,15065,186441
980617,94.14,94.15,94.08,94.13,20386,185529
980618,94.14,94.17,94.14,94.15,11767,185880
980619,94.13,94.18,94.11,94.17,8671,186208
980622,94.2,94.21,94.17,94.18,8799,187791
980623,94.18,94.18,94.16,94.18,8860,188755
980624,94.18,94.2,94.17,94.18,7437,189619
980625,94.18,94.18,94.13,94.15,8905,189595
980626,94.13,94.17,94.13,94.16,4771,190832
980629,94.17,94.17,94.15,94.16,4078,192365
980630,94.15,94.18,94.13,94.17,8384,192736
980701,94.18,94.24,94.18,94.2,21091,194611
980702,94.24,94.26,94.23,94.23,11395,195228
980706,94.25,94.25,94.24,94.24,3836,194769
980707,94.23,94.23,94.21,94.23,9664,197784
980708,94.24,94.24,94.22,94.23,4398,197745
980709,94.23,94.27,94.23,94.26,9354,198348
980710,94.27,94.27,94.25,94.26,7873,198729
980713,94.26,94.26,94.21,94.23,11979,199360
980714,94.22,94.25,94.19,94.21,18401,201566
980715,94.22,94.23,94.21,94.21,9099,201762
980716,94.2,94.23,94.19,94.2,11641,202142
980717,94.21,94.22,94.19,94.2,8723,203810
980720,94.22,94.22,94.2,94.21,10975,200868
980721,94.24,94.24,94.18,94.21,26896,201435
980722,94.2,94.2,94.17,94.19,18422,197935
980723,94.2,94.21,94.18,94.19,8016,198048
980724,94.19,94.21,94.17,94.19,16794,199138
980727,94.19,94.2,94.17,94.18,13165,197304
980728,94.18,94.19,94.17,94.18,21736,192550
980729,94.18,94.18,94.12,94.13,13563,194723
980730,94.13,94.15,94.11,94.13,28563,199836
980731,94.15,94.15,94.11,94.13,21798,200494
980803,94.14,94.18,94.14,94.17,18740,200016
980804,94.17,94.2,94.16,94.19,24139,200250
980805,94.2,94.21,94.19,94.2,25669,200362
980806,94.2,94.21,94.19,94.2,14324,199573
980807,94.22,94.26,94.21,94.25,16659,199427
980810,94.25,94.26,94.24,94.25,11784,200359
980811,94.31,94.32,94.28,94.28,24859,205625
980812,94.26,94.28,94.24,94.28,17941,206197
980813,94.28,94.28,94.23,94.24,16408,208417
980814,94.23,94.28,94.22,94.27,18521,209706
980817,94.29,94.3,94.27,94.27,8117,210558
980818,94.265,94.265,94.235,94.255,18633,215970
980819,94.255,94.26,94.235,94.255,13118,216135
980820,94.24,94.29,94.235,94.265,13088,218749
980821,94.31,94.395,94.305,94.335,29287,224617
980824,94.345,94.365,94.325,94.35,20730,224732
980825,94.36,94.37,94.345,94.365,25582,224413
980826,94.385,94.43,94.38,94.425,36740,232348
980827,94.475,94.65,94.475,94.525,40721,240984
980828,94.555,94.58,94.5,94.555,39305,242971
980831,94.54,94.61,94.515,94.6,17907,244417
980901,94.6,94.685,94.585,94.615,35034,246659
980902,94.56,94.6,94.55,94.595,23821,243026
980903,94.635,94.655,94.62,94.63,29489,247895
980904,94.595,94.655,94.58,94.65,22483,244848
980908,94.67,94.745,94.66,94.73,31408,253760
980909,94.82,94.87,94.785,94.865,59078,258535
980910,94.88,95.05,94.88,95.045,56912,266527
980911,95.02,95.11,94.9,94.915,52386,267098
980914,94.9,94.92,94.85,94.915,31505,265971
980915,94.96,94.98,94.865,94.885,30844,265334
980916,94.87,94.9,94.815,94.89,46041,265253
980917,94.97,94.985,94.925,94.945,38649,265503
980918,94.95,95.01,94.94,95.005,22804,266860
980921,95.08,95.09,94.96,94.985,27748,269863
980922,94.965,95.035,94.965,95,35693,270853
980923,95.04,95.14,95.025,95.12,52046,274908
980924,95.125,95.22,95.105,95.215,49518,270751
980925,95.27,95.28,95.145,95.205,40658,269461
980928,95.225,95.23,95.185,95.19,27173,269812
980929,95.215,95.24,95.13,95.23,46242,274484
980930,95.31,95.385,95.28,95.36,47645,273327
981001,95.43,95.495,95.38,95.49,72379,275823
981002,95.48,95.545,95.43,95.49,43949,279753
981005,95.51,95.62,95.5,95.605,45547,278912
981006,95.505,95.56,95.46,95.53,51646,276180
981007,95.47,95.56,95.44,95.495,60030,283183
981008,95.6,95.62,95.35,95.36,59075,283537
981009,95.375,95.42,95.275,95.285,2296,285567
981013,95.35,95.37,95.285,95.315,36858,290169
981014,95.35,95.43,95.35,95.4,31647,285970
981015,95.43,95.465,95.345,95.38,43495,289645
981016,95.62,95.75,95.58,95.685,64174,275659
981019,95.705,95.735,95.68,95.685,23427,278887
981020,95.68,95.68,95.59,95.64,42039,279067
981021,95.62,95.625,95.555,95.56,22781,277578
981022,95.585,95.59,95.535,95.545,26722,276694
981023,95.555,95.56,95.5,95.525,17881,276663
981026,95.505,95.565,95.465,95.48,23192,273916
981027,95.5,95.59,95.5,95.58,28887,276741
981028,95.62,95.635,95.59,95.6,33481,281247
981029,95.61,95.64,95.595,95.62,20886,281008
981030,95.61,95.63,95.495,95.51,37897,287195
981102,95.495,95.495,95.35,95.365,41073,287941
981103,95.405,95.41,95.315,95.375,29397,289015
981104,95.335,95.335,95.14,95.175,57200,290730
981105,95.225,95.33,95.06,95.155,72477,299866
981106,95.17,95.17,94.96,95.015,54839,304814
981109,94.97,95.05,94.92,95.03,47933,301512
981110,95.1,95.15,95.075,95.09,36320,301401
981111,95.05,95.11,95.02,95.085,4914,301087
981112,95.115,95.15,95.08,95.115,27438,301770
981113,95.135,95.135,95.035,95.05,35771,294365
981116,95.035,95.055,95.005,95.045,28303,292862
981117,95.07,95.16,95.04,95.055,46466,279165
981118,95.05,95.08,94.995,95.02,36902,277068
981119,95.005,95.03,94.91,94.915,35586,276861
981120,94.87,94.89,94.76,94.845,46463,267126
981123,94.845,94.845,94.77,94.79,15968,267107
981124,94.75,94.76,94.685,94.71,33289,268524
981125,94.74,94.745,94.725,94.725,12782,266181
981127,94.795,94.795,94.76,94.77,4036,263494
981130,94.8,94.865,94.8,94.85,26837,262744
981201,94.9,94.98,94.87,94.895,33625,261445
981202,94.9,95.01,94.895,94.965,35134,261587
981203,95.01,95.015,94.89,94.93,44678,262727
981204,94.93,94.95,94.85,94.87,37676,259820
981207,94.87,94.88,94.76,94.76,23873,262326
981208,94.77,94.825,94.77,94.815,16183,266942
981209,94.84,94.89,94.82,94.88,15145,268523
981210,94.88,94.915,94.855,94.91,14977,268717
981211,94.93,94.93,94.855,94.865,23627,237107
981214,94.865,94.915,94.865,94.89,18010,242030
981215,94.875,94.885,94.83,94.835,11602,241035
981216,94.83,94.9,94.83,94.89,17592,240289
981217,94.89,94.89,94.835,94.86,12804,240773
981218,94.83,94.84,94.82,94.835,9566,239163
981221,94.81,94.81,94.68,94.755,16808,241241
981222,94.725,94.755,94.695,94.71,12302,240293
981223,94.705,94.705,94.555,94.56,11180,241145
981224,94.58,94.585,94.47,94.515,6409,241350
981228,94.525,94.555,94.49,94.54,5327,241259
981229,94.545,94.62,94.515,94.615,13610,241852
981230,94.68,94.85,94.675,94.745,18118,240219
981231,94.72,94.79,94.71,94.73,6124,240889
990104,94.765,94.77,94.71,94.75,18201,240065
990105,94.74,94.78,94.735,94.75,22830,243434
990106,94.735,94.735,94.7,94.72,30395,251873
990107,94.745,94.77,94.71,94.72,21025,256915
990108,94.735,94.735,94.56,94.605,32169,263519
990111,94.55,94.57,94.5,94.545,24667,261386
990112,94.54,94.64,94.54,94.615,23782,257483
990113,94.8,94.85,94.665,94.69,29795,258174
990114,94.685,94.82,94.685,94.795,25475,255223
990115,94.79,94.795,94.72,94.74,16955,258213
990119,94.76,94.785,94.71,94.76,14589,256707
990120,94.72,94.74,94.66,94.69,22881,261314
990121,94.72,94.775,94.715,94.735,18701,261551
990122,94.78,94.8,94.76,94.775,10770,261559
990125,94.805,94.825,94.785,94.81,17854,257306
990126,94.825,94.825,94.76,94.765,10774,257299
990127,94.76,94.795,94.745,94.785,10309,257919
990128,94.75,94.795,94.72,94.785,17779,258628
990129,94.76,94.79,94.71,94.79,22623,259842
990201,94.765,94.775,94.73,94.735,16455,259490
990202,94.74,94.745,94.71,94.73,22347,261799
990203,94.705,94.73,94.69,94.695,17445,262751
990204,94.685,94.685,94.635,94.65,29140,263874
990205,94.66,94.665,94.605,94.615,31429,263714
990208,94.59,94.64,94.585,94.62,15679,265129
990209,94.65,94.66,94.63,94.64,16098,267918
990210,94.67,94.67,94.63,94.645,16108,270840
990211,94.63,94.64,94.615,94.635,17928,272196
990212,94.605,94.605,94.5,94.52,26574,275333
990216,94.54,94.545,94.485,94.5,24908,280294
990217,94.515,94.55,94.505,94.545,16868,283495
990218,94.565,94.565,94.52,94.53,18700,284797
990219,94.505,94.535,94.5,94.52,23693,282527
990222,94.5,94.545,94.495,94.535,11242,284808
990223,94.54,94.555,94.395,94.41,45576,287875
990224,94.41,94.42,94.34,94.345,41057,293080
990225,94.355,94.355,94.22,94.27,70005,300289
990226,94.255,94.29,94.225,94.25,34682,304391
990301,94.28,94.3,94.175,94.205,34841,305581
990302,94.205,94.26,94.2,94.225,42682,316216
990303,94.255,94.26,94.21,94.225,23434,319337
990304,94.225,94.225,94.185,94.205,17795,318679
990305,94.205,94.39,94.195,94.28,54749,325320
990308,94.295,94.34,94.285,94.295,20806,327549
990309,94.29,94.44,94.275,94.425,35441,328477
990310,94.43,94.44,94.4,94.42,27715,327920
990311,94.415,94.46,94.395,94.42,37143,332127
990312,94.435,94.49,94.425,94.485,35420,339117
990315,94.49,94.53,94.475,94.52,30570,339347
990316,94.51,94.555,94.505,94.55,31927,339027
990317,94.56,94.56,94.505,94.515,29129,338535
990318,94.52,94.54,94.51,94.53,28963,339624
990319,94.535,94.54,94.465,94.475,22794,343192
990322,94.44,94.46,94.43,94.44,21420,341117
990323,94.44,94.5,94.435,94.485,29588,343524
990324,94.53,94.55,94.51,94.515,35077,349064
990325,94.535,94.54,94.49,94.495,19868,349980
990326,94.505,94.7,94.5,94.545,54566,353684
990329,94.57,94.57,94.53,94.535,26280,349768
990330,94.51,94.59,94.51,94.585,27326,352055
990331,94.59,94.605,94.52,94.565,32669,351411
990401,94.575,94.585,94.535,94.56,33316,350718
990402,94.55,94.62,94.535,94.615,20912,350996
990405,94.625,94.64,94.595,94.61,15206,351046
990406,94.625,94.67,94.605,94.655,21522,353459
990407,94.64,94.645,94.615,94.635,20364,354204
990408,94.65,94.7,94.635,94.69,35193,357755
990409,94.695,94.75,94.69,94.695,30793,356527
990412,94.73,94.74,94.66,94.675,29728,356659
990413,94.7,94.71,94.67,94.685,50045,360306
990414,94.69,94.7,94.675,94.685,27997,359148
990415,94.665,94.675,94.63,94.67,48691,363248
990416,94.655,94.655,94.56,94.585,73709,364039
990419,94.585,94.66,94.57,94.645,48816,365307
990420,94.655,94.69,94.64,94.665,44959,363139
990421,94.685,94.685,94.645,94.65,22702,363353
990422,94.645,94.645,94.59,94.605,37259,364723
990423,94.615,94.63,94.585,94.605,32568,366523
990426,94.595,94.63,94.57,94.625,24527,366700
990427,94.62,94.64,94.6,94.625,36657,366836
990428,94.61,94.61,94.59,94.605,21922,367036
990429,94.605,94.7,94.605,94.68,66198,370177
990430,94.675,94.685,94.525,94.535,73540,373759
990503,94.54,94.56,94.515,94.535,33203,377190
990504,94.555,94.56,94.495,94.525,53904,383126
990505,94.545,94.56,94.51,94.54,45378,384657
990506,94.545,94.545,94.46,94.475,80133,396084
990507,94.485,94.58,94.47,94.49,86433,401632
990510,94.49,94.54,94.485,94.525,42168,406338
990511,94.53,94.545,94.49,94.505,36417,411655
990512,94.505,94.54,94.485,94.525,47717,412616
990513,94.54,94.62,94.535,94.61,64149,415671
990514,94.61,94.62,94.4,94.425,144031,422361
990517,94.415,94.43,94.4,94.415,54367,426898
990518,94.425,94.47,94.31,94.34,71303,427694
990519,94.37,94.4,94.34,94.395,75033,424450
990520,94.395,94.4,94.355,94.385,47996,427036
990521,94.385,94.445,94.38,94.405,54602,424327
990524,94.405,94.45,94.4,94.43,49947,428401
990525,94.43,94.44,94.415,94.43,35096,430146
990526,94.43,94.44,94.375,94.39,46328,433490
990527,94.375,94.38,94.265,94.295,105010,443692
990528,94.285,94.31,94.22,94.28,77444,455013
990601,94.24,94.265,94.18,94.195,80370,463204
990602,94.195,94.235,94.17,94.205,71270,462892
990603,94.235,94.24,94.205,94.215,62103,470792
990604,94.2,94.26,94.17,94.195,63932,474280
990607,94.2,94.23,94.195,94.195,25471,472885
990608,94.225,94.23,94.19,94.195,27542,476975
990609,94.195,94.195,94.145,94.18,34304,479323
990610,94.135,94.155,94.11,94.14,47132,478102
990611,94.14,94.185,94.105,94.115,64691,478638
990614,94.135,94.155,94.135,94.135,48140,468860
990615,94.165,94.175,94.145,94.145,43206,471344
990616,94.165,94.255,94.16,94.215,88400,469774
990617,94.235,94.35,94.225,94.34,108966,465838
990618,94.33,94.33,94.28,94.285,38003,464739
990621,94.305,94.31,94.21,94.245,47405,467954
990622,94.225,94.235,94.195,94.205,57893,465635
990623,94.165,94.19,94.135,94.165,55382,463763
990624,94.17,94.175,94.13,94.15,56422,465988
990625,94.17,94.18,94.155,94.155,36922,462311
990628,94.155,94.19,94.15,94.185,31543,457602
990629,94.16,94.16,94.095,94.1,95746,467603
990630,94.04,94.25,94.02,94.175,116107,479065
990701,94.14,94.2,94.105,94.185,70143,475091
990702,94.165,94.19,94.13,94.18,74183,0
990706,94.13,94.15,94.115,94.135,28797,474875
990707,94.115,94.13,94.095,94.12,38477,474785
990708,94.115,94.175,94.09,94.17,47763,474962
990709,94.17,94.195,94.15,94.16,35695,475841
990712,94.15,94.19,94.15,94.18,29004,476834
990713,94.195,94.2,94.16,94.17,44873,483231
990714,94.16,94.185,94.13,94.15,42133,478691
990715,94.145,94.175,94.11,94.145,52085,472191
990716,94.165,94.215,94.16,94.205,52102,466326
990719,94.215,94.24,94.215,94.235,24476,0
990720,94.21,94.37,94.205,94.355,95075,466681
990721,94.32,94.345,94.315,94.34,52183,462329
990722,94.325,94.34,94.18,94.235,101953,456526
990723,94.2,94.215,94.19,94.2,49864,454572
990726,94.18,94.195,94.165,94.18,32327,452798
990727,94.195,94.22,94.185,94.205,30690,455706
990728,94.19,94.2,94.175,94.19,39383,452484
990729,94.135,94.155,94.075,94.105,88086,459697
990730,94.085,94.09,94.06,94.075,46566,451515
990802,94.005,94.06,93.965,94.015,64614,455894
990803,94.015,94.05,94,94.015,47310,457037
990804,94.02,94.095,94.015,94.065,51852,459327
990805,94.06,94.19,94.045,94.155,102075,457864
990806,94.155,94.16,94.015,94.03,93995,453785
990809,93.995,94,93.945,93.96,52664,458994
990810,93.935,93.955,93.93,93.955,58709,459192
990811,93.975,94,93.955,93.975,33911,459741
990812,93.98,94,93.96,93.975,43389,460636
990813,93.955,94.035,93.94,94.03,56361,459446
990816,94.015,94.03,94.005,94.01,34302,456678
990817,94,94.09,93.995,94.07,66048,461419
990818,94.075,94.1,94.055,94.095,36367,464995
990819,94.08,94.16,94.065,94.125,55182,468167
990820,94.12,94.15,94.115,94.14,23445,467491
990823,94.13,94.145,94.12,94.14,30472,468373
990824,94.105,94.18,94.1,94.15,89759,464345
990825,94.17,94.18,94.155,94.175,111906,458175
990826,94.155,94.16,94.075,94.09,99560,457129
990827,94.025,94.05,93.99,94.045,83688,461729
990830,94.005,94.03,93.99,93.995,38097,463674
990831,94.01,94.025,93.98,93.995,60798,468017
990901,93.985,94.01,93.975,93.99,51693,475207
990902,93.97,93.99,93.97,93.98,65109,486626
990903,93.985,94.08,93.98,94.05,59164,493278
990907,94.04,94.04,94.005,94.01,47260,498732
990908,93.975,94.13,93.97,94.1,153643,508649
990909,94.09,94.095,94.06,94.085,56782,513034
990910,94.095,94.14,94.06,94.125,71767,519935
990913,94.11,94.12,94.09,94.095,56845,523875
990914,94.095,94.105,94.04,94.05,69804,530400
990915,94.04,94.09,94.04,94.05,76870,534675
990916,94.055,94.08,94.055,94.07,50436,527366
990917,94.095,94.11,94.075,94.09,40019,531516
990920,94.11,94.11,94.06,94.065,27977,532793
990921,94.045,94.07,94.03,94.065,45173,536944
990922,94.075,94.08,94.06,94.065,38930,533624
990923,94.06,94.075,94.05,94.065,41643,542544
990924,94.105,94.14,94.095,94.13,72065,532669
990927,94.105,94.105,94.07,94.08,44952,531610
990928,94.085,94.085,94.01,94.035,106161,540420
990929,94.01,94.05,94.01,94.025,79721,548685
990930,94.03,94.045,94.015,94.035,65414,536427
991001,94.015,94.025,93.945,93.96,121031,525952
991004,93.965,93.975,93.96,93.97,39812,527249
991005,93.97,93.975,93.89,93.905,93062,527085
991006,93.915,93.925,93.895,93.9,67582,515591
991007,93.895,93.915,93.89,93.91,45764,502721
991008,93.92,93.97,93.92,93.945,1881,497724
991012,93.915,93.925,93.905,93.92,34043,496577
991013,93.925,93.93,93.91,93.92,65946,496190
991014,93.915,93.915,93.88,93.895,56348,490777
991015,93.91,93.935,93.865,93.93,61107,479576
991018,93.935,93.945,93.915,93.93,41265,485464
991019,93.9,93.915,93.83,93.835,81255,482998
991020,93.825,93.835,93.8,93.835,52460,481354
991021,93.845,93.855,93.82,93.84,44389,481966
991022,93.965,93.97,93.915,93.94,87720,480370
991025,93.9,93.9,93.89,93.9,36915,481135
991026,93.9,93.91,93.875,93.88,34211,477562
991027,93.885,93.885,93.85,93.86,50394,478535
991028,93.895,93.94,93.895,93.935,49631,477557
991029,93.965,93.995,93.96,93.98,88059,478288
991101,93.965,94.01,93.965,94,51420,469727
991102,93.995,94.015,93.98,94,35471,468027
991103,93.99,94.035,93.985,94.01,44299,456990
991104,94.045,94.1,94.045,94.085,76868,463113
991105,94.075,94.155,94.065,94.125,78307,467173
991108,94.105,94.13,94.105,94.11,24636,462417
991109,94.125,94.125,94.095,94.105,37946,461143
991110,94.115,94.12,94.055,94.075,79042,447392
991112,94.09,94.115,94.065,94.09,43342,440971
991115,94.077,94.087,94.075,94.087,31666,447173
991116,94.09,94.11,94.03,94.035,99848,467303
991117,94.035,94.075,94.03,94.067,60308,464794
991118,94.06,94.075,94.057,94.067,42956,463185
991119,94.055,94.055,94.027,94.04,33298,458303
991122,94.015,94.017,94.002,94.012,27904,453719
991123,94.005,94.017,94,94.002,32945,450547
991124,93.98,93.99,93.97,93.982,32776,447560
991126,93.962,93.97,93.96,93.97,17947,447706
991129,93.952,93.952,93.935,93.942,45889,435086
991130,93.937,93.945,93.93,93.932,37142,429171
991201,93.917,93.932,93.91,93.92,45288,425903
991202,93.92,93.925,93.912,93.92,40238,418593
991203,93.917,93.95,93.917,93.927,40292,417621
991206,93.927,93.927,93.912,93.917,21353,413454
991207,93.915,93.915,93.902,93.905,30474,413473
991208,93.902,93.905,93.9,93.905,33138,396980
991209,93.905,93.905,93.9,93.902,41278,391391
991210,93.89,93.895,93.885,93.892,32908,385949
991213,93.878,93.878,93.878,93.878,0,0
