"Date","Open","High","Low","Close","Volume","OpenInt"
01/02/1998,329.3,329.3,329.3,329.3,0,2147
01/05/1998,321.5,321.5,321.5,321.5,102,2147
01/06/1998,320.3,320.3,320.3,320.3,0,2147
01/07/1998,323.2,323.2,323.2,323.2,0,2147
01/08/1998,319.5,319.5,319.5,319.5,0,2147
01/09/1998,315.6,315.6,315.6,315.6,100,2147
01/12/1998,314.4,314.4,314.4,314.4,0,2147
01/13/1998,319.2,319.2,319.2,319.2,0,2147
01/14/1998,318.1,318.1,318.1,318.1,0,2147
01/15/1998,322.3,322.3,322.3,322.3,0,2147
01/16/1998,327.1,327.1,327.1,327.1,0,2147
01/20/1998,327.1,327.1,327.1,327.1,0,2147
01/21/1998,328.8,328.8,328.8,328.8,0,2147
01/22/1998,327.1,327.1,327.1,327.1,0,2147
01/23/1998,336.3,336.3,336.3,336.3,0,2147
01/26/1998,332.5,332.5,332.5,332.5,0,2147
01/27/1998,336.8,336.8,336.8,336.8,0,2147
01/28/1998,342.4,342.4,342.4,342.4,0,2147
01/29/1998,338.6,338.6,338.6,338.6,0,2147
01/30/1998,338.4,338.4,338.4,338.4,0,2147
02/02/1998,340.0,340.0,340.0,340.0,0,2147
02/03/1998,331.6,331.6,331.6,331.6,0,2147
02/04/1998,336.3,336.3,336.3,336.3,0,2147
02/05/1998,335.4,335.4,335.4,335.4,0,2147
02/06/1998,334.8,334.8,334.8,334.8,0,2147
02/09/1998,336.7,336.7,336.7,336.7,0,2147
02/10/1998,342.3,342.3,336.9,336.9,0,2147
02/11/1998,335.6,335.6,335.6,335.6,0,2147
02/12/1998,333.9,333.9,333.9,333.9,0,2147
02/13/1998,334.5,334.5,334.3,334.3,0,2147
02/17/1998,332.1,332.1,332.1,332.1,0,2147
02/18/1998,331.9,331.9,331.9,331.9,0,2147
02/19/1998,333.7,333.7,333.7,333.7,0,2147
02/20/1998,332.4,332.4,332.4,332.4,0,2147
02/23/1998,328.3,328.3,328.3,328.3,0,2147
02/24/1998,327.2,327.2,327.2,327.2,0,2147
02/25/1998,327.5,327.5,327.5,327.5,0,2147
02/26/1998,329.9,329.9,329.9,329.9,0,2147
02/27/1998,334.7,334.7,334.7,334.7,0,2147
03/02/1998,335.3,335.3,335.3,335.3,0,2147
03/03/1998,333.3,333.3,333.3,333.3,0,2147
03/04/1998,332.1,332.1,332.1,332.1,100,2147
03/05/1998,329.5,329.5,329.5,329.5,0,2147
03/06/1998,330.6,330.6,330.6,330.6,15,2152
03/09/1998,330.1,330.1,330.1,330.1,0,2152
03/10/1998,331.6,331.6,331.6,331.6,0,2152
03/11/1998,330.3,330.3,330.3,330.3,0,2152
03/12/1998,330.3,330.3,330.3,330.3,0,2152
03/13/1998,331.1,331.1,331.1,331.1,0,2152
03/16/1998,330.3,330.3,330.3,330.3,0,2152
03/17/1998,327.5,327.5,327.5,327.5,0,2152
03/18/1998,326.6,326.6,326.6,326.6,0,2152
03/19/1998,327.0,327.0,327.0,327.0,0,2152
03/20/1998,327.1,327.1,327.1,327.1,0,2152
03/23/1998,334.4,334.4,334.4,334.4,0,2152
03/24/1998,335.0,335.0,335.0,335.0,0,2152
03/25/1998,334.7,334.7,334.7,334.7,0,2152
03/26/1998,337.1,337.1,337.1,337.1,0,2152
03/27/1998,338.4,338.4,338.4,338.4,0,2152
03/30/1998,342.8,342.8,337.4,337.4,0,2152
03/31/1998,336.9,336.9,336.9,336.9,0,2152
04/01/1998,335.5,335.5,335.5,335.5,0,2152
04/02/1998,337.7,337.7,337.7,337.7,0,2152
04/03/1998,343.0,343.0,343.0,343.0,0,2152
04/06/1998,344.1,344.1,344.1,344.1,0,2152
04/07/1998,344.7,344.7,344.7,344.7,0,2152
04/08/1998,349.0,349.0,343.8,343.8,0,2152
04/09/1998,343.0,343.0,343.0,343.0,0,2152
04/13/1998,345.9,345.9,345.9,345.9,0,2152
04/14/1998,343.5,343.5,343.5,343.5,0,2152
04/15/1998,347.7,347.7,342.4,342.4,0,2152
04/16/1998,343.1,343.1,343.1,343.1,0,2152
04/17/1998,342.8,342.8,342.8,342.8,0,2152
04/20/1998,343.0,343.0,343.0,343.0,0,2152
04/21/1998,346.1,346.1,346.1,346.1,0,2152
04/22/1998,348.5,348.5,348.5,348.5,0,2152
04/23/1998,349.4,349.4,349.4,349.4,0,2152
04/24/1998,348.0,348.0,348.0,348.0,0,2152
04/27/1998,345.6,345.6,345.6,345.6,0,2152
04/28/1998,344.0,344.0,344.0,344.0,0,2152
04/29/1998,346.6,346.6,346.6,346.6,0,2152
04/30/1998,347.0,347.0,342.9,342.9,7,2152
05/01/1998,337.5,337.5,337.5,337.5,0,2152
05/04/1998,339.3,339.3,339.3,339.3,0,2152
05/05/1998,338.5,338.5,338.5,338.5,0,2152
05/06/1998,335.4,335.4,335.4,335.4,0,2152
05/07/1998,333.4,333.4,333.4,333.4,0,2152
05/08/1998,334.5,334.5,334.5,334.5,0,2152
05/11/1998,335.1,335.1,335.1,335.1,0,2152
05/12/1998,332.8,332.8,332.8,332.8,0,2152
05/13/1998,333.1,333.1,333.1,333.1,0,2152
05/14/1998,333.6,333.6,333.6,333.6,0,2152
05/15/1998,335.9,335.9,335.9,335.9,0,2152
05/18/1998,334.2,334.2,334.2,334.2,0,2152
05/19/1998,333.2,333.2,333.2,333.2,0,2152
05/20/1998,333.8,333.8,333.8,333.8,0,2152
05/21/1998,335.2,335.2,335.2,335.2,0,2152
05/22/1998,334.0,334.0,334.0,334.0,0,2152
05/26/1998,329.6,329.6,329.6,329.6,0,2152
05/27/1998,327.7,327.7,327.7,327.7,0,2152
05/28/1998,327.1,327.1,327.1,327.1,0,2152
05/29/1998,326.7,326.7,326.7,326.7,0,2152
06/01/1998,321.9,321.9,321.9,321.9,0,2152
06/02/1998,324.5,324.5,324.5,324.5,0,2152
06/03/1998,326.6,326.6,326.6,326.6,0,2152
06/04/1998,326.9,326.9,326.9,326.9,0,2152
06/05/1998,324.9,324.9,324.9,324.9,100,2147
06/08/1998,330.0,330.0,330.0,330.0,0,2147
06/09/1998,327.0,327.0,327.0,327.0,0,2147
06/10/1998,326.1,326.1,326.1,326.1,60,2147
06/11/1998,319.1,319.1,319.1,319.1,0,2147
06/12/1998,317.2,317.2,317.2,317.2,0,2147
06/15/1998,316.2,316.2,316.2,316.2,0,2147
06/16/1998,319.8,319.8,319.8,319.8,20,2167
06/17/1998,324.9,324.9,324.9,324.9,0,2167
06/18/1998,324.6,324.6,324.6,324.6,0,2167
06/19/1998,331.0,331.0,331.0,331.0,0,2167
06/22/1998,327.3,327.3,327.3,327.3,0,2167
06/23/1998,326.6,326.6,326.6,326.6,0,2167
06/24/1998,324.4,324.4,324.4,324.4,0,2167
06/25/1998,325.3,325.3,325.3,325.3,0,2167
06/26/1998,325.1,325.1,325.1,325.1,0,2167
06/29/1998,324.9,324.9,324.9,324.9,0,2167
06/30/1998,328.3,328.3,328.3,328.3,0,2167
07/01/1998,327.6,327.6,327.6,327.6,0,2167
07/02/1998,325.0,325.0,325.0,325.0,0,2167
07/06/1998,324.3,324.3,324.3,324.3,0,2167
07/07/1998,326.0,326.0,326.0,326.0,0,2167
07/08/1998,324.3,324.3,324.3,324.3,0,2167
07/09/1998,322.6,322.6,322.6,322.6,0,2167
07/10/1998,321.7,321.7,321.7,321.7,0,2167
07/13/1998,322.6,322.6,322.6,322.6,0,2167
07/14/1998,324.4,324.4,324.4,324.4,0,2167
07/15/1998,325.0,325.0,325.0,325.0,0,2167
07/16/1998,324.8,324.8,324.8,324.8,0,2167
07/17/1998,326.1,326.1,326.1,326.1,0,2167
07/20/1998,327.8,327.8,327.8,327.8,155,2212
07/21/1998,326.9,326.9,326.9,326.9,0,2212
07/22/1998,326.0,326.0,326.0,326.0,11,2212
07/23/1998,324.9,324.9,324.9,324.9,0,2212
07/24/1998,322.5,322.5,322.5,322.5,0,2212
07/27/1998,321.3,321.3,321.3,321.3,0,2212
07/28/1998,322.8,322.8,322.8,322.8,10,2212
07/29/1998,320.9,320.9,320.9,320.9,0,2212
07/30/1998,319.7,319.7,319.7,319.7,0,2212
07/31/1998,317.0,317.0,317.0,317.0,0,2212
08/03/1998,314.4,314.4,314.4,314.4,0,2212
08/04/1998,319.0,319.0,319.0,319.0,0,2212
08/05/1998,318.3,318.3,318.3,318.3,0,2212
08/06/1998,318.5,318.5,318.5,318.5,0,2212
08/07/1998,317.7,317.7,317.7,317.7,0,2212
08/10/1998,318.6,318.6,318.6,318.6,0,2212
08/11/1998,314.7,314.7,314.7,314.7,0,2212
08/12/1998,313.5,313.5,313.5,313.5,0,2212
08/13/1998,316.1,316.1,316.1,316.1,0,2212
08/14/1998,315.0,315.0,315.0,315.0,0,2212
08/17/1998,316.5,316.5,316.5,316.5,0,2212
08/18/1998,316.8,316.8,316.8,316.8,0,2212
08/19/1998,315.2,315.2,315.2,315.2,0,2212
08/20/1998,317.0,317.0,317.0,317.0,0,2212
08/21/1998,316.1,316.1,316.1,316.1,0,2212
08/24/1998,315.8,315.8,315.8,315.8,0,2212
08/25/1998,314.2,314.2,314.2,314.2,37,2190
08/26/1998,313.2,313.2,313.2,313.2,0,2190
08/27/1998,306.9,306.9,306.9,306.9,0,2190
08/28/1998,303.5,303.5,303.5,303.5,0,2190
08/31/1998,304.4,304.4,304.4,304.4,0,2190
09/01/1998,307.7,307.7,307.7,307.7,0,2190
09/02/1998,308.8,308.8,308.8,308.8,0,2190
09/03/1998,313.8,313.8,313.8,313.8,0,2190
09/04/1998,315.6,315.6,315.6,315.6,0,2190
09/08/1998,314.7,314.7,314.7,314.7,0,2190
09/09/1998,312.2,312.2,312.2,312.2,0,2190
09/10/1998,317.7,317.7,317.7,317.7,0,2190
09/11/1998,320.7,320.7,320.7,320.7,120,2290
09/14/1998,317.4,317.4,317.4,317.4,20,2290
09/15/1998,316.9,316.9,316.9,316.9,0,2290
09/16/1998,314.5,314.5,314.5,314.5,0,2290
09/17/1998,317.7,317.7,317.7,317.7,0,2290
09/18/1998,317.7,317.7,317.7,317.7,0,2290
09/21/1998,315.1,315.1,315.1,315.1,0,2290
09/22/1998,314.1,314.1,314.1,314.1,0,2290
09/23/1998,315.9,315.9,315.9,315.9,0,2290
09/24/1998,319.0,319.0,319.0,319.0,0,2290
09/25/1998,318.6,318.6,318.6,318.6,0,2290
09/28/1998,320.5,320.5,320.5,320.5,0,2290
09/29/1998,318.9,318.9,318.9,318.9,0,2290
09/30/1998,320.5,320.5,320.5,320.5,0,2290
10/01/1998,322.4,322.4,322.4,322.4,0,2290
10/02/1998,322.7,322.7,322.7,322.7,0,2290
10/05/1998,318.1,318.1,318.1,318.1,0,2290
10/06/1998,317.4,317.4,317.4,317.4,0,2290
10/07/1998,321.9,321.9,321.9,321.9,0,2290
10/08/1998,320.7,320.7,320.7,320.7,0,2290
10/09/1998,319.0,319.0,318.3,318.3,2,2290
10/12/1998,318.5,318.5,318.5,318.5,0,2290
10/13/1998,318.9,318.9,318.9,318.9,0,2290
10/14/1998,317.7,317.7,317.7,317.7,0,2290
10/15/1998,319.4,319.4,319.4,319.4,0,2290
10/16/1998,320.3,320.3,320.3,320.3,0,2290
10/19/1998,316.4,316.4,316.4,316.4,31,2290
10/20/1998,316.4,316.4,316.4,316.4,0,2290
10/21/1998,315.8,315.8,315.8,315.8,0,2290
10/22/1998,312.6,312.6,312.6,312.6,0,2290
10/23/1998,313.2,313.2,313.2,313.2,0,2290
10/26/1998,312.7,312.7,312.7,312.7,0,2290
10/27/1998,314.1,314.1,314.1,314.1,0,2290
10/28/1998,314.2,314.2,314.2,314.2,0,2290
10/29/1998,314.9,314.9,314.9,314.9,0,2290
10/30/1998,313.9,313.9,313.9,313.9,0,2290
11/02/1998,311.8,311.8,311.8,311.8,0,2290
11/03/1998,310.6,310.6,310.6,310.6,0,2290
11/04/1998,314.0,314.0,314.0,314.0,0,2290
11/05/1998,317.0,317.0,317.0,317.0,40,2306
11/06/1998,317.0,317.0,317.0,317.0,0,2306
11/09/1998,316.5,316.5,316.5,316.5,0,2306
11/10/1998,317.4,317.4,317.4,317.4,0,2306
11/11/1998,316.9,316.9,316.9,316.9,50,2356
11/12/1998,320.7,320.7,320.7,320.7,50,2406
11/13/1998,320.5,320.5,320.5,320.5,5,2406
11/16/1998,319.9,319.9,319.9,319.9,0,2406
11/17/1998,319.2,319.2,319.2,319.2,0,2406
11/18/1998,322.4,322.4,322.4,322.4,0,2406
11/19/1998,319.9,319.9,319.9,319.9,0,2406
11/20/1998,320.2,320.2,320.2,320.2,0,2406
11/23/1998,321.7,321.7,321.7,321.7,0,2406
11/24/1998,321.7,321.7,321.7,321.7,0,2406
11/25/1998,322.2,322.2,322.2,322.2,0,2406
11/30/1998,318.0,318.0,318.0,318.0,0,2406
12/01/1998,318.4,318.4,318.4,318.4,0,2406
12/02/1998,317.4,317.4,317.4,317.4,5,2401
12/03/1998,315.9,315.9,315.9,315.9,0,2401
12/04/1998,316.7,316.7,316.7,316.7,0,2401
12/07/1998,319.3,319.3,319.3,319.3,0,2401
12/08/1998,318.0,318.0,318.0,318.0,0,2401
12/09/1998,318.0,318.0,318.0,318.0,0,2401
12/10/1998,318.5,318.5,318.5,318.5,0,2401
12/11/1998,314.9,314.9,314.9,314.9,0,2401
12/14/1998,315.1,315.1,315.1,315.1,0,2401
12/15/1998,316.5,316.5,316.5,316.5,0,2401
12/16/1998,318.7,318.7,318.7,318.7,0,2401
12/17/1998,314.7,314.7,314.7,314.7,0,2401
12/18/1998,312.2,312.2,312.2,312.2,0,2401
12/21/1998,312.3,312.3,312.3,312.3,0,2401
12/22/1998,311.1,311.1,311.1,311.1,0,2401
12/23/1998,310.5,310.5,310.5,310.5,0,2401
12/24/1998,315.2,315.2,310.5,310.5,0,2401
12/28/1998,310.7,310.7,310.7,310.7,0,2401
12/29/1998,310.0,310.0,310.0,310.0,0,2401
12/30/1998,311.0,311.0,311.0,311.0,0,2401
12/31/1998,312.1,312.1,312.1,312.1,0,2401
01/04/1999,311.5,311.5,311.5,311.5,0,2401
01/05/1999,311.1,311.1,311.1,311.1,0,2401
01/06/1999,312.0,312.0,312.0,312.0,0,2401
01/07/1999,316.4,316.4,316.4,316.4,0,2401
01/08/1999,316.0,316.0,316.0,316.0,0,2401
01/11/1999,317.6,317.6,317.6,317.6,0,2401
01/12/1999,312.9,312.9,312.9,312.9,0,2401
01/13/1999,310.2,310.2,310.2,310.2,0,2401
01/14/1999,310.1,310.1,310.1,310.1,0,2401
01/15/1999,310.0,310.0,310.0,310.0,0,2401
01/19/1999,309.8,309.8,309.8,309.8,0,2401
01/20/1999,310.6,310.6,310.6,310.6,0,2401
01/21/1999,311.1,311.1,311.1,311.1,0,2401
01/22/1999,309.6,309.6,309.6,309.6,0,2401
01/25/1999,310.8,310.8,310.8,310.8,0,2401
01/26/1999,309.1,309.1,309.1,309.1,0,2401
01/27/1999,306.3,306.3,306.3,306.3,0,2401
01/28/1999,307.7,307.7,307.7,307.7,0,2401
01/29/1999,309.3,309.3,309.3,309.3,0,2401
02/01/1999,312.3,312.3,312.3,312.3,0,2401
02/02/1999,312.1,312.1,312.1,312.1,0,2401
02/03/1999,310.5,310.5,310.5,310.5,0,2401
02/04/1999,313.0,313.0,313.0,313.0,0,2401
02/05/1999,312.5,312.5,312.5,312.5,50,2401
02/08/1999,313.3,313.3,313.3,313.3,0,2401
02/09/1999,311.2,311.2,311.2,311.2,100,2401
02/10/1999,310.9,310.9,310.9,310.9,0,2401
02/11/1999,311.5,311.5,311.5,311.5,26,2401
02/12/1999,313.8,313.8,313.8,313.8,0,2401
02/16/1999,309.9,309.9,309.9,309.9,0,2401
02/17/1999,308.8,308.8,308.8,308.8,0,2401
02/18/1999,310.0,310.0,310.0,310.0,0,2401
02/19/1999,312.2,312.2,312.2,312.2,0,2401
02/22/1999,311.2,311.2,311.2,311.2,0,2401
02/23/1999,311.8,311.8,311.8,311.8,170,2231
02/24/1999,312.2,312.2,312.2,312.2,0,2231
02/25/1999,313.1,313.1,313.1,313.1,0,2231
02/26/1999,312.1,312.1,312.1,312.1,0,2231
03/01/1999,312.2,312.2,312.2,312.2,38,2231
03/02/1999,312.5,312.5,312.5,312.5,0,2231
03/03/1999,312.9,312.9,312.9,312.9,0,2231
03/04/1999,314.0,314.0,314.0,314.0,0,2231
03/05/1999,313.8,313.8,313.8,313.8,10,2231
03/08/1999,317.0,317.0,317.0,317.0,0,2231
03/09/1999,317.6,317.6,317.6,317.6,0,2231
03/10/1999,318.4,318.4,318.4,318.4,0,2231
03/11/1999,319.7,319.7,319.7,319.7,0,2231
03/12/1999,317.7,317.7,317.7,317.7,0,2231
03/15/1999,311.6,311.6,311.6,311.6,0,2231
03/16/1999,308.0,308.0,308.0,308.0,0,2231
03/17/1999,308.2,308.2,308.2,308.2,0,2231
03/18/1999,307.9,307.9,307.9,307.9,0,2231
03/19/1999,309.0,309.0,309.0,309.0,100,2177
03/22/1999,309.2,309.2,309.2,309.2,0,2177
03/23/1999,309.1,309.1,309.1,309.1,0,2177
03/24/1999,308.4,308.4,308.4,308.4,0,2177
03/25/1999,307.4,307.4,307.4,307.4,0,2177
03/26/1999,303.5,303.5,303.5,303.5,0,2177
03/29/1999,304.3,304.3,304.3,304.3,0,2177
03/30/1999,303.3,303.3,303.3,303.3,0,2177
03/31/1999,303.9,303.9,303.9,303.9,0,2177
04/01/1999,304.0,304.0,304.0,304.0,0,2177
04/05/1999,302.3,302.3,302.3,302.3,0,2177
04/06/1999,303.8,303.8,303.8,303.8,0,2177
04/07/1999,304.0,304.0,304.0,304.0,0,2177
04/08/1999,304.1,304.1,304.1,304.1,0,2177
04/09/1999,304.8,304.8,304.8,304.8,0,2177
04/12/1999,305.9,305.9,305.9,305.9,0,2177
04/13/1999,307.0,307.0,307.0,307.0,0,2177
04/14/1999,304.6,304.6,304.6,304.6,0,2177
04/15/1999,307.0,307.0,307.0,307.0,0,2177
04/16/1999,307.3,307.3,307.3,307.3,0,2177
04/19/1999,307.9,307.9,307.9,307.9,0,2177
04/20/1999,307.5,307.5,307.5,307.5,0,2177
04/21/1999,307.1,307.1,307.1,307.1,0,2177
04/22/1999,307.2,307.2,307.2,307.2,0,2177
04/23/1999,307.1,307.1,307.1,307.1,0,2177
04/26/1999,304.9,304.9,304.9,304.9,0,2177
04/27/1999,306.0,306.0,306.0,306.0,0,2177
04/28/1999,306.6,306.6,306.6,306.6,0,2177
04/29/1999,309.7,309.7,309.7,309.7,0,2177
04/30/1999,310.7,310.7,310.7,310.7,50,2177
05/03/1999,310.5,310.5,310.5,310.5,0,2177
05/04/1999,309.8,309.8,309.8,309.8,0,2177
05/05/1999,311.4,311.4,311.4,311.4,0,2177
05/06/1999,313.9,313.9,313.9,313.9,30,2152
05/07/1999,306.6,306.6,306.6,306.6,490,2366
05/10/1999,300.6,300.6,300.6,300.6,20,2366
05/11/1999,301.1,301.1,301.1,301.1,0,2366
05/12/1999,300.0,300.0,300.0,300.0,0,2366
05/13/1999,300.1,300.1,300.1,300.1,0,2366
05/14/1999,299.0,299.0,299.0,299.0,0,2366
05/17/1999,297.4,297.4,297.4,297.4,0,2366
05/18/1999,296.8,296.8,296.8,296.8,0,2366
05/19/1999,296.4,296.4,296.4,296.4,0,2366
05/20/1999,297.6,297.6,297.6,297.6,0,2366
05/21/1999,296.1,296.1,296.1,296.1,0,2366
05/24/1999,295.7,295.7,295.7,295.7,0,2366
05/25/1999,293.5,293.5,293.5,293.5,0,2366
05/26/1999,292.2,292.2,292.2,292.2,0,2366
05/27/1999,293.8,293.8,293.8,293.8,0,2366
05/28/1999,293.6,293.6,293.6,293.6,0,2366
06/01/1999,291.1,291.1,291.1,291.1,0,2366
06/02/1999,289.0,289.0,289.0,289.0,0,2366
06/03/1999,288.5,289.3,288.5,289.3,2,2366
06/04/1999,289.0,289.0,289.0,289.0,0,2366
06/07/1999,288.9,288.9,288.9,288.9,0,2366
06/08/1999,285.4,285.4,285.4,285.4,0,2366
06/09/1999,282.3,282.3,282.3,282.3,0,2366
06/10/1999,281.3,281.3,281.3,281.3,75,2441
06/11/1999,283.9,283.9,283.9,283.9,5,2441
06/14/1999,283.6,283.6,283.6,283.6,10,2441
06/15/1999,282.6,282.6,282.6,282.6,0,2441
06/16/1999,281.1,281.1,281.1,281.1,0,2441
06/17/1999,280.5,280.5,280.5,280.5,0,2441
06/18/1999,281.4,281.4,281.4,281.4,130,2571
06/21/1999,281.3,281.3,281.3,281.3,0,2571
06/22/1999,280.9,280.9,280.9,280.9,0,2571
06/23/1999,283.2,283.2,283.2,283.2,0,2571
06/24/1999,283.8,283.8,283.8,283.8,0,2571
06/25/1999,282.1,282.1,282.1,282.1,0,2571
06/28/1999,282.9,282.9,282.9,282.9,0,2571
06/29/1999,282.6,282.6,282.6,282.6,0,2571
06/30/1999,284.1,284.1,284.1,284.1,0,2571
07/01/1999,285.3,285.3,284.9,284.9,176,2561
07/02/1999,285.1,285.1,285.1,285.1,176,2561
07/06/1999,277.8,277.8,277.8,277.8,524,2851
07/07/1999,277.8,277.8,277.8,277.8,0,2851
07/08/1999,277.1,277.1,277.1,277.1,0,2851
07/09/1999,277.5,277.5,277.5,277.5,0,2851
07/12/1999,275.7,275.7,275.7,275.7,325,3176
07/13/1999,275.8,275.8,275.8,275.8,0,3176
07/14/1999,274.1,274.1,274.1,274.1,0,3176
07/15/1999,273.9,273.9,273.8,273.8,6,3176
07/16/1999,273.6,273.6,273.6,273.6,0,3176
07/19/1999,272.7,272.7,272.7,272.7,0,3176
07/20/1999,272.5,272.5,272.5,272.5,0,3176
07/21/1999,272.5,274.6,272.5,274.6,2,3178
07/22/1999,275.2,275.2,275.2,275.2,0,3178
07/23/1999,273.9,273.9,273.9,273.9,0,3178
07/26/1999,273.2,273.2,273.2,273.2,110,3228
07/27/1999,272.7,272.7,272.7,272.7,0,3227
07/28/1999,272.9,272.9,272.9,272.9,0,3227
07/29/1999,276.0,276.0,276.0,276.0,0,3227
07/30/1999,275.1,275.1,275.1,275.1,48,3275
08/02/1999,273.5,273.5,273.5,273.5,135,3270
08/03/1999,273.1,273.1,273.1,273.1,395,3109
08/04/1999,272.6,272.6,272.6,272.6,35,3074
08/05/1999,273.5,273.5,271.7,271.7,350,3346
08/06/1999,271.2,271.2,271.2,271.2,4,3387
08/09/1999,271.0,271.0,271.0,271.0,52,3390
08/10/1999,272.0,272.0,272.0,272.0,0,3390
08/11/1999,273.9,273.9,273.9,273.9,326,3211
08/12/1999,276.1,276.1,276.1,276.1,0,3211
08/13/1999,276.5,276.5,276.5,276.5,225,3046
08/16/1999,276.4,276.4,276.4,276.4,34,3046
08/17/1999,277.9,277.9,277.9,277.9,10,3045
08/18/1999,276.3,276.3,276.3,276.3,0,2995
08/19/1999,274.6,274.6,274.6,274.6,0,2995
08/20/1999,272.3,272.3,272.3,272.3,50,2945
08/23/1999,268.0,268.0,268.0,268.0,70,2945
08/24/1999,266.8,266.8,266.8,266.8,0,2951
08/25/1999,266.5,266.5,266.5,266.5,0,2951
08/26/1999,267.1,267.1,267.1,267.1,0,2951
08/27/1999,268.4,268.4,268.4,268.4,0,2951
08/30/1999,269.2,269.2,269.2,269.2,0,2951
08/31/1999,270.9,270.9,270.9,270.9,17,2948
09/01/1999,269.1,269.1,269.1,269.1,0,2948
09/02/1999,270.2,270.2,270.2,270.2,610,3178
09/03/1999,268.3,268.3,268.3,268.3,25,3188
09/07/1999,270.5,270.5,270.5,270.5,0,3188
09/08/1999,270.9,270.9,270.9,270.9,0,3188
09/09/1999,272.0,272.0,272.0,272.0,0,3188
09/10/1999,271.5,271.5,271.5,271.5,0,3188
09/13/1999,271.2,271.2,271.2,271.2,294,3080
09/14/1999,271.3,271.3,271.3,271.3,281,3270
09/15/1999,270.2,270.2,270.2,270.2,92,3260
09/16/1999,270.5,270.5,270.5,270.5,84,3260
09/17/1999,268.9,268.9,268.9,268.9,100,3180
09/20/1999,268.8,268.8,268.8,268.8,0,3180
09/21/1999,275.3,275.3,275.3,275.3,35,3186
09/22/1999,279.3,279.3,279.3,279.3,114,3109
09/23/1999,280.9,280.9,280.9,280.9,0,3109
09/24/1999,282.8,282.8,282.8,282.8,0,3109
09/27/1999,294.4,294.4,294.4,294.4,60,3164
09/28/1999,318.4,318.4,318.4,318.4,200,3234
09/29/1999,310.4,310.4,310.4,310.4,105,3280
09/30/1999,308.7,308.7,308.7,308.7,146,3307
10/01/1999,313.5,313.5,313.5,313.5,0,0
10/04/1999,326.9,326.9,326.9,326.9,1737,4231
10/05/1999,336.2,336.2,336.2,336.2,150,4323
10/06/1999,337.2,337.2,337.2,337.2,3257,6714
10/07/1999,335.2,335.2,335.2,335.2,394,6497
10/08/1999,332.6,332.6,332.6,332.6,1,6497
10/11/1999,331.2,331.2,331.2,331.2,1,6497
10/12/1999,329.5,329.5,329.5,329.5,422,6764
10/13/1999,333.7,333.7,333.7,333.7,425,7166
10/14/1999,326.9,326.9,326.9,326.9,988,7313
10/15/1999,329.6,329.6,329.6,329.6,1,7313
10/18/1999,325.1,325.1,325.1,325.1,344,7163
10/19/1999,322.4,322.4,322.4,322.4,1,7163
10/20/1999,321.0,321.0,320.7,320.7,1,7164
10/21/1999,319.6,319.6,319.6,319.6,1,7164
10/22/1999,316.9,316.9,316.9,316.9,1,7164
10/25/1999,314.5,314.5,314.5,314.5,130,7171
10/26/1999,304.1,304.1,304.1,304.1,139,7266
10/27/1999,308.0,308.0,308.0,308.0,30,7296
10/28/1999,314.9,314.9,314.9,314.9,122,7326
10/29/1999,315.1,315.1,315.1,315.1,1,7326
11/01/1999,306.6,306.6,306.6,306.6,1,7326
11/02/1999,308.3,308.3,308.3,308.3,297,7436
11/03/1999,309.3,309.3,309.3,309.3,1,7436
11/04/1999,309.6,309.6,309.6,309.6,150,7586
11/05/1999,306.9,306.9,306.9,306.9,1,7586
11/08/1999,307.3,307.3,307.3,307.3,1,7586
11/09/1999,309.5,309.5,309.5,309.5,100,7497
11/10/1999,317.0,317.0,317.0,317.0,162,7637
11/11/1999,312.6,312.6,312.6,312.6,285,7684
11/12/1999,309.9,309.9,309.9,309.9,1,7684
11/15/1999,310.4,310.4,310.4,310.4,1,7684
11/16/1999,313.9,313.9,313.9,313.9,10,7692
11/17/1999,314.8,314.8,314.8,314.8,21,7696
11/18/1999,314.2,314.2,314.2,314.2,1,7696
11/19/1999,315.0,315.0,315.0,315.0,1,7696
11/22/1999,315.4,315.4,315.4,315.4,1,7696
11/23/1999,318.8,318.8,318.8,318.8,298,7722
11/24/1999,318.0,319.4,318.0,319.4,1,7722
11/29/1999,311.1,311.1,311.1,311.1,1,7722
11/30/1999,310.6,310.6,310.6,310.6,708,7722
12/01/1999,309.3,309.3,309.3,309.3,150,7902
12/02/1999,303.9,303.9,303.9,303.9,23,7916
12/03/1999,299.5,299.5,298.2,298.2,301,7725
12/06/1999,294.0,294.0,294.0,294.0,1,7721
12/07/1999,301.7,301.7,301.7,301.7,125,7746
12/08/1999,300.4,300.4,300.4,300.4,1,7746
12/09/1999,296.6,296.6,296.6,296.6,1,7746
12/10/1999,297.3,297.3,297.3,297.3,1,7746
12/13/1999,298.4,298.4,298.4,298.4,30,7746
12/14/1999,298.3,298.3,298.3,298.3,95,7783
12/15/1999,300.9,300.9,300.9,300.9,1,7783
12/16/1999,300.4,300.4,300.4,300.4,100,7740
12/17/1999,302.0,302.0,302.0,302.0,35,7715
12/20/1999,302.6,302.6,302.6,302.6,1,7715
12/21/1999,305.5,305.5,305.5,305.5,1,7715
12/22/1999,305.4,305.4,305.4,305.4,82,7715
12/23/1999,305.2,305.2,305.2,305.2,120,7811
12/27/1999,306.5,306.5,306.5,306.5,1,7817
12/28/1999,308.2,308.2,308.2,308.2,1,7817
12/29/1999,309.1,309.1,309.1,309.1,1,7817
12/30/1999,306.5,306.5,306.5,306.5,1,7817
01/04/2000,300.4,300.4,300.4,300.4,1,7817
01/05/2000,298.8,298.8,298.8,298.8,1,7817
01/06/2000,299.7,299.7,299.7,299.7,155,7874
01/07/2000,300.4,300.4,300.4,300.4,1,7874
01/10/2000,300.2,300.2,300.2,300.2,148,7874
01/11/2000,302.1,302.1,302.1,302.1,1,7874
01/12/2000,301.5,301.5,301.5,301.5,10,7869
01/13/2000,303.1,303.1,303.1,303.1,1,7869
01/14/2000,303.4,303.4,303.4,303.4,1,7869
01/18/2000,308.9,308.9,308.9,308.9,1386,8448
01/19/2000,309.9,309.9,309.9,309.9,132,8436
01/20/2000,309.1,309.1,309.1,309.1,10,8336
01/21/2000,309.4,309.4,309.4,309.4,1,8336
01/24/2000,307.5,307.7,307.5,307.7,1,8336
01/25/2000,306.1,306.1,306.1,306.1,15,8336
01/26/2000,305.0,306.1,305.0,306.1,2,8338
01/27/2000,306.5,306.9,306.5,306.9,2,8340
01/28/2000,303.1,303.1,303.1,303.1,1,8340
01/31/2000,303.5,303.5,303.5,303.5,1,8340
02/01/2000,302.9,302.9,302.9,302.9,1,8340
02/02/2000,308.0,308.0,305.2,305.2,1,8340
02/03/2000,307.2,307.2,307.2,307.2,1,8340
02/04/2000,330.7,330.7,330.7,330.7,1,8340
02/07/2000,322.2,322.2,322.2,322.2,100,8266
02/08/2000,319.1,319.1,319.1,319.1,159,8179
02/09/2000,326.3,326.3,326.3,326.3,1,8179
02/10/2000,336.3,336.3,336.3,336.3,90,8177
02/11/2000,331.3,331.3,331.3,331.3,1,8177
02/14/2000,328.7,328.7,328.7,328.7,1,8177
02/15/2000,322.0,322.0,322.0,322.0,1,8155
02/16/2000,323.0,323.0,323.0,323.0,176,8168
02/17/2000,321.8,321.8,321.8,321.8,1,8168
02/18/2000,325.3,325.3,325.3,325.3,460,8102
02/22/2000,325.5,325.5,325.5,325.5,1,8102
02/23/2000,319.9,319.9,319.9,319.9,205,8182
02/24/2000,318.4,318.4,318.4,318.4,148,8260
02/25/2000,315.0,315.0,311.8,311.8,2,8254
02/28/2000,312.5,312.5,311.2,311.2,277,8324
02/29/2000,311.7,311.7,311.7,311.7,160,8308
03/01/2000,310.9,310.9,310.9,310.9,22,8308
03/02/2000,307.2,307.2,307.2,307.2,5,8308
03/03/2000,307.8,307.8,307.8,307.8,3,8311
03/06/2000,308.0,308.0,306.9,306.9,7,8318
03/07/2000,311.3,311.3,311.3,311.3,4,8321
03/08/2000,308.1,308.1,308.1,308.1,1,8321
03/09/2000,310.7,310.7,310.7,310.7,18,8327
03/10/2000,308.1,308.1,308.1,308.1,1,8327
03/13/2000,309.6,309.6,309.6,309.6,8,8326
03/14/2000,307.7,307.7,307.7,307.7,704,8599
03/15/2000,307.6,307.6,307.6,307.6,72,8527
03/16/2000,305.0,305.0,305.0,305.0,1,8527
03/17/2000,303.0,303.0,303.0,303.0,1,8527
03/20/2000,304.8,304.8,304.8,304.8,1,8527
03/21/2000,308.7,308.7,308.7,308.7,1,8527
03/22/2000,306.6,306.6,306.6,306.6,90,8526
03/23/2000,303.6,303.6,303.6,303.6,1,8519
03/24/2000,303.4,303.4,303.4,303.4,4,8516
03/27/2000,298.8,298.8,298.8,298.8,1,8516
03/28/2000,297.9,297.9,297.9,297.9,247,8556
03/29/2000,294.1,294.1,294.1,294.1,82,8521
03/30/2000,294.4,294.4,294.4,294.4,269,8537
03/31/2000,296.5,296.7,296.5,296.7,2,8536
04/03/2000,295.7,295.7,295.7,295.7,1,8536
04/04/2000,302.0,302.0,302.0,302.0,260,8662
04/05/2000,299.2,299.2,299.2,299.2,6,8658
04/06/2000,298.1,298.1,298.1,298.1,135,8758
04/07/2000,297.9,297.9,297.9,297.9,1,8758
04/10/2000,299.4,299.4,299.4,299.4,1,8758
04/11/2000,299.1,299.1,299.1,299.1,1,8758
04/12/2000,299.2,299.2,299.2,299.2,110,8716
04/13/2000,298.9,298.9,298.9,298.9,1,8716
04/14/2000,300.0,300.3,300.0,300.3,45,8704
04/17/2000,299.7,299.7,299.7,299.7,113,8604
04/18/2000,298.5,298.5,298.5,298.5,1,8629
04/19/2000,298.0,298.0,298.0,298.0,1,8629
04/20/2000,297.0,297.0,297.0,297.0,1,8629
04/24/2000,297.0,297.0,296.7,296.7,10,8639
04/25/2000,295.3,295.3,295.3,295.3,421,8715
04/26/2000,292.8,292.8,292.8,292.8,3,8712
04/27/2000,294.5,294.5,294.2,294.2,5,8714
04/28/2000,293.5,293.5,290.5,290.5,101,8718
05/01/2000,290.6,290.6,290.6,290.6,7,8718
05/02/2000,293.2,293.2,293.2,293.2,220,8733
05/03/2000,293.5,295.6,293.5,295.6,206,8646
05/04/2000,297.7,297.7,297.7,297.7,90,8556
05/05/2000,296.7,296.7,296.7,296.7,343,8515
05/08/2000,294.2,294.2,294.2,294.2,11,8509
05/09/2000,294.5,295.3,294.5,294.8,11,8505
05/10/2000,295.6,295.6,295.6,295.6,30,8505
05/11/2000,294.0,294.0,293.5,293.5,58,8475
05/12/2000,294.6,294.6,294.3,294.3,9,8479
05/15/2000,294.0,294.0,293.9,293.9,494,8692
05/16/2000,293.4,293.4,293.4,293.4,156,8690
05/17/2000,293.0,293.0,291.1,291.1,154,8820
05/18/2000,291.0,291.0,291.0,291.0,215,8730
05/19/2000,291.8,291.8,291.8,291.8,135,8621
05/22/2000,293.4,293.4,293.4,293.4,50,8588
05/23/2000,291.0,291.9,291.0,291.9,70,8588
05/24/2000,291.1,291.1,291.1,291.1,67,8579
05/25/2000,290.7,291.0,287.5,287.8,49,8591
05/26/2000,287.3,290.5,287.3,289.2,42,8586
05/30/2000,289.7,290.8,289.7,289.8,125,8670
05/31/2000,289.0,290.3,289.0,289.1,205,8793
06/01/2000,290.0,290.1,289.7,289.7,496,8836
06/02/2000,296.1,298.3,296.1,298.3,890,8965
06/05/2000,302.5,303.3,302.4,302.4,288,8943
06/06/2000,303.3,307.1,303.3,306.1,458,9004
06/07/2000,304.0,304.5,303.5,304.5,354,9079
06/08/2000,302.5,302.5,301.2,301.2,23,9062
06/09/2000,300.8,300.8,300.8,300.8,1,9067
06/12/2000,303.4,303.4,303.4,303.4,7,9060
06/13/2000,302.4,302.4,302.4,302.4,112,9016
06/14/2000,308.5,308.5,308.5,308.5,12,9028
06/15/2000,306.7,306.7,305.2,306.1,216,9013
06/16/2000,304.5,304.5,304.5,304.5,704,8641
06/19/2000,301.3,301.3,301.3,301.3,165,8652
06/20/2000,301.5,301.5,301.5,301.5,15,8667
06/21/2000,301.3,301.3,301.3,301.3,39,8665
06/22/2000,302.5,302.5,300.3,300.3,51,8664
06/23/2000,297.8,297.8,297.8,297.8,24,8683
06/26/2000,298.5,298.5,298.5,298.5,464,8715
06/27/2000,301.1,301.1,301.1,301.1,50,8665
06/28/2000,308.1,308.1,308.1,308.1,40,8665
06/29/2000,304.5,304.5,304.5,304.5,30,8665
06/30/2000,305.3,305.3,305.3,305.3,1,8665
07/05/2000,300.0,300.2,298.9,298.9,35,8694
07/06/2000,298.3,298.3,298.3,298.3,22,8694
07/07/2000,298.5,298.5,298.3,298.3,43,8692
07/10/2000,298.6,298.6,298.6,298.6,1258,8481
07/11/2000,297.5,297.5,297.1,297.1,19,8176
07/12/2000,295.1,295.1,295.1,295.1,2,8178
07/13/2000,294.8,294.8,294.8,294.8,646,8423
07/14/2000,296.1,296.1,295.8,295.8,20,8434
07/17/2000,298.3,298.3,298.3,298.3,83,8382
07/18/2000,297.2,297.2,297.2,297.2,1,8382
07/19/2000,293.7,293.7,293.7,293.7,354,8275
07/20/2000,294.3,294.3,294.3,294.3,230,8381
07/21/2000,294.5,294.5,294.5,294.5,1,8381
07/24/2000,293.3,293.3,293.2,293.2,55,8339
07/25/2000,293.2,293.2,293.2,293.2,205,8176
07/26/2000,294.2,294.2,293.3,293.6,489,8095
07/27/2000,293.4,293.4,292.5,292.5,217,8085
07/28/2000,292.0,292.0,292.0,292.0,60,8066
07/31/2000,291.0,291.0,291.0,291.0,37,8049
08/01/2000,292.2,292.2,291.0,291.0,6,8052
08/02/2000,290.8,290.8,290.8,290.8,510,8207
08/03/2000,287.4,287.4,287.4,287.4,14,8198
08/04/2000,288.5,288.5,286.5,286.5,8,8201
08/07/2000,287.0,287.0,287.0,287.0,76,8203
08/08/2000,286.0,286.6,286.0,286.6,18,8205
08/09/2000,285.0,285.2,285.0,285.2,257,8217
08/10/2000,285.1,285.1,285.1,285.1,871,8319
08/11/2000,285.4,287.8,285.4,287.8,214,8364
08/14/2000,287.5,287.5,287.1,287.1,2,8366
08/15/2000,287.1,287.1,287.1,287.1,109,8472
08/16/2000,290.0,290.0,290.0,290.0,256,8510
08/17/2000,290.0,290.2,290.0,290.2,10,8517
08/18/2000,289.3,289.3,289.3,289.3,1,8517
08/21/2000,287.6,287.6,287.6,287.6,1,8517
08/22/2000,286.0,286.0,286.0,286.0,17,8520
08/23/2000,283.3,283.3,283.3,283.3,103,8499
08/24/2000,285.1,285.1,285.1,285.1,204,8640
08/25/2000,286.0,286.3,286.0,286.3,325,8395
08/28/2000,286.1,286.1,286.1,286.1,106,8430
08/29/2000,285.1,285.1,285.1,285.1,35,8430
08/30/2000,285.7,285.8,285.7,285.8,1,8431
08/31/2000,289.7,289.7,289.7,289.7,73,8447
09/01/2000,289.3,289.3,288.5,288.5,223,8593
09/05/2000,288.0,288.0,287.3,287.5,510,9043
09/06/2000,285.8,285.8,285.8,285.8,1015,9306
09/07/2000,285.0,286.0,285.0,285.7,4,9307
09/08/2000,285.0,285.0,284.7,284.7,97,9251
09/11/2000,284.7,284.7,284.7,284.7,320,9446
09/12/2000,285.5,285.5,284.5,284.5,141,9454
09/13/2000,284.4,284.4,284.4,284.4,1,9454
09/14/2000,283.9,283.9,283.9,283.9,587,9070
09/15/2000,283.6,283.6,283.6,283.6,1,9070
09/18/2000,283.0,283.0,282.7,282.7,221,8993
09/19/2000,284.0,284.0,283.2,283.2,104,9014
09/20/2000,283.7,283.7,279.5,280.2,329,8929
09/21/2000,281.6,281.6,281.0,281.1,711,8427
09/22/2000,288.6,288.6,282.6,282.6,13,8434
09/25/2000,284.8,284.8,284.8,284.8,244,8467
09/26/2000,285.2,285.2,285.0,285.0,679,8686
09/27/2000,290.2,290.2,289.3,289.3,34,8708
09/28/2000,289.0,289.0,286.8,286.8,612,8707
09/29/2000,284.7,284.7,284.7,284.7,250,8707
10/02/2000,284.1,284.1,284.1,284.1,1,8707
10/03/2000,284.1,284.1,282.5,282.5,30,8708
10/04/2000,282.4,282.4,280.9,280.9,310,8706
10/05/2000,281.0,281.2,281.0,281.2,22,8708
10/06/2000,281.0,281.0,279.9,279.9,70,8713
10/09/2000,281.0,281.6,280.7,280.7,13,8726
10/10/2000,282.0,282.9,282.0,282.9,2,8724
10/11/2000,282.8,282.9,280.8,280.8,229,8792
10/12/2000,281.5,286.6,281.5,286.6,176,8966
10/13/2000,286.0,286.0,282.0,282.5,18,8966
10/16/2000,281.7,282.4,281.6,281.6,8,8974
10/17/2000,280.8,281.1,279.6,281.1,272,8913
10/18/2000,281.0,281.5,279.7,280.2,202,8929
10/19/2000,280.0,280.0,279.8,280.0,111,8917
10/20/2000,280.9,281.3,280.9,281.0,24,8922
10/23/2000,281.8,281.8,279.7,279.7,305,9001
10/24/2000,279.6,279.9,279.6,279.8,282,9076
10/25/2000,277.5,277.6,275.2,275.5,39,9092
10/26/2000,276.0,276.0,273.6,274.2,51,9088
10/27/2000,273.2,274.5,273.1,273.6,519,9024
10/30/2000,274.0,274.7,273.2,273.5,235,8944
10/31/2000,273.3,274.0,273.3,274.0,129,9029
11/01/2000,275.2,275.2,273.0,273.0,147,9071
11/02/2000,274.0,274.0,273.5,273.5,61,9081
11/03/2000,274.0,274.0,273.5,273.7,782,9005
11/06/2000,275.2,275.2,273.6,273.6,243,9157
11/07/2000,273.5,273.8,273.1,273.1,347,9115
11/08/2000,272.8,273.8,272.8,273.8,927,9618
11/09/2000,273.5,275.9,273.5,274.6,452,9590
11/10/2000,274.5,274.5,273.2,273.2,24,9594
11/13/2000,273.5,274.5,273.1,273.1,54,9518
11/14/2000,274.0,274.0,273.3,273.3,1129,9842
11/15/2000,273.3,274.3,273.3,273.5,102,9845
11/16/2000,276.5,276.5,273.8,274.2,261,9849
11/17/2000,275.3,275.5,273.9,274.1,252,9787
11/20/2000,275.0,275.7,274.7,274.8,142,9849
11/21/2000,274.8,274.8,274.0,274.0,458,9906
11/22/2000,275.0,275.0,274.5,274.6,410,9987
11/27/2000,276.0,279.0,276.0,278.3,1842,10891
11/28/2000,279.2,279.2,277.7,278.0,1431,11647
11/29/2000,278.5,278.5,274.9,274.9,1968,11725
11/30/2000,276.3,278.7,276.2,278.5,557,11803
12/01/2000,280.1,280.1,277.1,277.1,517,11944
12/04/2000,279.2,280.0,278.5,279.0,128,11913
12/05/2000,279.0,279.0,277.6,278.3,95,11893
12/06/2000,279.0,282.3,278.5,282.3,217,11934
12/07/2000,282.7,282.8,281.0,281.1,256,12021
12/08/2000,280.3,281.0,279.8,280.1,227,12180
12/11/2000,280.0,280.0,277.5,278.1,181,12240
12/12/2000,278.3,278.3,277.9,278.2,35,12235
12/13/2000,277.5,278.0,275.7,276.2,121,12201
12/14/2000,276.9,276.9,275.9,276.5,605,12056
12/15/2000,276.8,278.0,276.5,277.9,14,12060
12/18/2000,277.8,277.8,277.0,277.0,282,12062
12/19/2000,276.3,277.6,276.3,277.0,134,12080
12/20/2000,278.0,280.4,278.0,279.7,505,11905
12/21/2000,280.2,281.0,280.0,280.7,72,11880
12/22/2000,281.1,281.2,280.2,280.5,43,11946
12/26/2000,280.8,281.0,280.8,280.9,129,11950
12/27/2000,281.8,282.4,280.7,281.9,158,11957
12/28/2000,281.5,281.7,277.6,278.7,357,11817
12/29/2000,278.5,279.2,277.6,278.6,1072,12013
01/02/2001,278.1,278.5,274.0,275.0,1172,12230
01/03/2001,275.0,275.0,272.3,274.2,2899,12466
01/04/2001,274.0,274.3,272.3,273.0,714,12657
01/05/2001,273.2,273.9,272.3,273.5,396,12765
01/08/2001,273.7,273.9,273.0,273.4,876,13106
01/09/2001,273.0,273.7,272.0,273.0,989,12908
01/10/2001,271.3,271.8,269.7,270.1,1530,12724
01/11/2001,269.4,269.7,268.3,269.3,1092,12553
01/12/2001,269.3,270.2,268.8,269.2,556,12602
01/16/2001,270.2,270.3,268.0,268.5,325,12601
01/17/2001,268.5,268.9,267.7,268.3,189,12598
01/18/2001,269.8,270.0,269.1,269.4,1083,12820
01/19/2001,270.5,270.6,269.4,269.5,522,13079
01/22/2001,271.4,273.3,270.0,271.6,1045,13504
01/23/2001,272.8,272.8,270.2,271.4,314,13638
01/24/2001,268.0,270.0,268.0,269.2,6707,16280
01/25/2001,269.9,270.0,269.0,269.4,1136,16333
01/26/2001,268.9,268.9,266.5,267.4,959,16531
01/29/2001,268.0,268.0,266.6,267.3,1168,16766
01/30/2001,268.5,270.7,268.0,270.1,1403,17058
01/31/2001,270.0,270.3,268.4,270.1,536,17005
02/01/2001,272.5,273.2,270.9,272.8,505,16975
02/02/2001,272.1,272.2,270.8,271.4,1096,17267
02/05/2001,269.3,270.1,269.1,269.5,736,17296
02/06/2001,268.5,268.5,266.2,267.5,585,17343
02/07/2001,267.6,268.1,266.6,267.0,175,17327
02/08/2001,267.2,267.2,264.1,264.4,1366,17532
02/09/2001,264.4,265.2,263.0,264.2,729,17654
02/12/2001,265.0,265.5,264.4,264.8,928,17544
02/13/2001,265.4,265.4,263.5,264.3,301,17532
02/14/2001,264.1,264.6,263.1,263.3,411,17504
02/15/2001,261.8,262.1,258.4,259.0,1000,17663
02/16/2001,258.5,262.5,258.2,261.9,719,17564
02/20/2001,261.3,261.6,259.5,259.7,1182,17370
02/21/2001,260.0,262.5,259.3,261.5,1261,17901
02/22/2001,261.5,263.8,260.5,261.8,1025,17850
02/23/2001,263.0,264.5,262.3,264.0,1989,18116
02/26/2001,266.0,268.8,264.6,268.5,1739,18440
02/27/2001,270.8,271.3,269.0,270.1,2870,19185
02/28/2001,267.7,270.5,267.7,269.8,8645,17438
03/01/2001,270.3,270.6,267.8,268.3,1336,17609
03/02/2001,266.7,267.3,264.6,265.1,4119,18573
03/05/2001,264.6,265.4,264.3,265.4,127,18751
03/06/2001,264.3,264.7,262.1,262.8,1923,18785
03/07/2001,264.0,264.5,261.8,264.1,4287,20817
03/08/2001,264.7,268.1,264.2,267.8,3883,22288
03/09/2001,269.6,273.7,269.2,273.1,6605,24186
03/12/2001,271.6,274.8,271.0,274.1,7192,26998
03/13/2001,271.0,271.9,269.2,269.5,4966,28498
03/14/2001,268.4,268.8,264.5,264.9,8044,27409
03/15/2001,264.0,265.1,261.3,262.3,6792,28518
03/16/2001,262.9,264.0,260.0,260.4,5418,29368
03/19/2001,262.0,263.3,261.4,262.0,6695,31302
03/20/2001,263.0,264.5,262.3,262.8,4291,32375
03/21/2001,263.0,264.9,262.3,264.1,3251,33167
03/22/2001,263.3,263.9,262.5,263.3,5766,34823
03/23/2001,264.4,265.5,263.3,263.6,15787,43562
03/26/2001,263.3,264.6,263.3,264.0,12746,47285
03/27/2001,264.5,264.5,262.6,263.0,16781,55148
03/28/2001,262.8,263.0,261.0,261.5,25253,66306
03/29/2001,261.6,262.0,259.8,260.4,28985,74617
03/30/2001,260.5,260.5,258.5,259.2,21126,75840
04/02/2001,258.8,258.8,255.8,256.6,33078,82093
04/03/2001,258.6,259.4,257.2,257.9,16126,83491
04/04/2001,260.0,261.5,258.6,259.4,20371,86172
04/05/2001,258.7,259.4,258.4,259.1,10369,87070
04/06/2001,258.7,261.1,258.4,260.9,15363,88064
04/09/2001,261.0,261.0,259.0,259.2,14792,93648
04/10/2001,258.5,259.0,257.2,258.2,13681,93804
04/11/2001,258.1,260.6,257.6,259.6,18556,93673
04/12/2001,260.3,261.7,259.9,260.9,17122,91496
04/16/2001,260.6,265.0,260.5,264.1,35166,85169
04/17/2001,262.2,262.5,260.8,261.8,15509,84517
04/18/2001,260.1,263.2,259.2,262.0,24261,84252
04/19/2001,262.2,266.1,262.0,266.0,35516,82842
04/20/2001,264.5,266.0,264.2,265.4,22693,78218
04/23/2001,263.7,264.4,263.1,264.3,11839,77948
04/24/2001,265.0,265.7,263.5,264.7,22270,77075
04/25/2001,264.9,265.0,262.2,262.6,17506,75931
04/26/2001,263.2,264.9,262.9,264.5,17490,74114
04/27/2001,267.0,267.5,264.1,264.3,23770,71506
04/30/2001,263.8,264.5,263.5,264.4,10999,70000
05/01/2001,264.6,265.0,264.1,264.8,7098,70221
05/02/2001,265.2,266.0,264.3,265.8,15903,70335
05/03/2001,265.7,268.0,265.6,266.7,22531,70091
05/04/2001,267.1,267.9,266.2,266.5,21822,68470
05/07/2001,266.2,267.0,265.9,266.5,5286,68980
05/08/2001,265.9,266.0,265.3,265.5,10628,67317
05/09/2001,267.4,271.0,267.1,270.4,48200,73278
05/10/2001,270.6,270.9,268.5,269.5,30850,69918
05/11/2001,270.1,270.2,268.2,268.3,21094,61764
05/14/2001,268.0,269.1,267.8,268.7,12217,62688
05/15/2001,268.3,268.6,266.6,268.5,26093,60804
05/16/2001,270.3,272.8,269.9,272.4,28668,62060
05/17/2001,273.3,274.9,272.7,274.0,39248,67341
05/18/2001,273.2,288.5,272.6,287.8,59358,72584
05/21/2001,292.6,293.5,283.1,285.8,74582,71036
05/22/2001,283.8,285.7,282.2,285.5,42375,68840
05/23/2001,285.0,285.1,282.8,284.0,32894,60479
05/24/2001,285.2,288.5,276.0,279.4,57303,50347
05/25/2001,280.0,280.5,275.5,278.2,33317,36817
05/29/2001,276.0,277.1,273.3,273.9,35767,19783
05/30/2001,273.0,273.5,264.2,265.7,28775,6444
05/31/2001,266.2,268.1,265.0,265.3,2955,2306
06/01/2001,266.2,266.9,264.5,266.4,1108,1230
06/04/2001,265.5,266.8,264.5,264.9,251,949
06/05/2001,265.4,265.9,264.5,265.7,122,800
06/06/2001,266.3,266.3,265.2,265.7,126,415
06/07/2001,265.0,266.5,265.0,266.0,112,353
06/08/2001,267.3,274.2,266.5,273.4,119,332
06/11/2001,269.1,269.1,266.5,267.9,166,275
06/12/2001,270.0,271.5,269.0,271.5,131,347
06/13/2001,271.9,272.5,270.0,272.0,91,302
06/14/2001,272.0,276.0,272.0,275.3,38,139
06/15/2001,274.3,274.7,271.2,271.2,76,121
06/18/2001,272.0,272.5,271.3,272.4,20,88
06/19/2001,273.0,273.4,273.0,273.4,31,73
06/20/2001,272.7,272.7,271.0,272.4,21,70
06/21/2001,271.8,272.6,271.8,272.6,26,48
06/22/2001,273.6,273.6,272.0,272.3,12,6
06/25/2001,275.0,275.0,273.7,273.7,1,6
06/26/2001,274.0,277.0,274.0,276.2,8,4
06/27/2001,275.7,275.7,272.1,272.1,3,4
