781204,238.5,238.5,237.1,237.1,4,4
781205,236.3,236.3,236.3,236.3,61,65
781206,236,237.6,236,237.6,426,489
781207,239.2,239.2,239.2,239.2,2,491
781208,245,245,245,245,0,491
781211,243.5,243.5,243.5,243.5,10,493
781212,245.5,245.5,245.5,245.5,81,493
781213,242.2,242.2,242.2,242.2,0,493
781214,245.1,245.1,245.1,245.1,0,493
781215,246.8,246.8,246.8,246.8,0,493
781218,256.8,256.8,256.8,256.8,1,492
781219,264.4,264.4,264.4,264.4,20,512
781220,257.6,257.6,257.6,257.6,201,512
781221,257.8,257.8,257.8,257.8,0,512
781222,258.8,258.8,257.2,257.2,0,512
781226,262.4,262.4,262.4,262.4,1,512
781227,267,267,267,267,1273,1785
781228,269.9,269.9,267.9,267.9,29,1796
781229,271.5,272.7,271.5,271.9,1484,1143
790102,269.2,269.2,266.8,266.8,441,1377
790103,264.3,265.7,264.3,265.7,30,1392
790104,269.2,270.4,269.2,270.4,2,1393
790105,270,270,268.3,268.3,10,1401
790108,269.8,270.4,269.8,270.4,26,1396
790109,265.1,265.1,265.1,265.1,51,1420
790110,265,266.5,265,266.5,18,1373
790111,261,261,261,261,0,1373
790112,261.7,261.7,261.7,261.7,79,1373
790115,259.6,262.3,259.6,262.3,30,1368
790116,263.8,271.8,263.8,270.6,443,1452
790117,276.2,276.2,272.9,272.9,1151,2475
790118,277.1,277.1,277.1,277.1,157,2539
790119,278,278.9,278,278.9,304,2600
790122,277.6,277.6,277.6,277.6,130,2690
790123,279.6,279.6,279.6,279.6,0,2690
790124,285.6,285.6,285.6,285.6,45,2685
790125,281.7,281.7,281.7,281.7,37,2688
790126,282.1,282.1,282.1,282.1,0,2704
790129,276.3,276.3,276.3,276.3,20,2725
790130,274.9,278.1,274.9,278.1,113,2632
790131,274.9,274.9,274.9,274.9,15,2627
790201,273.5,273.8,271,273.8,31,2624
790202,273.4,282.1,272,282.1,59,2630
790205,290,292.1,288.8,292.1,8,2634
790206,292.4,292.4,288.4,288.4,178,2526
790207,298.4,298.4,298.4,298.4,112,2525
790208,295.2,295.2,288.4,288.4,2,2536
790209,284.4,290.9,284.4,287.8,34,2525
790212,290.8,290.8,289,289,341,2531
790213,285.2,285.2,281.6,281.6,41,2546
790214,290,290,282.6,289.6,17,2546
790215,295,295,289.2,289.2,28,2572
790216,291,292.2,290.7,292.2,33,2584
790220,294.5,295.2,294.5,295.2,7,2583
790221,296.3,297.2,295.1,295.1,9,2581
790222,298.8,298.8,296.7,296.7,3,2583
790223,297.2,299.3,297.2,299.2,17,2584
790226,290,290,290,290,0,2575
790227,294.3,294.3,294.3,294.3,492,2284
790228,297.5,297.5,296.1,296.1,0,2285
790301,294.1,295,294.1,295,5,2296
790302,291.5,292,285,285,13,2309
790305,277.5,278,275.2,275.2,8,2302
790306,280,280.2,279.1,279.1,62,2350
790307,281.1,282,281,281.9,21,2352
790308,279.4,279.6,279.4,279.6,90,2422
790309,280.4,281.5,280.4,281.5,40,2412
790312,279.2,279.3,279.2,279.3,190,2562
790313,279.3,279.3,279.3,279.3,185,2749
790314,279.5,279.5,279.5,279.5,1500,3393
790315,279.5,284.2,279.5,284.2,30,3424
790316,285.5,285.5,284,284,23,3426
790319,283.8,284.4,283.8,284.4,25,3411
790320,279.3,279.3,279.3,279.3,0,3411
790321,280.7,283.4,280.7,283.4,11,3421
790322,282.7,283.5,282.7,282.8,3,3420
790323,283.8,283.8,282.7,282.7,1,3420
790326,287.6,287.6,287.6,287.6,0,3420
790327,284.4,284.4,283.7,283.7,36,3443
790328,284.8,285.7,282.7,282.7,31,3447
790329,277.5,279.1,277.5,279.1,141,3554
790330,275.3,278.6,275.3,278.6,64,3452
790402,278.3,278.3,278.3,278.3,3,3454
790403,278.1,278.1,276.8,276.8,7,3456
790404,277.3,280,276,280,31,3459
790405,278.6,279,277.8,277.8,333,3390
790406,278.6,278.6,278.6,278.6,13,3459
790409,278,278,277.5,277.5,465,3251
790410,277,277,276,276.6,32,3233
790411,283,283,268.5,268.5,23,3254
790412,268,268.8,268,268.8,9,3255
790416,264.7,266,264.7,266,68,3239
790417,268,269.2,268,269.2,63,3238
790418,277.4,277.4,277.3,277.3,673,3320
790419,278.9,279,274.7,274.7,270,3520
790420,273.1,273.1,273.1,273.1,12,3440
790423,273,277.9,273,277.9,50,3471
790424,278.3,278.3,278.3,278.3,31,3473
790425,280,280,280,280,275,3677
790426,280,280.8,279.7,279.7,67,3736
790427,282.3,283.9,282.3,283.9,241,3889
790430,284.5,284.8,284.5,284.8,31,3896
790501,283,283,283,283,0,3897
790502,283.9,283.9,283.9,283.9,55,3946
790503,285.4,285.4,285.4,285.4,100,4041
790504,287.5,287.5,286.9,286.9,5,4052
790507,289.1,289.1,289.1,289.1,0,4052
790508,287.6,287.6,284.5,284.5,529,4127
790509,286,289.9,286,289.9,67,4132
790510,291.9,292.5,290.2,290.2,9,4131
790511,287.2,287.2,287.2,287.2,53,4093
790514,289.8,292,289.8,292,6,4093
790515,295.4,295.4,294,294,116,4113
790516,296.5,296.8,296.5,296.8,32,4179
790517,296.8,297.8,296,297.8,5,4133
790518,295.8,298.8,295.4,298.4,27,4145
790521,302,308,302,307.1,465,4004
790522,307,307,305.1,305.1,62,4170
790523,301.2,304.3,301.2,303.4,70,4205
790524,303.4,304.3,303.4,304.3,454,3665
790525,310.3,310.3,308.8,309.1,15,3995
790529,313,313.8,307.8,307.8,2789,5612
790530,310.2,310.2,310.2,310.2,200,5759
790531,313,314.7,312.5,314.7,11,5880
790601,312.5,312.5,310.2,310.2,125,5875
790604,313.3,313.3,313.3,313.3,0,5875
790605,316,317.5,316,317.5,1,5876
790606,316.5,317.4,315.6,317.4,807,6255
790607,314,314,314,314,30,6343
790608,316,317,315.5,317,21,6344
790611,319.1,320,316.3,316.3,314,6586
790612,312,313,310.2,310.2,831,5785
790613,309.5,314,309.3,313.7,84,5800
790614,313,313.7,311.6,311.6,120,5780
790615,313.5,314.3,313.5,314.3,291,5772
790618,311.7,312.3,311.7,312.3,72,5837
790619,317.5,317.5,317.5,317.5,242,5783
790620,317.7,318.5,315.1,315.1,57,5838
790621,317.2,317.2,317.2,317.2,50,5710
790622,318.5,318.5,317.7,317.7,96,5744
790625,320,320.5,319.4,319.8,1375,5570
790626,314,314.5,313.7,314.3,133,5610
790627,315.6,315.6,312.2,312.2,343,5563
790628,308,311.7,308,311.7,182,5614
790629,310.3,315.9,310,315.9,793,5138
790702,317,317.4,316.3,317,47,5130
790703,316.3,319.2,316.3,319.2,235,5102
790705,324.5,327.8,323.3,327.1,2125,7105
790706,326.3,326.5,324.7,325,283,7076
790709,323.5,327.7,323,327.7,392,7004
790710,327.1,327.1,327.1,327.1,253,7121
790711,328.3,328.3,328.3,328.3,5,7120
790712,327.3,328.5,326.7,326.7,172,7079
790713,324.3,326.1,324,326.1,294,7192
790716,328.8,334.9,328.8,334.9,113,7204
790717,338.5,338.5,335.3,336.3,818,7146
790718,342,342,338.3,338.3,2029,7174
790719,335,337.7,334.7,337.7,297,7266
790720,335,339.4,334.5,339.4,23,7298
790723,342.5,345,342.5,344.3,745,7634
790724,346,346,345.2,345.2,635,7735
790725,341,342.8,340.5,342.8,770,7616
790726,342.8,344.5,342.8,343.7,1518,8615
790727,344.5,344.5,343.6,343.6,87,8666
790730,338,338,333.6,333.6,674,8726
790731,335.7,335.7,323.6,323.6,280,8801
790801,325,326.4,325,326.4,273,8766
790802,320.5,320.5,319.5,319.8,253,8805
790803,320,320.1,320,320.1,385,8488
790806,315.1,316,312.9,314,81,8486
790807,316.5,317.8,316,317.8,133,8446
790808,320,326.9,320,326.9,246,8610
790809,330.5,334.7,329.6,333.5,125,8720
790810,338.7,339.5,335.5,337.1,21,8708
790813,334,334,328.9,330,486,8890
790814,325,333.8,324.5,333.8,481,9134
790815,337,337,334,334.9,283,9466
790816,333.5,335.5,333.5,335.5,8,9462
790817,334.6,335.7,332.2,333.4,193,9504
790820,331.4,334.3,331.4,333.2,257,9633
790821,335,343.2,335,343.2,710,9671
790822,345,350,345,348.4,696,9971
790823,345,353,345,353,76,9917
790824,352.3,352.5,349,349,108,10004
790827,351.5,353.2,351.5,353,78,10046
790828,355.5,356.3,353.5,356.3,286,10187
790829,355.3,355.6,354.8,355.6,123,10198
790830,359.5,360,358.4,358.5,767,10504
790831,353.5,355.5,351,355.5,579,10631
790904,364,365,359.4,359.4,792,11102
790905,368.5,369.4,366.5,369.4,743,11115
790906,376.5,379,368,368.8,2225,11762
790907,364.7,376.6,364.7,376.6,770,12137
790910,377.3,379.4,375,379.4,347,12319
790911,377.5,378.5,376.5,376.5,114,12216
790912,375.3,377.5,374.2,374.3,946,12464
790913,371.8,384.3,371.8,384.3,257,12486
790914,387.8,392.5,386,387.7,925,12465
790917,392.5,397.7,392.5,397.7,1296,12829
790918,407.7,407.7,407.7,407.7,980,12854
790919,413.7,421,403,419.2,880,12447
790920,422.7,434,411,417.5,1112,12237
790921,408.6,424,405,419.7,618,11884
790924,424.5,429,419.1,419.1,1023,11148
790925,422.5,422.5,413.5,416.4,4309,14368
790926,413.5,424.9,413.5,424.9,609,14474
790927,436,444.9,436,444.9,87,14418
790928,446,450,444,444,1389,14634
791001,457,464,457,464,426,14775
791002,484,484,455,462,1050,14708
791003,457,457,442,442.2,263,14789
791004,433.5,433.5,422.2,422.2,798,14873
791005,419,431,418,430.7,216,14965
791008,419,419.5,414.6,414.6,463,14777
791009,433,439.6,433,439.6,2867,13766
791010,464.6,464.6,463.1,464.6,1563,13213
791011,447,466,443.9,443.9,363,12816
791012,450,454.5,445,449.6,1394,12596
791015,457,457,451.5,453.1,258,12623
791016,447.5,447.5,431,439.6,263,12613
791017,430,436.1,423.5,436.1,155,12664
791018,426,438.6,426,438.6,276,12798
791019,449,449,446,448.1,304,12658
791022,450.8,452,444.5,445.4,262,12751
791023,438.5,441,438.2,440.5,404,12834
791024,443,453,443,451.9,120,12836
791025,446.7,448.5,443.5,443.5,140,12750
791026,427,429.5,418.5,423.2,876,12488
791029,421,424.5,420.5,424.1,656,12586
791030,426,430.6,426,428.5,312,12816
791031,432.5,432.6,431.3,431.3,134,12903
791101,417.2,417.2,417.2,417.2,1721,12186
791102,420.8,422.6,420.8,422.6,1304,12897
791105,428.6,430.7,426.7,426.7,293,12790
791106,434,445,432,445,790,12738
791107,449,449.4,444,444,1073,13125
791108,442,442,442,442,642,13062
791109,438.4,438.4,438.4,438.4,351,12789
791112,445,445,444,444.5,90,12787
791113,438,438,432.2,432.2,123,12862
791114,439.2,439.2,437.9,437.9,399,12943
791115,432.5,433,432.5,433,601,12946
791116,437,438.5,436.4,436.4,149,12937
791119,438.8,438.8,434.5,434.5,207,12968
791120,436.2,440.4,435,440.4,694,13118
791121,447,447.6,442.3,442.3,892,13236
791123,440.9,442.6,440.8,442.6,521,13158
791126,445.3,446,436.1,436.1,443,13228
791127,440,444.5,440,443.9,581,13571
791128,462,463,458.7,458.7,5512,17188
791129,461.6,461.9,456.1,456.1,2366,17053
791130,462.9,470,462.9,468.2,2601,16911
791203,478.5,483.5,477.5,482.7,2805,16988
791204,479.5,481.5,477,477.4,1186,17015
791205,476,483.3,476,483,1116,17148
791206,485,486.5,475,475.9,1750,16736
791207,479.8,479.8,473,475.1,586,16844
791210,479.5,486,479,486,963,17094
791211,497.5,502,495.8,502,5855,20367
791212,500.5,504.5,498.1,501.6,1317,20668
791213,511.4,520,511.4,517.5,2826,20726
791214,512.5,523,510,520,1348,21297
791217,528.5,529,525,525,1343,21665
791218,532,540,532,540,1729,22481
791219,547.5,549,515,529.3,2889,22728
791220,532,533,522,528.6,1943,23078
791221,530,545.8,528.5,545.8,3255,23839
791226,548,570.8,548,570.8,2513,23538
791227,584,595.8,581.5,586.1,2054,23440
791228,589,591,577,586.6,2367,23479
791231,606.6,608,600,604.3,2146,23962
800102,629.3,629.3,629.3,629.3,2101,23198
800103,654.3,654.3,654.3,654.3,2746,20974
800104,654,691.8,645,679.4,1596,20481
800107,704.4,704.4,688,702.3,1353,20167
800108,695,695,677.3,677.3,1238,20010
800109,675,683,664.3,664.3,1299,19725
800110,666,667,655,658.8,1019,19462
800111,682.2,683.8,682,683.8,1833,18948
800114,708.8,708.8,708.8,708.8,2262,18272
800115,746.3,746.3,746.3,746.3,1054,18352
800116,796.3,796.3,796.3,796.3,1457,18355
800117,789,846.3,789,846.3,1189,18358
800118,896.3,896.3,896.3,896.3,1690,17600
800121,946.3,946.3,932,935.8,872,17592
800122,885.8,885.8,885.8,885.8,961,18073
800123,835.8,835.8,835.8,835.8,1347,18218
800124,800,815,785.8,785.8,1396,18647
800125,788,788,735.8,735.8,1230,18643
800128,710,717.5,685.8,717.5,1672,17198
800129,754,767.5,754,767.5,670,16939
800130,785,792,743,747,675,16999
800131,738,778,725,769,1156,16504
800201,767,782,755,771.5,433,16364
800204,751,758,743.6,743.6,818,16279
800205,756,768.6,756,768.6,897,16249
800206,793.6,793.6,793.6,793.6,1276,16668
800207,784,804,782.2,782.2,515,16375
800208,790,791.3,782,791,1224,16366
800211,816.1,816.1,804,804.7,619,16443
800212,798,803.5,794,796.4,435,16248
800213,795,796.3,781,785.9,176,16128
800214,785,785,762,763.4,361,16044
800215,764.5,765,741,750.2,645,16274
800219,735,736,725.2,725.2,179,16123
800220,700.2,739,700.2,739,572,16301
800221,739.5,750,727,735.8,212,16224
800222,722,722,710.8,710.8,196,16167
800225,710,735.8,685.8,727.3,240,16049
800226,725,725,702.6,702.6,163,15981
800227,713,727,704,707.4,629,16036
800228,728,728,719,720.3,539,15847
800229,713,719,706,709.2,599,15743
800303,713.6,717,694,709.5,348,15859
800304,707.5,726.5,706.5,722.2,492,15782
800305,737,737,716,716,865,15946
800306,710,710,691,691,552,15801
800307,680,689,666,672,950,15696
800310,662,664,634.5,634.5,465,15707
800311,630,636,615,630.7,649,15760
800312,654,654,635,640.4,2084,14464
800313,608,610,602.9,602.9,763,14451
800314,576,584,562,583.5,1481,14100
800317,539,542,533.5,533.5,794,13769
800318,517,540,506,536.5,1169,13665
800319,575,586.5,565,586.5,463,13705
800320,605,616,584,589.7,816,13478
800321,579,617,572,617,295,13494
800324,612,626,600,603.3,571,13338
800325,598.5,599.5,573,580.8,881,13191
800326,555.8,559,555.8,555.8,501,13179
800327,530.8,530.8,530.8,530.8,703,12981
800328,539,563,520,557.6,341,13006
800331,537,561,535,553.2,655,12777
800401,556,562,539,548.6,228,12710
800402,548,548,532,538.8,166,12694
800403,523,533.5,511.5,533.5,287,12666
800407,535,558.5,535,558.5,633,12854
800408,574,583.5,574,583.5,578,12900
800409,606,608,580,585,526,12767
800410,575,592,571,579.1,365,12771
800411,578,582,573,577.3,399,12722
800414,574,574,552.3,552.3,273,12605
800415,536,560.6,530,560.6,1160,12706
800416,565.5,579.5,545.4,545.4,618,12643
800417,551,557,542.5,550.7,416,12589
800418,556,556,547,548.3,394,12457
800421,541.5,541.5,523.3,523.3,318,12315
800422,531,540.5,529,535.9,376,12241
800423,543,544,539,541.2,689,12483
800424,549.5,566.2,549.5,565.8,739,12665
800425,590.8,590.8,570,576.2,581,12667
800428,561,563,551.2,551.2,736,12586
800429,551,560,543,555.4,555,12528
800430,550,550,530.4,531.7,563,12327
800501,524,545,506.7,543.6,726,12055
800502,538,550,532,541,522,12063
800505,545,549,539,546.7,541,11917
800506,537,538,531,531.6,471,11709
800507,529,540.5,529,537.9,288,11690
800508,540,541.5,532.5,532.5,388,11576
800509,528.5,538,520,535.9,636,11358
800512,534,538.5,528,529,134,11271
800513,532,543,532,540.2,310,11297
800514,545,550,544.5,545,571,11297
800515,539.5,540.5,533,533.8,478,11001
800516,538.5,539,532.5,533.6,415,10671
800519,534.5,536,525,529.4,267,10745
800520,526,530,522,530,149,10766
800521,533,533.5,523.7,523.7,362,10807
800522,518,531.2,512,531.2,1061,11261
800523,525,532.5,525,526.5,382,11329
800527,532.5,545,530,543.1,913,11375
800528,546,548,536.2,538.6,2737,10421
800529,538,548.5,536,547.2,1035,10246
800530,550,572.2,550,565.2,2680,9936
800602,590.2,590.2,577,587.1,1144,9680
800603,575,582,571,579.9,709,9700
800604,592,604.9,591,604.2,2267,10055
800605,605,625,600,608.9,1689,10224
800606,619,629,614,627.7,1124,10067
800609,645,652,643,645.4,1718,9972
800610,629,630.5,620.4,620.4,1403,10477
800611,613,627,605,605,1493,10506
800612,605,621,605,620.3,3512,10028
800613,630,638,622,623.4,1852,10093
800616,615,617,608,608.2,1036,10051
800617,607,619,607,616.7,928,9905
800618,619,627,612,613.3,2682,10281
800619,617,626,611.7,623.3,1440,10480
800620,624,624.8,619,619.9,1151,10650
800623,613,621,613,620.3,1047,10651
800624,618,636.5,618,634.9,1184,10965
800625,642.5,648.3,633,635.1,2229,11999
800626,643,647.5,638,644.7,2153,12050
800627,662,669.7,655.7,669.7,2298,12483
800630,675,679.7,664.5,666.5,2555,13041
800701,683,691.5,677.5,688.8,2506,12458
800702,680,685.5,675,679.8,2904,13033
800703,676.5,693.5,675,688.9,2451,13299
800707,685,703,681,697.7,2660,13457
800708,707,710,690,692,2820,13647
800709,695,695.5,675,679.2,3229,13286
800710,680,686,663,684.2,2511,12892
800711,681,689,678,682.9,2221,12845
800714,657.9,668,657.9,657.9,2174,12767
800715,634,636.5,632.9,632.9,3454,13471
800716,643,644,632.9,639.5,2968,11535
800717,644.2,644.2,630,630.7,3028,12754
800718,616,626.5,614,624,2544,12874
800721,632,632,622,623.6,3004,12307
800722,619,648.6,619,648.6,3271,12414
800723,643.5,659.5,638.5,643.5,4974,12368
800724,645,659,645,651.5,2385,12427
800725,667,667.5,660,665.3,2483,12704
800728,650,662,650,660.2,3848,13366
800729,657,664,647,648.5,5590,14320
800730,648,648,623.5,623.5,9942,13503
800731,627,633,614,629.5,6217,15159
800801,630,632.5,623.5,627.3,3110,14898
800804,634,639.5,631,637.1,2188,14517
800805,644.5,644.5,632,637,3555,14799
800806,639,643,633.5,641.4,2242,15116
800807,637,645,635.5,643.5,3495,14692
800808,640.7,642.4,633.5,634.8,1914,14354
800811,620,625.5,609.8,611.2,3989,14463
800812,612,624.5,610,621.4,5176,13826
800813,620,625.9,616,623.4,2345,13331
800814,626,637,624.5,635.5,1993,13053
800815,633,634,622,623.2,3210,13806
800818,613,630,612,628.8,3377,14019
800819,632.5,634.3,620.5,630.1,1479,13757
800820,636,655.1,635,655.1,5621,13249
800821,652,659,644.5,646.4,3173,12848
800822,642,650,641.9,644.8,1769,12908
800825,642,643,629,629.7,2674,12910
800826,634,638.5,634,636.8,2024,12853
800827,639,643,638,639.2,1277,12789
800828,643,643,635.5,639.7,1072,12405
800829,639,643.5,636.2,641.8,1827,12089
800902,643,649.5,642,645.3,2122,11993
800903,643,646,641,643.3,1345,12003
800904,649.5,660,648.5,657.5,3051,10886
800905,660,670,650,654.5,1705,10257
800908,673,679.5,673,679.5,3152,10333
800909,682,682.5,672,676,3052,11092
800910,690,698,685,685.7,2910,10590
800911,678,697.5,678,694.7,2471,10654
800912,700,701,683,686,2492,10058
800915,675,676.5,662.5,667.9,2983,10990
800916,670,683,669,682.5,1913,10150
800917,682,686.5,674,674.4,1979,10067
800918,670,678.5,670,675.9,1070,9758
800919,673,692,673,690.2,1726,10006
800922,713,715.2,710,715.2,2199,10115
800923,719,729,710,712.5,2451,9987
800924,715,715.5,705,710,1459,9547
800925,700.5,710,694,708,2542,9461
800926,700,703,663,669.5,9788,9616
800929,663,684,655,660.5,9574,5575
800930,665,672,663,671.5,1654,3364
801001,682,682.8,677,680.5,719,3213
801002,674,674,660,670.5,2231,2365
801003,650,671.5,650,670,790,1502
801006,675,682.5,675,679,602,1579
801007,677.5,680,674,674.3,221,1312
801008,673,678,672.5,676.5,227,1282
801009,686.5,694,685.9,685.9,1289,2013
801010,685,687.5,683,686.7,194,1302
801013,681.9,681.9,674,679,166,1096
801014,666,678.7,665,678.7,122,1110
801015,678,682,674,674.5,157,847
801016,674,677,666.5,666.5,156,800
801017,669,671,650,655.2,559,830
801020,658.5,659.6,645.5,657.2,869,961
801021,654,661.5,650.5,658,352,568
801022,660,663,650.5,650.5,445,639
801023,635,638,620,623.5,5097,1100
801024,627,633.5,625.5,631.5,302,304
801027,634,637.5,628,633.8,291,234
801028,634.2,639,630,636.3,348,234
