821103,499,499,499,499,0,2
821104,501.4,501.4,501.4,501.4,50,52
821105,489.1,489.1,489.1,489.1,0,52
821108,475.3,475.3,475.3,475.3,0,52
821109,482.4,482.4,482.4,482.4,1,52
821110,480,480,470,472.1,22,74
821111,474.3,474.3,474.3,474.3,0,74
821112,470,479.8,470,479.8,3,76
821115,475.9,475.9,475.9,475.9,0,76
821116,483.9,483.9,480.8,480.8,3,78
821117,477.6,477.6,477.6,477.6,0,78
821118,478,482.3,478,482.3,20,80
821119,489,489,484,484,1,81
821122,479,479,473.2,473.2,22,67
821123,472.7,472.7,472.7,472.7,100,167
821124,476.5,479.3,476.5,479.3,20,177
821126,488,498.8,488,498.8,13,179
821129,508.2,508.2,508.2,508.2,2,177
821130,519.1,519.1,519.1,519.1,300,296
821201,518,518,511.7,511.7,42,296
821202,518.8,518.8,518.8,518.8,0,296
821203,514.8,514.8,514.8,514.8,0,296
821206,518,519.6,518,519.6,32,297
821207,530.5,530.5,527.7,527.7,2,298
821208,525,525,514.7,514.7,103,304
821209,519,519,519,519,4,300
821210,510.5,510.5,510.5,510.5,0,300
821213,519.3,519.3,519.3,519.3,126,295
821214,504.8,504.8,504.8,504.8,0,295
821215,512,512,512,512,1,296
821216,513.6,513.6,513.6,513.6,1,295
821217,511.6,511.6,511.6,511.6,0,295
821220,514.3,514.3,514.3,514.3,0,295
821221,522.9,522.9,522.9,522.9,0,295
821222,515.4,515.4,515.4,515.4,0,295
821223,518.1,518.1,518.1,518.1,0,295
821227,530.4,530.4,530.4,530.4,3,295
821228,528.3,528.3,528.3,528.3,2,297
821229,534.7,534.7,534.7,534.7,0,300
821230,520.9,520.9,520.9,520.9,0,300
830103,520,521.3,520,521.3,93,300
830104,525,525,525,525,0,300
830105,528,530,528,530,1,301
830106,525.4,525.4,525.4,525.4,1,300
830107,539.2,539.2,539.2,539.2,0,300
830110,549,553.6,549,553.6,5,305
830111,552.8,552.8,552.8,552.8,100,404
830112,556,563,556,563,11,405
830113,566,566,560.4,560.4,1,405
830114,560.1,560.1,560.1,560.1,0,405
830117,573,573,562.6,562.6,13,402
830118,574.8,574.8,574.8,574.8,4,406
830119,569,569,560.5,560.5,1,406
830120,563.5,563.5,563.5,563.5,3,407
830121,557,557,556.3,556.3,4,413
830124,554.1,554.1,554.1,554.1,5,417
830125,562,563.6,562,563.6,1,417
830126,565.9,565.9,565.9,565.9,52,417
830127,572.2,572.2,572.2,572.2,101,417
830128,571,571,571,571,2,417
830131,575,588,575,588,18,426
830201,588,588,581.3,581.3,3,428
830202,585.6,585.6,585.6,585.6,156,578
830203,573.6,573.6,573.6,573.6,19,593
830204,575,575,570.6,570.6,8,585
830207,568.5,570.6,568.5,570.6,26,612
830208,574.8,574.8,568.8,568.8,186,797
830209,567.8,567.8,561.5,567.6,11,799
830210,578.5,578.5,578.5,578.5,0,799
830211,579.1,579.1,579.1,579.1,0,799
830214,583.6,583.6,583.6,583.6,3221,2419
830215,580.9,580.9,580.9,580.9,470,2261
830216,579.6,579.6,579.6,579.6,2043,2271
830217,576.6,576.6,576.6,576.6,0,4275
830218,578.8,578.8,578.8,578.8,100,4371
830222,574,574,553.8,553.8,4,4371
830223,543.5,545,534.7,534.7,166,4212
830224,540,540,536.5,536.5,16,4218
830225,531.5,531.5,511.5,511.5,2,4219
830228,486.5,486.5,486.5,486.5,20,4229
830301,469.3,469.3,469.3,469.3,0,4229
830302,485,490.3,485,490.3,1131,4720
830303,491,491,487.3,487.3,453,4722
830304,478,478,471.9,471.9,1608,5821
830307,471,483.6,469,483.6,502,5671
830308,479,479,478.6,478.6,202,4722
830309,481.3,481.3,481.3,481.3,1,4721
830310,491,491,488.9,488.9,4,4723
830311,479,484.4,479,484.4,3,4726
830314,494.5,494.5,494.5,494.5,102,4726
830315,483.1,483.1,483.1,483.1,446,4726
830316,473.9,473.9,473.9,473.9,87,4672
830317,472,475.4,472,475.4,121,4793
830318,478,478,471.1,471.1,9,4797
830321,476.3,476.3,476.3,476.3,0,4797
830322,474.7,474.7,474.7,474.7,400,4797
830323,473.7,473.7,473.7,473.7,0,4797
830324,464.9,464.9,464.9,464.9,0,4797
830325,468.9,468.9,468.9,468.9,2,4797
830328,466.5,466.5,466.5,466.5,0,4797
830329,468.5,471.9,468.5,471.9,110,4797
830330,474,474,469.2,469.2,117,4792
830331,471.6,471.6,471.6,471.6,0,4792
830404,478.5,484,478.5,484,1,4792
830405,487,488,485.3,485.3,12,4792
830406,484,485.3,484,485.3,1,4793
830407,481.8,483,480.9,480.9,12,4801
830408,475.5,477.1,475.5,477.1,2,4801
830411,487.1,487.1,487.1,487.1,0,4801
830412,489.5,489.5,487.4,487.4,252,5051
830413,487.7,487.7,487.7,487.7,510,5019
830414,491,493.9,491,493.9,75,5019
830415,491,493.1,491,493.1,57,5013
830418,497,500.7,496.5,500.7,678,5217
830419,495,495,488.3,488.3,1,5218
830420,493.9,493.9,493.9,493.9,1,5217
830421,494.5,494.5,490.6,490.6,220,5371
830422,493.9,493.9,493.9,493.9,700,5821
830425,494,494,491.5,491.5,223,5821
830426,490,492.9,490,492.9,14,5821
830427,490.5,490.5,484.4,484.4,402,6222
830428,481.5,484,481.5,483.6,194,6411
830429,482.9,482.9,482.9,482.9,502,6403
830502,481.4,481.4,481.4,481.4,9,6407
830503,482.5,485.9,482.5,485.9,5,6471
830504,484.5,486.2,484.5,486.2,241,6472
830505,483.4,483.4,483.4,483.4,25,6471
830506,480,487.9,480,487.9,260,6226
830509,487.9,492.8,487.9,492.8,46,6366
830510,495.5,496.5,494,494,14,6363
830511,494,494.6,494,494.6,7,6363
830512,491,491,488.7,488.7,287,6363
830513,491,491.2,491,491.2,6,6366
830516,488.9,489.4,488.7,488.7,0,6366
830517,494.1,494.1,494.1,494.1,4,6365
830518,492.8,495,491,491,25,6369
830519,492.3,492.3,489,489.1,723,6370
830520,489.6,490,486,487.9,9,6374
830523,484,490,484,489.6,12,6377
830524,489.5,489.5,488.5,488.5,12,6382
830525,491.8,491.8,491.8,491.8,57,6405
830526,489.2,489.2,489.2,489.2,0,6405
830527,488.7,488.7,487.5,487.5,5,6405
830531,492,492,462.7,462.7,29,6411
830601,459,460,454.8,454.8,30,6409
830602,463.8,463.8,459.5,461.1,154,6375
830603,461.3,461.3,461.3,461.3,167,6376
830606,453,453,447.5,449.6,76,6432
830607,452.6,452.6,452.6,452.6,24,6426
830608,451.7,451.7,451.7,451.7,5,6428
830609,456.9,462.4,456.9,462.4,250,6448
830610,456.8,456.8,456.8,456.8,42,6459
830613,462,462.8,462,462.8,248,6460
830614,460,460.3,460,460.3,11,6460
830615,457,457.7,457,457.7,353,6743
830616,463,463.8,463,463.8,513,6239
830617,465.5,465.5,461,461.9,348,6549
830620,465.2,469.5,465,465.2,132,6662
830621,463.5,468.3,463.5,468.3,22,6665
830622,471,472,469.7,469.7,210,6814
830623,468.1,470.8,468.1,470.8,336,6851
830624,472.9,472.9,472.9,472.9,360,6851
830627,473,473,462,464,664,7269
830628,460.5,462.3,460.5,462.3,33,7270
830629,464.2,464.2,464.2,464.2,0,7269
830630,462.5,462.5,462.2,462.2,746,7269
830701,465.5,465.5,465.5,465.5,2,7269
830705,460.5,460.5,460.5,460.5,7,7271
830706,462,462,456.5,460,469,7487
830707,462.5,478.7,462.5,478.7,3692,10158
830708,475,480,475,477.5,373,10041
830711,480,482.5,480,480.1,372,10046
830712,479,479.5,477.3,477.3,176,10079
830713,475.5,475.5,473.9,473.9,44,10107
830714,475.9,475.9,469,469,446,10328
830715,470.5,474,468.4,468.4,185,10455
830718,471,473.1,469,473.1,309,10490
830719,472,472,471.4,471.4,13,10492
830720,478,478.5,476.8,476.8,707,10489
830721,477.5,478.5,468.8,470.4,139,10541
830722,473,473,472.5,472.5,1158,11041
830725,475.5,475.5,475.5,475.5,310,11041
830726,474.7,474.7,473.5,474.5,83,11051
830727,475,475.5,472.8,472.8,53,11064
830728,475,475,472,472.9,18,11061
830729,469,469,460,460,9,11058
830801,461.5,461.5,455,459,32,11064
830802,461.5,461.5,457.5,460.6,44,11090
830803,456,461.7,456,461.7,35,11090
830804,460,460,456.5,456.5,102,11174
830805,455,459.1,453.5,459.1,37,11180
830808,457,457.7,449.5,457.7,39,11191
830809,459.7,460,455,455.4,34,11194
830810,453.3,457.5,453,457.5,8,11194
830811,458.5,458.5,456.2,456.2,261,11194
830812,460,460.2,457.5,458.8,269,11190
830815,462.5,465.4,462.5,465.4,39,11173
830816,467,467.7,464.6,464.6,171,11024
830817,467,467,466.4,466.4,152,11026
830818,465,466.5,463.5,464.6,196,11026
830819,460,462,460,462,41,11039
830822,469,469.4,469,469.4,13,11049
830823,473,473.2,467.5,468.7,55,11071
830824,468.5,468.5,465.4,465.4,31,11101
830825,468,468,457.5,460.7,40,11096
830826,460.8,462.8,460.8,462.8,8,11098
830829,460,460.5,458,460.5,22,11100
830830,461.3,461.3,460.5,460.5,3,11102
830831,456.5,456.7,456.5,456.7,8,11101
830901,458.5,459,457.7,457.7,21,11110
830902,459.5,460,457.5,459,13,11117
830906,461,461,453.6,453.6,126,11059
830907,454.5,456,453.8,454.8,49,11067
830908,454.7,455.3,454.5,455.3,211,11071
830909,457.4,457.4,453.9,453.9,207,11270
830912,457.7,457.7,442,443.4,499,11257
830913,442.5,445.5,442,445.2,1060,11686
830914,444.5,447.5,438.5,446.2,1073,11888
830915,442.8,445.5,442,443.4,1301,11895
830916,445,448.7,445,448.7,1153,12365
830919,450.3,451.5,447.5,451.3,224,12615
830920,450.5,450.5,448.6,448.6,577,12680
830921,448,448.5,447,448.5,32,12671
830922,447,451,442.5,448.6,217,12771
830923,449.5,452.7,449.5,452.7,33,12768
830926,451.3,451.3,450.2,450.6,61,12713
830927,448,449,448,448.7,219,12838
830928,448,448,444.5,446.5,472,12907
830929,443,443,437,439.8,222,13012
830930,439,440,430,435.4,131,13025
831003,421,426,420.3,422.8,1229,13398
831004,425,427.5,424,425.1,317,13283
831005,417,428.6,417,428.6,864,13247
831006,428,429,426,426.9,461,13250
831007,429,432.5,429,431.8,735,13345
831010,433.5,435.3,432,435.3,131,13373
831011,432,432,429.8,429.8,493,13106
831012,424,429,424,429,679,12904
831013,430.1,431.2,429.3,431.2,192,12870
831014,431.5,431.5,431.2,431.2,87,12920
831017,429,429,422,428.7,1419,12384
831018,428.5,428.5,427,427,5,12384
831019,423,424,420.9,420.9,224,12457
831020,420,424.5,417,423.6,373,12176
831021,424,424,423.1,423.1,63,12128
831024,426,428.6,423.5,428.6,116,12076
831025,427,429,427,427.6,2339,10360
831026,425.5,426,415,415.4,124,10369
831027,410,415.2,410,415.2,438,10367
831028,415.2,416,415,416,313,10332
831031,411,411,404,404.5,1950,11033
831101,404,406.9,404,406.5,520,11038
831102,411,411.3,409,411.3,361,10825
831103,407.5,411,407.5,411,40,10834
831104,410.8,410.8,408.4,408.4,15,10835
831107,406.5,410,406,409.5,12,10834
831108,410.3,410.3,409.4,409.4,30,10822
831109,411.3,412,409.8,409.8,926,10790
831110,410.8,410.8,409.6,409.6,1089,11291
831111,410,411.9,409.7,411.9,10,11292
831114,409.5,410.7,409.5,410.1,144,11331
831115,410.8,411,409,410.3,67,11341
831116,410,411.5,401.8,401.8,80,11350
831117,402.2,403.7,398,403.7,140,11353
831118,402,402,401.3,401.3,701,11454
831121,398.5,402,398.5,402,481,11548
831122,402.6,403,401.5,401.5,732,11400
831123,401.7,402.2,401,401,1877,11448
831125,401.5,402.6,401.5,402.6,21,11466
831128,408.5,426,408,422.2,2561,11127
831129,419.5,425,418.8,424.6,830,10942
831130,435,435,429,430,1345,11442
831201,426,427.7,425,427.7,596,11578
831202,425.5,425.5,424.5,424.5,478,11777
831205,426,426,423.5,425,194,11776
831206,423.5,424.9,423.5,424.9,358,12065
831207,425.4,429.5,425.4,429.5,379,12055
831208,427.9,428,414,414.2,1335,12686
831209,414.2,416,410.5,413.9,819,12931
831212,415.7,417,415,415.9,341,13019
831213,415,416.5,414,416,1358,12852
831214,414.5,414.5,413.5,414.1,293,12830
831215,415,415,405,405.4,902,12934
831216,403.5,405.3,397,397,2583,13661
831219,398,401.3,395.5,397.3,1730,13137
831220,401,403.4,401,403.4,1439,13121
831221,401,401.7,401,401.7,292,13120
831222,402.1,405.6,401,405.6,550,13477
831223,403.5,403.6,403,403.3,52,13513
831227,398.3,402.7,398.3,402.5,601,13483
831228,401.2,401.2,401.2,401.2,151,13483
831229,402.2,407,402.2,405.1,2891,13904
831230,404.8,407.5,404.8,407.5,1781,13523
840103,405,405,400,401,612,13452
840104,392.5,399,392,399,1659,13419
840105,396,398,396,396.7,850,13409
840106,396.8,396.8,387.5,388.7,378,12023
840109,384,386.7,384,386,642,11989
840110,390,392,388,388.5,752,12293
840111,387.2,391.2,387.2,391.2,357,12019
840112,388,392,388,390.1,309,12003
840113,391,391,390,390.8,349,12105
840116,388,389.3,387,389.3,284,12067
840117,387.1,389,386.8,389,427,12019
840118,388.3,388.3,387,388.3,198,12084
840119,394,395.4,393.5,393.8,364,12175
840120,389.5,391,389.5,390.6,586,12373
840123,390.4,390.4,382.5,384.3,177,12352
840124,383.5,384.5,382.5,384.5,100,12448
840125,385.3,385.5,384.5,385.4,798,12457
840126,386,386,381.5,384.2,908,12764
840127,383.5,390,383.5,387.6,394,12652
840130,387.5,388,387,388,226,12513
840131,389,392.3,389,391.6,493,12550
840201,396,398,394,397.5,522,12646
840202,400.5,404.5,400.5,404.4,692,12769
840203,404.2,405,400.5,404.2,667,12263
840206,398.5,399.7,398,399.7,579,12181
840207,396.3,400.4,396.3,398.8,127,12189
840208,402.5,407.5,400.1,400.1,510,11964
840209,401.2,402.2,394.5,396.2,607,12229
840210,396.1,396.3,394.7,395.2,216,12285
840213,393,395,393,394.4,122,12295
840214,399.5,401.5,391,400.5,677,12557
840215,401,402.7,398.6,398.6,127,12593
840216,401,402,400.3,400.3,306,12665
840217,400,402,399.1,401.6,194,12780
840221,407,407.5,401.5,405.5,421,12722
840222,414.5,418,411.8,417,1230,13079
840223,418,418,413,416.5,1010,13263
840224,414,415.3,412.5,413.1,240,13278
840227,411,420,410,418.8,889,13099
840228,417,417.2,410.5,411.7,1048,13329
840229,413.6,413.8,409.5,412.4,696,13246
840301,412.1,412.1,408.7,411.3,1580,13337
840302,414,418.5,413,417.3,316,13434
840305,424.5,424.5,420.5,421,594,13350
840306,420,422,419,420.8,940,13443
840307,419,419,414,414.7,736,13395
840308,411.5,419.5,411.5,418.9,384,13505
840309,417,418.9,415,416.5,365,13620
840312,412,414,411,411.9,191,13628
840313,413.9,415.5,412,413.9,378,13667
840314,416,416.5,409,409.2,1388,13454
840315,408.5,410.5,407.8,408.1,558,13467
840316,406.5,409.5,406,408.7,1189,13163
840319,407.5,409.5,407,409,538,13413
840320,408.5,410,407.8,409,1113,12616
840321,405,408,405,407.7,790,12306
840322,406.5,406.5,401,401.4,1847,12565
840323,402.3,403.5,399.1,400.3,1152,12734
840326,401,402.7,400.4,402.2,611,12670
840327,403,403.5,401,401,497,12906
840328,400,405.5,399.3,404.2,1003,12989
840329,405,405,402.8,403.6,779,12913
840330,403,403,400.5,401.2,443,13034
840402,401.5,401.5,391.5,392.5,834,13111
840403,393.3,394.8,391,394.3,833,13295
840404,393.8,395.5,393.5,395,887,13646
840405,394,394.7,389.5,392.2,1316,13197
840406,392.5,394.5,392.5,393.8,879,13092
840409,395,396.1,393.8,394.7,613,12966
840410,394.5,396.6,393.5,394.6,1764,12939
840411,396.3,397.5,394.3,395.4,478,13040
840412,395.1,395.1,389.5,391.4,1005,12865
840413,391.6,394,390.6,393.8,786,12949
840416,392,392.3,391,391.3,858,12800
840417,392,392.7,391.7,392.4,381,12931
840418,392,401.5,388,398.8,1151,13055
840419,396.2,396.8,393.3,395.7,1266,13115
840423,396.5,399.8,396.5,397.5,574,13107
840424,395,395.8,392,392.9,935,13322
840425,394,394,391,392.7,1770,14026
840426,390.6,390.6,385.5,387.9,4023,14954
840427,388.3,389.9,387.5,388.2,584,14915
840430,386.7,387,384.5,386.3,1400,14680
840501,386.8,388.3,386.1,387,719,14923
840502,387.3,389.5,386.7,388,717,14779
840503,387.8,390,387.1,388.1,823,15091
840504,387.6,388.8,384.5,385.3,1805,14886
840507,383.8,384.1,380.5,381.3,1495,15296
840508,381.1,383.5,379.6,382.8,3071,15849
840509,381.2,382.9,379.5,380.2,2072,16003
840510,380.8,383.5,380.8,382,2639,16815
840511,382.3,383,377,380.4,3661,16781
840514,382,383,381.5,382.6,2257,17529
840515,382.5,384,381.2,383.6,3355,18339
840516,384.3,386,383.5,385.2,3161,18929
840517,384.5,387,382.8,383.4,3164,19680
840518,383.7,387,383.6,386.6,5191,21714
840521,388.5,389.7,387,387.1,4478,22458
840522,387.5,388.2,385.2,387.3,4949,23012
840523,387,387.5,384,384.1,5303,23749
840524,383,387.7,382.3,386,10322,27086
840525,392.4,397.5,391.2,397.1,20725,31945
840529,392.5,394,391.8,392.3,27387,37871
840530,393.5,394.5,390.5,391.6,28097,42102
840531,390.5,395.5,390.3,393.6,26279,45184
840601,399.3,405.3,396,397,58490,46895
840604,400,402.8,396.5,402.2,38170,48605
840605,402,403.2,399,401.1,31577,50845
840606,398,400,396.8,398.9,24269,49927
840607,398,399.2,396,396.4,21344,48582
840608,393.5,393.7,389,389.5,28354,45405
840611,389,389.5,377.5,378.9,58130,42430
840612,380.5,380.8,375.3,379.5,41863,38062
840613,380.3,381,377.5,379.2,23386,40585
840614,381.3,381.8,379.5,379.9,20914,39244
840615,377,377.3,371.5,375.3,34437,39132
840618,372.6,375.9,371.7,375.7,23646,37017
840619,375.2,377.9,374.7,375.8,21959,36162
840620,375.2,376.7,373.4,376.6,33281,37823
840621,375,380,374.8,377.6,35701,36720
840622,381,381.4,376,376.6,26294,37255
840625,374,374,370,372.5,30461,38447
840626,374.5,374.6,373.2,374.5,15995,38133
840627,372.5,375.2,372.5,373.7,20779,37420
840628,375.1,377.9,374.6,376.9,28758,36297
840629,377.3,378.1,375.4,376.1,13163,36242
840702,373,374.3,372,373.6,12499,37637
840703,371.5,372.5,370.6,372.4,21430,37275
840705,366,367.5,360.5,362,32509,38759
840706,356.3,356.6,339,347.2,56401,39712
840709,336.5,350.8,336,349.8,63195,38163
840710,348,351,343.5,345.3,44160,38105
840711,340,346.5,338.2,343.3,50117,38192
840712,342,344.5,339,339.5,30787,37848
840713,342.5,349,342.5,345.8,31831,36260
840716,353,353.5,347.5,349.8,37827,34967
840717,348.5,349,346.1,347.3,26814,32104
840718,347.5,350.5,345.5,350.3,32821,31101
840719,352,353.5,347.3,348.3,32662,30181
840720,344.5,345.8,338,340,42940,32201
840723,334,338.3,333,337.8,38343,32686
840724,338.5,340.4,337,337.8,30056,29980
840725,341.5,344.5,340.7,343.7,44581,26354
840726,344.2,345,333.2,333.8,46205,25000
840727,335,343,332,342,50443,19210
840730,338,342.6,337,342,10699,13834
840731,342.1,343.8,335.5,337.7,6833,11016
840801,338.2,348.5,336.5,345.7,5574,7246
840802,345,349,342,344.5,2172,4882
840803,350,353.8,347.5,350.4,2163,4726
840806,353,353,347,348.8,1419,4164
840807,343,345,341,344,1918,3431
840808,346,346.5,344,344.4,702,2860
840809,344.3,349.8,343.7,349.2,1097,2514
840810,350.5,351,342.8,342.8,867,2416
840813,341.5,353.5,341.5,350.8,795,2227
840814,353,358,351,355,1464,2220
840815,354,356.5,349.5,354.3,395,2010
840816,350.3,354,350.3,350.9,212,1469
840817,351.4,352.7,350.8,351.1,245,1067
840820,349.3,349.7,344,344,301,878
840821,345,346.8,345,346.3,539,1101
840822,346.3,356,345,354.3,97,697
840823,353.5,354.5,349.4,349.8,784,893
840824,350.7,352.5,350.7,351.9,87,839
840827,350.5,350.5,348,348.6,440,655
840828,349.8,351.5,347.5,348.7,773,328
