830601,495,495,487.8,487.8,4,2
830602,494.1,494.1,494.1,494.1,0,3
830603,494.3,494.3,494.3,494.3,1,3
830606,492.5,492.5,481.8,481.8,3,5
830607,485.2,485.2,485.2,485.2,1,5
830608,485,485.5,484.8,484.8,12,17
830609,495.9,495.9,495.9,495.9,2,17
830610,493,494,490.3,490.3,4,20
830613,497,497,496.3,496.3,1,21
830614,492.5,493.4,492.5,493.4,1,22
830615,490.8,490.8,490.8,490.8,0,22
830616,496.9,496.9,496.9,496.9,1,22
830617,495,495,495,495,0,22
830620,498.8,498.8,498.8,498.8,0,22
830621,502.1,502.1,502.1,502.1,0,22
830622,507.5,507.5,503.5,503.5,3,24
830623,504.5,504.5,504.5,504.5,0,24
830624,506.8,506.8,506.8,506.8,0,24
830627,495,497.5,494.5,497.5,2,23
830628,495.8,495.8,495.8,495.8,0,23
830629,497.7,497.7,497.7,497.7,0,23
830630,495,495,495,495,0,23
830701,496.3,498.6,496.3,498.6,2,24
830705,494,494,494,494,0,24
830706,493.6,493.6,493.6,493.6,0,24
830707,513.1,513.1,513.1,513.1,0,24
830708,513,513,510,512.7,4,24
830711,515.3,515.3,515.3,515.3,0,24
830712,514.5,514.5,511.6,511.6,2,25
830713,512,512,509.2,509.2,1,24
830714,503.5,503.5,503.5,503.5,0,24
830715,503.5,503.5,503.1,503.1,201,224
830718,508.5,508.5,508.5,508.5,0,224
830719,506.6,506.6,506.6,506.6,50,224
830720,511.9,511.9,511.9,511.9,0,224
830721,505,505,505,505,0,224
830722,507.5,507.5,507.5,507.5,0,224
830725,503,510.7,503,510.7,1,223
830726,510,510,509.7,509.7,3,224
830727,512,512,508,508,2,225
830728,508.5,508.5,508.1,508.1,8,233
830729,501,501,495.2,495.2,6,236
830801,491,494.2,491,494.2,11,249
830802,495.8,495.8,495.8,495.8,14,262
830803,493.4,496.7,493.4,496.7,8,267
830804,497,497,491,491,4,269
830805,493.8,493.8,493.8,493.8,0,269
830808,492.4,492.4,492.4,492.4,0,269
830809,490.3,490.3,490.3,490.3,0,269
830810,490,492.4,490,492.4,3,271
830811,492,492,491.1,491.1,4,274
830812,493.7,493.7,493.7,493.7,0,274
830815,500.3,500.3,500.3,500.3,0,274
830816,502,503.5,499.4,499.4,15,289
830817,502.7,502.7,501.2,501.2,23,271
830818,501.5,501.5,499.1,499.1,2,272
830819,498,498,496.4,496.4,5,277
830822,503.9,503.9,503.9,503.9,0,277
830823,504.1,504.1,503.2,503.2,1,278
830824,499.7,499.7,499.7,499.7,0,278
830825,502,502,495,495,181,205
830826,497.1,497.1,497.1,497.1,2,203
830829,494.8,494.8,494.8,494.8,0,203
830830,496,496,494.8,494.8,101,204
830831,491,491,491,491,150,354
830901,492.8,492.8,492,492,2,355
830902,493.3,493.3,493.3,493.3,0,355
830906,487.1,487.1,487.1,487.1,6,355
830907,487.8,487.8,487.8,487.8,0,355
830908,488.3,488.3,488.3,488.3,0,355
830909,486.9,486.9,486.9,486.9,0,355
830912,474.9,474.9,474.9,474.9,6,360
830913,475,477.5,474.5,476.7,1005,1070
830914,477.8,477.8,477.8,477.8,1,1070
830915,476,476,474.5,475.3,102,1169
830916,480.8,480.8,480.8,480.8,0,1170
830919,483.1,483.1,483.1,483.1,0,1170
830920,481.6,481.6,480,480,2,1170
830921,477.5,479.9,477.5,479.9,1,1171
830922,475.5,480,475.5,480,101,1171
830923,484.1,484.1,484.1,484.1,0,1171
830926,481.6,481.6,481.6,481.6,0,1171
830927,479.7,479.7,479.7,479.7,0,1171
830928,480,480,478,478,51,1196
830929,475.5,476.5,470.7,470.7,5,1199
830930,464.5,465.5,464.5,465.5,623,1751
831003,452.5,452.5,452.1,452.1,5,1656
831004,453,454.3,453,454.3,12,1655
831005,447,457.8,445,457.8,1051,2074
831006,456,456,456,456,114,2314
831007,461.1,461.1,461.1,461.1,301,2444
831010,460,464.8,460,464.8,221,2624
831011,459.3,459.3,459.3,459.3,200,2467
831012,459.3,459.3,459.3,459.3,1180,2727
831013,461.8,461.8,461.8,461.8,458,2427
831014,462.8,462.8,461.8,461.8,1281,3507
831017,458.9,458.9,458.9,458.9,260,3507
831018,456.8,456.8,456.8,456.8,110,3507
831019,450.2,450.2,450.2,450.2,1385,3497
831020,453,453,453,453,520,4003
831021,452.7,452.7,452.7,452.7,2286,6257
831024,458.8,458.8,458.8,458.8,550,6257
831025,457.8,457.8,457.8,457.8,375,6457
831026,452.6,452.6,444.9,444.9,11,6458
831027,444.7,444.7,444.7,444.7,0,6458
831028,445.5,445.5,445.5,445.5,440,6697
831031,435,435,433.3,433.3,351,6698
831101,434.5,435.3,434.5,435.3,646,7177
831102,440.1,440.1,440.1,440.1,85,7220
831103,438,440,436,440,495,7562
831104,439,441,437.4,437.4,145,7650
831107,434,438.5,434,438.5,2,7650
831108,438.5,439.7,438.5,438.9,39,7648
831109,439.3,439.3,439.3,439.3,0,7648
831110,439.1,439.1,439.1,439.1,1065,8648
831111,441.4,441.4,441.4,441.4,15,8643
831114,438.5,439.6,438.5,439.6,6,8643
831115,439.6,439.6,439.6,439.6,7,8643
831116,440,440,430.2,430.2,907,8832
831117,429.8,433.2,429.8,432.2,24,8844
831118,429,429,429,429,10,8857
831121,429.9,429.9,429.9,429.9,238,8809
831122,429.6,429.6,429.6,429.6,170,8589
831123,429.1,429.1,429.1,429.1,104,8489
831125,429.2,430.7,429.2,430.7,2,8485
831128,445,451.8,445,451.8,2,8484
831129,453.9,455,453.9,454.6,269,8490
831130,467.5,467.5,460,460.5,534,8767
831201,457.9,457.9,457.9,457.9,560,9222
831202,454.6,454.6,454.6,454.6,18,9240
831205,455.1,455.1,455.1,455.1,10,9240
831206,455,455,455,455,1,9239
831207,459.6,459.6,459.6,459.6,931,10014
831208,443.5,443.5,443.5,443.5,1812,11025
831209,444.8,444.8,443.6,443.6,978,11429
831212,445.6,445.6,445.6,445.6,317,11729
831213,447,447,446.1,446.1,104,11815
831214,444.5,444.5,444.2,444.2,257,11935
831215,435.5,435.5,434.9,434.9,561,11910
831216,433.5,433.5,425.5,426,978,11916
831219,426.2,426.2,426.2,426.2,1491,12808
831220,432.3,432.3,432.3,432.3,450,12809
831221,431.5,431.5,430.6,430.6,102,12810
831222,434.5,434.5,434.5,434.5,586,12810
831223,432.5,432.5,432,432,31,12810
831227,427,431,427,431,468,12872
831228,429,429.6,428.5,429.6,18,12884
831229,433.6,433.6,433.5,433.5,419,13198
831230,433.5,435.9,432,435.9,1717,13911
840103,430,430,428,429.3,27,13905
840104,421,427.3,421,427.3,136,13911
840105,425,425,424.7,424.7,78,13868
840106,422.5,423.5,416.2,416.2,396,14046
840109,413,413.5,410,413.1,219,13945
840110,417.6,417.6,415.6,415.6,86,13931
840111,418.4,418.4,418.4,418.4,227,13904
840112,415.4,417.3,415.4,417.3,264,13747
840113,418,418,418,418,464,14009
840116,415.2,416.5,414,416.1,75,13807
840117,413,416,413,416,982,14688
840118,415.5,415.5,415.5,415.5,40,14730
840119,420.5,421.4,420.5,421.4,652,14926
840120,418,418,418,418,201,15131
840123,417,417,411.5,411.5,7,15136
840124,410.5,411.2,410.5,411.2,8,15135
840125,411,412.3,411,412.3,12,15131
840126,412.5,412.5,411.3,411.3,334,15218
840127,411,416.2,411,414.7,14,15310
840130,415.1,415.1,415.1,415.1,99,15264
840131,420,420,419,419,50,15239
840201,425,426,423,425.3,216,15287
840202,429.5,432.2,427,432.2,1446,15557
840203,432,432,431.5,432,841,16238
840206,428,428,427.5,427.5,28,16266
840207,424.8,427.5,424.8,426.4,343,16278
840208,431.5,434,428.1,428.1,70,16436
840209,427.5,427.5,423.8,423.8,88,16423
840210,421,422.8,421,422.8,9,16417
840213,422,422,422,422,0,16417
840214,419.5,428.4,419.5,428.4,350,16200
840215,428.6,430.5,426.9,426.9,68,16181
840216,429.5,429.5,428.5,428.5,298,16236
840217,431,431,430.2,430.2,105,16355
840221,435.9,436,431,434.5,302,16578
840222,443,447,443,446.8,134,16653
840223,447,447,444,446.5,344,16657
840224,444,445.5,442.8,442.8,62,16654
840227,445,448.9,445,448.9,802,16233
840228,447,447,441.4,441.4,1057,16264
840229,445,445,441.3,442.3,307,16080
840301,440,440.9,439,440.9,103,15986
840302,444.5,446.9,444.5,446.9,7,15987
840305,454,454,450.5,450.8,20,15997
840306,449,451,448.5,451,34,15992
840307,445,447,444.8,444.8,142,15974
840308,443.6,450,443.5,449,192,16028
840309,446.9,449,446.5,446.8,1049,15361
840312,442,444,442,442.3,31,15363
840313,445,445,444.3,444.3,427,15767
840314,439.5,443.5,439.4,439.4,65,15770
840315,439,440.5,438.2,438.2,1577,16057
840316,437,440,436.2,438.8,640,16509
840319,438.5,439.7,438,439.7,452,16194
840320,439.5,440.5,437,440.1,128,16241
840321,438.5,440,438.5,438.8,267,16501
840322,437.3,437.3,432.3,432.3,242,16495
840323,434,434,430.5,430.9,293,16480
840326,433.5,433.5,432.2,433,1630,17629
840327,434,434,431.8,431.8,98,17660
840328,429,436,429,435,306,17492
840329,434.5,435,433.5,434.4,64,17473
840330,433.7,434,431.5,432.5,1083,16981
840402,432.5,432.5,423.2,423.2,320,16939
840403,425.5,425.5,423.5,425.4,549,16711
840404,426,426.1,425,426.1,227,16857
840405,426,426.5,421.5,423.4,525,16960
840406,424,424.8,423,424.5,566,16889
840409,426,427,425,425.4,748,16674
840410,425,426,425,425.3,2242,16824
840411,427,428,426.3,426.3,194,16697
840412,422.5,422.5,421,422.2,987,16493
840413,422,424.8,422,424.8,1286,16666
840416,422,422.4,422,422.4,777,16983
840417,423,423.5,422.5,423.5,142,17059
840418,422,429.9,420,429.9,955,17865
840419,427,428.2,423.5,427.2,2448,18311
840423,430.5,431,429,429,395,18681
840424,427.5,427.5,424.4,424.4,722,18554
840425,424.8,424.8,423,424.2,514,18556
840426,421.3,422,416.5,418.7,326,18250
840427,419.2,420.5,419,419,1282,18750
840430,417.5,417.5,416,417.1,477,18894
840501,417.5,417.8,417.1,417.8,1574,18455
840502,417.5,420,417.5,418.8,8,18458
840503,418.8,421,418.3,419.1,1192,18201
840504,417.3,417.8,415.5,416.8,1944,17986
840507,415,415,412.6,412.6,421,17833
840508,411.5,414.5,411,414.5,2229,17404
840509,413.2,413.8,410.8,412.2,533,17515
840510,413,416,413,414.1,2779,17568
840511,414.6,414.8,410,412.8,1182,17202
840514,414.8,415.5,414.2,415,609,17276
840515,416,416.5,414.7,416.4,1733,17333
840516,417.5,418.3,417,417.5,444,17500
840517,417.8,419.1,415,415.8,873,18035
840518,418.5,420,418.5,419,3,18033
840521,421.5,422,418.9,419.5,125,17942
840522,420,420,419,420,444,18174
840523,419.2,420,416.7,416.7,662,18563
840524,416,421,416,419.5,530,18689
840525,427,431.5,425,431.5,2677,19582
840529,427.8,427.8,425.7,426.6,914,20034
840530,429,429,426.3,426.4,1200,20816
840531,426,429.5,425.8,428.3,725,20684
840601,435,439,431.9,431.9,320,20824
840604,434,437.5,431.5,436.5,26,20830
840605,437.5,437.5,434.5,435.2,254,20994
840606,431.5,433,430.5,432.6,114,21004
840607,431.2,432.7,429,430.4,790,21001
840608,427.5,427.5,422,422.9,682,21504
840611,422.2,422.5,411,411.4,1353,21384
840612,412,412.8,409,411.8,892,21039
840613,413,413,409.5,411,904,21115
840614,413,413.5,411.6,411.6,803,21338
840615,408,409,403.8,406.3,921,21596
840618,402.3,406.8,402,406.8,448,21623
840619,406.3,408.8,406.3,407.2,1594,22241
840620,406,409,406,408.7,161,22240
840621,407,411.5,407,409.8,544,22736
840622,412.5,413.5,409.2,409.2,342,22889
840625,405.6,405.6,402,404.4,161,22849
840626,405.3,406,405,406,68,22928
840627,404,406,403.5,404.9,506,22945
840628,407.5,408.9,407.2,408.9,341,23006
840629,408.7,408.7,408.1,408.1,5,23008
840702,403,405.7,403,405.4,772,22455
840703,404.5,404.5,402,404,359,22496
840705,397,398.5,391.5,392.9,837,22266
840706,384.8,385.7,370,377.3,398,22307
840709,364.5,379.3,364.5,379.3,3371,22118
840710,378.5,379,374.3,374.3,1598,21804
840711,367.5,372.1,367.5,372.1,1155,21956
840712,371,378,368,368,818,21821
840713,373,377.5,372,374.1,457,21934
840716,381.5,381.5,378.6,378.6,499,21833
840717,377,377,375,376.1,227,21895
840718,375.8,379.2,375,379.2,1033,21982
840719,380.6,381.5,377.1,377.1,544,21655
840720,372.5,373.7,368,368.3,80,21662
840723,361.5,366,360.5,366,515,21659
840724,366.7,368,365.6,365.6,711,21824
840725,369.5,373,369.5,371.4,818,21425
840726,371,372,360,360.9,680,21654
840727,360.5,369.5,360.5,369.5,1289,21557
840730,366,369.2,365,369.2,506,21966
840731,368,369.7,364.3,364.3,756,22381
840801,365.5,373.5,365.3,372.1,31,22306
840802,371,373,368.8,371.2,78,22352
840803,378,378.5,375.5,377,308,22406
840806,377.5,377.6,374.5,375.5,394,22426
840807,367,370.4,366,370.2,635,22431
840808,372,372.5,370.6,370.6,439,22659
840809,370,375.2,370,375.2,458,22890
840810,377,377,368.7,368.7,67,22818
840813,368.7,377,368.7,376.7,63,22917
840814,377.5,382.5,377.5,381,133,22927
840815,378.8,379.7,375,379.7,250,22732
840816,376.5,378,376.2,376.2,925,22495
840817,376.5,377.1,376.1,376.3,165,22578
840820,373.5,374.8,368.2,368.8,73,22435
840821,369,372,367.5,370.9,201,22403
840822,370.12,381,370,379,289,22486
840823,376.2,376.2,373.3,374.4,111,22590
840824,375.5,376.5,374,376.3,39,22622
840827,373.5,373.5,372.3,372.9,211,22823
840828,373.8,375.3,372.7,372.7,151,22722
840829,375.3,375.5,373.5,374,425,22608
840830,371.5,372.5,370.2,372.2,112,22580
840831,370.5,372,370.5,372,659,22974
840904,364,365,361,361.1,2779,24274
840905,361.5,363.5,361,362.6,554,24529
840906,362.5,368,362.3,366.6,778,24481
840907,361,362,356.5,357.8,811,24491
840910,359,362,359,360.6,1498,25137
840911,361.4,364,361,361.1,1002,25047
840912,361.7,361.7,360.2,360.2,296,24914
840913,358.5,359.4,357.8,359.4,357,25224
840914,361.5,363,360.5,361.1,307,25067
840917,357,357.5,355,356.3,616,24910
840918,355.5,362.3,355,361.3,436,24921
840919,361.5,361.5,360,360.7,864,24606
840920,357.8,363.5,357.8,361.9,2018,24956
840921,361,368,360,367.2,2933,26152
840924,367.5,368,364.5,365.1,1087,26644
840925,363.5,366,363.5,365.3,611,26666
840926,366,367.5,361.6,361.6,714,26323
840927,363,365.5,361.8,363.2,499,26472
840928,361.8,364.2,361.7,364.2,648,26814
841001,365,365.5,363.3,363.8,760,26784
841002,365,367.1,364.3,366.5,423,27668
841003,367.2,369,364,364.9,969,27829
841004,365.5,365.8,364.7,365.8,661,27585
841005,363.3,363.3,359,359.7,344,28273
841008,360,360.5,358.9,360.5,439,28449
841009,358.2,359,354,354.3,2332,29590
841010,354.8,356.2,354.2,355.9,1557,29468
841011,354.5,356.1,351,353.6,715,29470
841012,354.8,359,354.8,358.6,499,29309
841015,355,357.5,354.9,357.5,3012,30685
841016,356.2,357,355,355.5,556,31234
841017,357.3,357.4,352,352.8,1226,31274
841018,353.5,356.5,353.5,356.2,341,31320
841019,355,356.5,353.5,353.9,930,30554
841022,353,354.2,352,353.6,988,31300
841023,355,355.4,354.9,354.9,469,31355
841024,356,356,354,354,424,31254
841025,353.5,356.1,350.5,351.7,881,31228
841026,352,353,351.5,351.8,737,31006
841029,348.6,350.5,348.5,349.4,1714,31348
841030,349.5,350.1,347.5,347.7,1313,31810
841031,347.5,347.7,345,347,589,31809
841101,347,350.2,346.5,349,759,31623
841102,353.5,358.2,352.8,356.6,1393,31782
841105,357.4,361,355.9,360.7,768,31876
841106,358.5,360,357.5,358,1734,32594
841107,362,363.8,358.5,363.3,517,32843
841108,359,361,359,360.6,1596,33207
841109,359,360,357.5,358.2,1758,33789
841112,359,359.7,358.2,359.7,629,33986
841113,362.5,364,356.5,358.4,1293,33899
841114,358.6,359,357.1,358.7,681,34150
841115,355.5,356.6,355,356.5,919,33875
841116,356.7,357.1,354.5,355.6,1037,34029
841119,354.5,355.1,353.2,353.7,1790,34275
841120,353.7,354.5,353.3,354.2,1169,34040
841121,352.8,354,350.8,353.1,1166,33933
841123,352.5,352.8,350.5,350.5,2229,34154
841126,349.5,349.5,340.5,341.1,2735,34672
841127,342.5,344.1,334,336.8,2865,35091
841128,338,343,337,340.4,3540,35894
841129,341,341.2,339.6,340.1,1929,36101
841130,337.7,338.8,336.6,338.3,1920,36223
841203,337,341.4,336.8,340.9,1626,37116
841204,340.8,342,338.5,338.9,1009,37578
841205,339.3,340.3,337.5,339,1207,37867
841206,340.2,340.5,338.6,339.5,1207,38254
841207,337.5,338.3,333,335.5,1736,38345
841210,335,336,333.5,334.1,950,38670
841211,335,336.1,332.5,334,1112,38602
841212,333.7,337.5,331,334.1,1702,38955
841213,333.7,333.7,331.7,332.4,938,39287
841214,328.5,332.5,328.5,329.8,4621,39566
841217,324.8,325.2,320,321.1,3334,40074
841218,315,318,313.5,315.4,5917,41141
841219,316.3,317.4,313.8,315.1,2039,40375
841220,312,315.5,310.8,313.6,2298,40345
841221,317,319,314.7,317.3,1412,40658
841226,317,319.6,317,318.4,1185,40527
841227,315.2,316,311,313.3,2212,40852
841228,315.1,315.3,313.5,314,2802,40588
841231,314,314,313.3,313.8,1618,40142
850102,311.5,311.8,307.6,308.1,2758,41080
850103,306.5,309,306.5,307.1,2759,41298
850104,308.2,309.5,303,303.5,3750,41327
850107,302.5,307.8,300.7,307.5,3825,41889
850108,308.8,308.9,301.3,301.7,3357,42504
850109,302.5,310,302,309.2,6207,43499
850110,308.5,310.5,307,308,2427,43245
850111,309,311,303.5,304,4305,42971
850114,305.5,309,302,307.7,3735,43258
850115,307.5,307.9,305,306,2323,43378
850116,307.5,308.5,305.5,308.2,2986,42479
850117,310.5,313.5,308.8,312.3,3234,42574
850118,312,313,310.5,311,3010,42706
850121,312.2,312.8,310.9,312.2,3157,43769
850122,311.5,312.2,306.5,307.6,7566,42946
850123,305,306,302.5,305.2,13724,43939
850124,305.2,306,302.7,303.1,9521,43159
850125,303,304.3,301.3,303.9,7384,44421
850128,301.2,306.6,300,306.3,22086,45874
850129,306.5,307.7,304,305.3,22740,45422
850130,305.3,308.5,305,307.9,25324,46921
850131,309.4,311,306.5,307.4,28000,47715
850201,306,308.1,305.5,306.5,20732,49568
850204,304.3,306.2,303.8,305.4,20991,49052
850205,305.1,305.9,304.2,305.5,13141,50408
850206,306.8,307,304.8,305.3,12514,51193
850207,305.4,305.4,301.5,302.7,24623,52164
850208,303,303.7,301.3,303.4,19913,53608
850211,302.5,308.3,301.8,307.5,31505,51566
850212,305.5,306,304,304.7,19709,48903
850213,304.5,307,304.5,305.7,20072,48754
850214,306.7,307.7,305.5,305.9,22162,49078
850215,307.5,308.5,306.5,306.9,14960,48672
850219,304.7,306.9,304.3,306.4,19014,49625
850220,305.7,306.1,304.6,306,13497,49517
850221,303.5,303.5,299.5,301.1,39220,51152
850222,299.8,303,296,296.5,43424,55981
850225,287.5,288,282.6,284.1,49515,58998
850226,285.5,291.3,285.3,290,40871,57695
850227,293,294.3,289.3,289.8,34551,57897
850228,291.5,291.5,288.6,288.7,24764,58723
850301,288.7,292,288,291.6,26267,57213
850304,289,292.5,288.9,291.9,20291,56163
850305,289.2,289.6,287.3,287.9,21645,56253
850306,287.8,295.5,287,292.9,39706,53292
850307,291,291.4,289.8,291,15450,51357
850308,291,293.3,288,288.5,29956,53254
850311,291,292.4,289.1,290.1,24435,49600
850312,288,292.5,287.5,292.3,29808,47793
850313,291,297.4,290.7,291.9,51450,45033
850314,290.8,293.2,290.6,291.8,18425,43570
850315,291,296.3,291,295.2,29728,42107
850318,295.6,304,295.6,303.8,46373,38677
850319,312.5,328.8,312,328.8,74287,35855
850320,328,335,320,324.3,62811,32986
850321,317,324,314.5,317.5,48415,28912
850322,319,319.5,314,316.8,26264,28155
850325,316.5,317,314,316.4,20052,24029
850326,316.5,327,316.5,324.4,37192,22572
850327,331.5,334,326.5,327.8,31653,14879
850328,328,328.2,324,326.8,20779,10503
850329,329.5,333,328.2,329.6,3596,7068
850401,321,322.3,318,318.4,1796,5646
850402,318,323,317.8,322,1929,4715
850403,322,322,315.1,316.8,1433,3627
850404,317,322.5,315.5,320.1,719,3127
850408,319,325.7,316.3,325,645,2769
850409,324,326.5,322.5,324.1,878,2503
850410,325,329,325,326.2,591,2341
850411,333,333.5,329.5,332.7,219,1813
850412,330.5,330.5,328,328,255,1697
850415,333.5,334,329.7,329.7,231,1558
850416,330.5,330.9,326,327.4,489,1597
850417,327,328.3,324.8,324.9,620,1612
850418,331,331,326.3,327.9,179,1255
850419,327.5,328.5,327,328.5,146,1128
850422,327.7,329.3,327,327.4,191,916
850423,328,328,322.5,323,298,863
850424,323,323.3,321.5,322.8,465,799
850425,322.8,324.5,322,323.9,371,518
850426,323.5,324.5,321.7,323,158,50
