830921,488,488,488,488,0,519
830922,485,488.1,485,488.1,62,520
830923,489.8,492.2,489.8,492.2,1,521
830926,489.6,489.6,489.6,489.6,0,521
830927,487.7,487.7,487.7,487.7,0,521
830928,486.1,491,486.1,486.1,0,521
830929,482.5,483.5,478.7,478.7,209,724
830930,478,478,473,473.3,132,783
831003,461.5,461.5,459.8,459.8,61,808
831004,462,463.5,461.9,461.9,56,860
831005,465.4,465.4,465.4,465.4,512,1370
831006,463.5,463.5,463.5,463.5,66,1316
831007,469.5,469.5,468.6,468.6,11,1327
831010,472.6,472.6,472.6,472.6,110,1407
831011,467.1,467.1,467.1,467.1,30,1427
831012,467.3,467.3,467.3,467.3,0,1427
831013,470,470,470,470,141,1377
831014,470,470,470,470,15,1381
831017,468,468,467,467,6,1383
831018,464.8,464.8,464.8,464.8,41,1384
831019,460,460,458.1,458.1,61,1380
831020,459,461,459,461,201,1181
831021,460.9,460.9,460.9,460.9,1170,2301
831024,465,467.5,465,467,62,2302
831025,466,466,466,466,300,2502
831026,455,455,452.9,452.9,2,2504
831027,448,452.6,448,452.6,2,2503
831028,454.1,454.1,453.4,453.4,202,2605
831031,447.6,447.6,441.1,441.1,602,2603
831101,443.1,443.1,443.1,443.1,100,2637
831102,447.9,447.9,447.9,447.9,0,2637
831103,447.8,447.8,447.8,447.8,20,2657
831104,445.2,445.2,445.2,445.2,0,2886
831107,446.3,446.3,446.3,446.3,0,2886
831108,446.3,446.9,446.3,446.9,251,3082
831109,447.2,447.2,447.2,447.2,0,3082
831110,447.1,447.1,447.1,447.1,506,3358
831111,449.4,449.4,449.4,449.4,10,3358
831114,447.6,447.6,447.6,447.6,0,3358
831115,447.5,447.5,447.5,447.5,5,3358
831116,437.9,437.9,437.9,437.9,0,3358
831117,439.9,439.9,439.9,439.9,72,3586
831118,436,436.5,436,436.5,202,3456
831121,437.5,437.5,437.5,437.5,1,3484
831122,437.2,437.2,437.2,437.2,232,3683
831123,436.7,436.7,436.7,436.7,0,3683
831125,438.3,438.3,438.3,438.3,7,3690
831128,462,462,459.6,459.6,1,3690
831129,462.5,462.5,462.5,462.5,11,3690
831130,475,475,468,468.5,1468,3841
831201,465,465.8,465,465.8,202,3841
831202,464,464,462.6,462.6,12,3846
831205,463.1,463.1,463.1,463.1,0,3846
831206,463,463,463,463,0,3846
831207,467.6,467.6,467.6,467.6,0,3846
831208,451.3,451.3,451.3,451.3,1400,4444
831209,449.5,451.5,449.5,451.5,455,4447
831212,453.5,453.5,453.5,453.5,427,4447
831213,454.1,454.1,454.1,454.1,2,4447
831214,452.9,452.9,452.2,452.2,70,4437
831215,445,445,442.8,442.8,2,4438
831216,434,435,433.8,433.8,435,4379
831219,434,434,434,434,356,4803
831220,438.5,440.1,438.5,440.1,451,5253
831221,438.4,438.4,438.4,438.4,0,5253
831222,438,442.3,438,442.3,312,5540
831223,439.8,439.8,439.8,439.8,0,5540
831227,433.5,438.9,433.5,438.9,406,5648
831228,437.4,437.4,437.4,437.4,3,5648
831229,441.4,441.4,441.3,441.3,601,5728
831230,439.8,443.6,439.8,443.6,1102,5748
840103,436.9,436.9,436.9,436.9,0,5748
840104,430.5,434.9,430.5,434.9,1517,5748
840105,432.3,432.3,432.3,432.3,1200,5948
840106,430,430,423.7,423.7,411,5949
840109,420,420.5,418.5,420.5,503,5945
840110,427,427,423,423,784,5574
840111,422.7,425.8,422.7,425.8,42,5568
840112,425,425,424.7,424.7,84,5511
840113,425.4,425.4,425.4,425.4,0,5511
840116,423.4,423.4,423.4,423.4,100,5588
840117,423.3,423.3,423.3,423.3,302,5710
840118,422.9,422.9,422.9,422.9,50,5660
840119,425,428.9,425,428.9,459,5815
840120,427,427,425.4,425.4,203,6016
840123,424.8,425.4,418.9,418.9,8,6017
840124,417.3,418.6,417.3,418.6,85,5937
840125,419.7,419.7,419.7,419.7,64,5874
840126,420.3,420.3,415.5,418.7,133,5873
840127,421.5,422.1,421.5,422.1,1204,5875
840130,422.5,422.5,422.5,422.5,2,5874
840131,426.5,426.5,426.5,426.5,1220,5874
840201,430.9,432.9,430.9,432.9,12,5879
840202,436.3,439.8,435.7,439.8,1599,6778
840203,439.6,439.6,439.6,439.6,302,6778
840206,434.2,435.1,434.2,435.1,51,6778
840207,434.5,434.5,434,434,154,6753
840208,441,441,435.8,435.8,492,6750
840209,431.3,431.3,431.3,431.3,20,6749
840210,430.3,430.3,430.3,430.3,1,6749
840213,430,430,429.5,429.5,8,6756
840214,436,436,436,436,7,6755
840215,436.7,438,434.6,434.6,8,6763
840216,439,439,436.2,436.2,30,6765
840217,438,438,438,438,303,6858
840221,442.4,442.4,442.4,442.4,149,6772
840222,452,454.9,451.5,454.9,68,6811
840223,454.6,454.6,454.6,454.6,188,6868
840224,450.9,450.9,450.9,450.9,0,6868
840227,456,457.1,454.5,457.1,124,6937
840228,453.5,453.5,449.5,449.5,233,7110
840229,450,450.6,450,450.6,140,7069
840301,449,449.1,449,449.1,282,7087
840302,452.2,455.1,452.2,455.1,10,7086
840305,460.6,461,456.2,459.1,99,7153
840306,458,459.4,458,459.4,220,7157
840307,453.2,453.2,453.2,453.2,78,7135
840308,451,457.3,451,457.3,11,6937
840309,455.5,455.5,455,455.2,5,6939
840312,451.8,454,450.7,450.7,156,6939
840313,453,453,452.7,452.7,27,6962
840314,455.1,455.1,447.7,447.7,291,6993
840315,448.3,448.5,446.7,446.7,543,6995
840316,444,448.5,444,447.3,73,7021
840319,448.9,448.9,444.8,448.2,45,7018
840320,448.6,448.7,448.6,448.7,2,7020
840321,447.2,447.4,447.2,447.4,33,7032
840322,444.5,444.5,440.5,440.9,83,7005
840323,441.3,441.3,439.4,439.4,45,7010
840326,441.6,441.6,441.6,441.6,20,6995
840327,443,443,440.4,440.4,35,6987
840328,440,443.6,440,443.6,20,6986
840329,444,444,443,443,33,6974
840330,442,443,441.1,441.1,104,6973
840402,437,437,431.7,431.7,22,6977
840403,433.5,434,433.5,433.9,444,6728
840404,434,434.6,434,434.6,342,6960
840405,434.5,434.5,429,431.9,182,6989
840406,433.2,433.2,433,433,72,7019
840409,435,435,433.9,433.9,323,6954
840410,433.8,433.8,433.8,433.8,564,6797
840411,433.7,434.9,433.7,434.9,31,6797
840412,433.5,433.5,430,430.7,423,7004
840413,429.5,433.3,429.5,433.3,894,7165
840416,431.8,431.8,430.9,430.9,725,7771
840417,432.5,432.5,432,432,81,7766
840418,438.4,438.4,438.4,438.4,1189,8884
840419,436,436,436,436,1165,9779
840423,439.4,439.4,437.8,437.8,297,10052
840424,436.5,436.5,433.1,433.1,677,10387
840425,434,434,431.5,432.9,649,10708
840426,431,431,426,427.3,112,10664
840427,428,428,427.5,427.6,182,10693
840430,425,425.7,424.5,425.7,1,10693
840501,427,427.4,426.4,426.4,305,10692
840502,427,428.7,427,427.4,77,10644
840503,427.2,429,427.2,427.8,515,10535
840504,424.5,427,424.5,425.6,227,10357
840507,423.5,424,421.3,421.3,5,10357
840508,422,423.3,420,423.3,724,10683
840509,422.8,422.8,421.1,421.1,275,10911
840510,423.5,425,422.5,423.1,1422,11410
840511,418.5,421.8,418.5,421.8,310,11323
840514,423,424,423,424,43,11365
840515,424.3,425.5,424,425.5,12555,11904
840516,425.5,427.3,425.5,426.5,321,12137
840517,426.5,427.5,424,424.7,199,12134
840518,427.3,427.9,427.3,427.9,99,12134
840521,429,431,428.4,428.4,88,12120
840522,429.4,429.6,429,429,589,12075
840523,428,428,425.7,425.7,153,12154
840524,423.5,430.5,423.5,428.9,909,12572
840525,438,441.1,435,441.1,2285,13458
840529,436.3,437.3,436.2,436.2,1151,13742
840530,438.5,439,436,436.1,1471,13960
840531,436.5,439.5,436.2,437.9,674,14166
840601,445.5,448,441.6,441.6,129,14172
840604,441,447,441,446.1,543,14173
840605,446,447,444.8,444.8,618,14237
840606,441,443,440.5,442.1,59,14221
840607,440.5,441.5,439.9,439.9,768,14033
840608,436,436.1,432.2,432.2,1987,14216
840611,431.5,431.5,420.5,420.5,738,14264
840612,420.5,420.8,417.5,420.8,204,14137
840613,421,421,420,420,199,14020
840614,422.8,422.8,420.2,420.6,73,14032
840615,416.5,417.6,412,415,1557,15184
840618,411,415.6,411,415.6,199,15231
840619,416.6,416.6,416.1,416.1,57,15240
840620,416.1,418,416,417.8,35,15237
840621,415.5,418.9,415.5,418.9,1297,16081
840622,422.5,422.5,418.4,418.4,97,16157
840625,414,415.4,413.5,413.5,15,16160
840626,414.3,415,414.3,415,142,16057
840627,413,413.9,412,413.9,235,15848
840628,417,418.3,417,418,267,15863
840629,419.5,419.5,417.2,417.2,206,15870
840702,415,415,413.5,414.4,27,15871
840703,412,413,412,413,334,15708
840705,405.5,406.5,400,401.5,100,15695
840706,391,395.6,380,385.6,297,15819
840709,377.5,387.4,373,387.4,618,15814
840710,386.5,386.5,382,382.3,303,15647
840711,375,382,375,380.1,696,15876
840712,379,385.9,375.9,375.9,55,15950
840713,379.5,387,379.5,381.9,210,15860
840716,389.5,389.5,385,386.5,434,15732
840717,384.8,384.8,383.5,384,119,15755
840718,383.6,387.1,383.2,387.1,244,15771
840719,390.2,390.3,385,385,53,15744
840720,381.5,381.5,375.9,375.9,96,15804
840723,371.5,373.9,368.5,373.7,825,15632
840724,375,375,373.2,373.2,64,15645
840725,377,379,376.8,378.9,14,15643
840726,378.2,380.2,368,368.2,29,15643
840727,370,376.9,369.5,376.9,816,15267
840730,373,376.6,373,376.6,230,15314
840731,376.5,376.5,370,371.8,1012,16181
840801,372.5,379.7,372.5,379.7,230,16181
840802,382,382,378.8,378.8,201,16256
840803,385.5,386.5,383.4,384.5,348,15839
840806,383,385,383,383,124,15914
840807,376,377.7,374,377.7,143,15835
840808,379,379,378,378.1,537,16166
840809,377.8,383,376.8,382.7,163,16163
840810,382.5,382.5,376.2,376.2,6,16065
840813,377.2,386,377.2,384.1,258,16057
840814,384,388.5,384,388.5,122,16091
840815,387,387.1,383.5,387.1,206,15931
840816,384.1,384.1,383.7,383.7,460,15618
840817,383.8,383.8,383.8,383.8,112,15677
840820,381,382,376.3,376.3,123,15636
840821,376,378.8,375,378.3,116,15536
840822,378.8,388,378,386.5,238,15417
840823,384,385,381.9,381.9,244,15407
840824,385,385,383.8,383.8,6,15411
840827,380.5,380.5,379.5,380.5,134,15522
840828,379.8,382,379,380.4,17,15517
840829,383,383.4,381.7,381.7,464,15232
840830,378.5,379.9,378,379.9,18,15241
840831,379.9,379.9,379.4,379.8,308,15457
840904,370,373.3,368,368.5,1868,16423
840905,369,370,369,370,403,16362
840906,371.1,374.1,371.1,374.1,646,16482
840907,368.5,368.5,364,365.4,489,16487
840910,366.8,370.2,366.5,368,463,16472
840911,369.7,369.7,368.3,368.3,707,16890
840912,369.5,369.5,367,367.4,347,16910
840913,364.9,366.5,364.9,366.5,37,16901
840914,370.5,370.5,368.1,368.1,957,16331
840917,365,365,362.7,363.2,28,16336
840918,362.7,369.8,362.7,368.1,414,15937
840919,366.1,368,366.1,367.5,490,15782
840920,364.5,371,364,368.7,1575,16040
840921,372,374.6,371.5,374.1,1574,16236
840924,374,374.9,371.5,372,818,16463
840925,371.9,372.2,371.9,372.2,327,16737
840926,373.6,373.6,368.5,368.5,355,16653
840927,370.5,371.7,369.3,370.1,337,16686
840928,368,371.2,368,371.2,90,16771
841001,370.5,370.8,370.5,370.8,140,16803
841002,373.5,373.5,373.5,373.5,202,16729
841003,374.3,375,371.9,371.9,720,16784
841004,372.8,372.8,372.8,372.8,221,17022
841005,368.1,368.1,366,366.5,182,17044
841008,366.5,367.2,366.5,367.2,279,17067
841009,366.1,366.1,360,360.8,2980,18013
841010,361.2,362.4,361.2,362.4,1137,17547
841011,361.8,363.5,360,360.1,709,16912
841012,360.5,366,360.5,365.1,263,17193
841015,361,364,361,364,1197,18101
841016,363,363.8,362,362,624,18710
841017,359.5,360,358.8,359.2,410,18587
841018,359.5,362.5,359.5,362.5,164,18575
841019,362,362,360,360.1,168,18637
841022,359.4,360.5,359.4,359.8,1248,18441
841023,363,363,360.5,361.1,610,18682
841024,360.8,360.8,360,360,355,18519
841025,358.1,360.5,357.1,357.8,920,18542
841026,358.8,358.9,357,358,600,18776
841029,355,356.8,355,355.6,343,18689
841030,356,356.1,353.8,353.8,1112,18574
841031,353.8,353.8,351,353,518,18726
841101,353,356.2,353,355,330,18616
841102,360,364.5,360,362.6,292,18586
841105,363.5,367.5,361.8,366.6,729,18692
841106,364.5,366,363.5,363.8,654,18975
841107,367,370,365.2,369.1,436,18913
841108,364.5,367.3,364.5,366.6,1835,19174
841109,365.3,366.2,363.5,364.1,409,19189
841112,364.5,365.5,364.4,365.5,597,19396
841113,368.5,369,363,364.3,767,19704
841114,365.1,365.1,363.2,364.7,559,19906
841115,362.3,362.4,361.5,362.4,629,20206
841116,362,363,360.9,361.4,1351,20403
841119,360,360.8,359.1,359.5,922,20329
841120,359.5,360.3,359.1,360,1011,20764
841121,358.5,359.3,356.3,358.8,1046,20778
841123,358.5,358.5,356,356,256,20849
841126,355.3,355.3,346,346.4,1516,21136
841127,348,349.5,340.2,342,1947,21516
841128,342,346.5,342,345.7,2104,22018
841129,345.5,346.8,345,345.4,907,21904
841130,343.2,343.9,342,343.7,2270,21699
841203,342,346.3,342,346.2,2933,23075
841204,346.6,347,344.2,344.2,910,23766
841205,343.8,345.5,343.6,344.2,254,23827
841206,345.4,345.7,343.5,344.8,552,23899
841207,344,344,339,340.8,1322,24470
841210,340,340.5,338.6,339.4,415,24522
841211,341,341.1,337.8,339.2,1622,25442
841212,338,342.5,336.4,339.2,931,25626
841213,338.2,338.4,337.3,337.5,745,25645
841214,333,337.4,333,334.7,3023,27155
841217,329,330,325.4,325.8,2502,27819
841218,318.8,322.5,318.6,319.9,3530,27704
841219,321,321.5,319,319.6,1592,27709
841220,315.5,319.6,315.2,318.1,1401,28089
841221,322,323.5,319,321.9,849,27997
841226,322.5,324.5,322.5,323.1,1546,28651
841227,319.8,320.9,316.3,317.9,2007,27730
841228,320,320,318.4,318.6,898,28019
841231,318,318.6,318,318.5,854,27894
850102,315,315.6,312,312.6,2109,28977
850103,310,313.3,310,311.6,4289,30325
850104,312.2,313.8,307.6,307.9,2669,31084
850107,307.9,312,305,311.9,2345,32170
850108,312.9,313.3,305.5,306,1431,32205
850109,307,314.5,306.5,313.6,2287,32590
850110,312.7,314.5,311.7,312.4,571,32568
850111,313.5,315,308.1,308.4,1036,32334
850114,310,313.8,307,312.2,1192,32281
850115,311.5,312,310,310.4,1267,32209
850116,311.1,312.8,310.6,312.6,1603,31473
850117,315,318,313.3,316.7,692,31530
850118,317,317.3,315,315.4,1234,31674
850121,316.5,317,315.4,316.6,352,31690
850122,316,316.5,311,311.9,3412,31906
850123,309,310,307.5,309.4,4313,32634
850124,310,310.5,306.8,307.2,2417,33179
850125,306.4,308.5,305.8,308,1725,33305
850128,306,311.5,304,310.4,2531,32964
850129,310.3,312.5,308.5,309.5,2692,33232
850130,309.7,313,309.6,312.1,1698,32973
850131,313.5,315.4,311,311.6,1620,33091
850201,310.8,312.2,309.6,310.8,1000,33075
850204,308.6,310.1,308,309.7,939,32772
850205,309,310.2,308.7,309.8,904,33147
850206,310.5,311.2,309.4,309.6,589,33415
850207,309.5,309.5,306,307.1,1294,33753
850208,306.8,307.9,306,307.8,2135,33889
850211,306,313.3,302.3,312,1279,33838
850212,310.8,310.8,308.6,309.2,2586,34246
850213,309.3,311.8,309.3,310.2,1125,34773
850214,311.8,312.3,310,310.3,1767,34559
850215,312.3,312.5,311.1,311.3,632,34491
850219,308.8,311.5,308.5,310.8,1481,34632
850220,310.2,310.5,309.2,310.5,339,34617
850221,307,307.5,303,305.6,3291,34656
850222,304.2,307.5,300.3,301,4306,34641
850225,292,292.3,287,288.4,3021,35430
850226,289.7,295.5,289.7,294.3,2521,35473
850227,296.5,298.6,293.7,294.1,1975,35896
850228,295,295.8,292.8,293,2563,35721
850301,293,296.3,292.2,295.9,1759,35901
850304,293.2,296.8,293.2,296.2,1813,35575
850305,294,294,291.7,292.2,2397,36120
850306,292.2,299.8,291.5,297.3,3188,36626
850307,295.2,295.8,294.2,295.4,2110,37150
850308,295.2,297.7,292,292.7,2387,37708
850311,295.5,296.5,293.4,294.3,3434,37668
850312,292.5,297,291.6,296.5,2769,37611
850313,295.2,302,294.7,296.1,5343,38632
850314,295.4,297.2,294.7,296,2104,38697
850315,295.2,300,295.2,299.3,2352,38438
850318,300,308.5,299.8,308.2,8501,39389
850319,316.5,333.2,316.5,333.2,18872,40946
850320,333,340.5,324,329.1,11786,39440
850321,323,329,320,322.3,14011,37459
850322,324.5,324.8,318.5,321.5,6607,36729
850325,320.8,321.7,318.5,320.9,8239,35902
850326,321,332,321,329,14270,38821
850327,337.5,339,331,332.4,15881,40553
850328,331.8,332.9,327.7,331.4,16862,42125
850329,335,337.2,331.6,334.1,27991,44112
850401,324.5,326.2,322.5,322.7,22724,43056
850402,321.5,327.3,321,326.2,22863,43267
850403,325.7,326.2,319,320.7,24243,41817
850404,321,327,319.1,324,25410,42092
850408,322.5,329.5,319.7,329,25647,43277
850409,327,330.5,325.5,327.9,28558,43380
850410,328.5,333,328.4,330,30214,43398
850411,336.6,337.5,333.3,336.4,28223,43095
850412,334.5,335.2,330.5,331.6,24332,42288
850415,336.6,338.6,332.8,333.2,25898,42006
850416,334.5,334.5,328,330.8,30449,41766
850417,330.4,331.8,327.5,327.9,22020,41625
850418,332.5,333.6,327.5,330.8,27887,41468
850419,330.2,331.5,329.2,331.3,14222,41467
850422,330.9,332,329,330.1,13929,41523
850423,330,330.3,323.5,325.6,33156,40988
850424,325,326.5,323.3,325.3,20589,40889
850425,324.5,326.7,324,326.2,18392,40995
850426,325.5,326.5,323,325.2,18573,41679
850429,325.8,327.9,324.3,327.2,18989,40752
850430,326,326,315,316.5,39429,40746
850501,317.3,317.3,312,315.3,31392,40883
850502,314,316.8,313.2,316.3,24329,40631
850503,314.4,315.7,312.9,313.3,20186,41162
850506,311.5,312.8,309.7,310.5,22506,40686
850507,313.8,317.5,313.5,316.5,30225,38912
850508,315,315.7,313.5,314.2,15339,38593
850509,317,317.5,313.7,314.3,25540,39253
850510,314,318.5,313,317.5,29289,40737
850513,319,328.5,318,326.3,42863,38343
850514,324.5,329.8,324,325.8,35758,38090
850515,324,325.2,322.8,323.9,21518,37441
850516,320.5,321.8,319.7,321.5,14282,38014
850517,322.5,323.8,320.5,321,17426,38147
850520,324,324.8,312.8,314,44939,35646
850521,316.8,318.9,314.3,317.9,31594,36622
850522,319.1,319.1,315.8,316.1,18082,35272
850523,316.7,317.5,315,316.1,20061,31935
850524,315.2,315.8,313.8,314.8,13861,29409
850528,314,314.5,308.6,310.3,35446,26323
850529,311,318.5,310.7,315.5,40270,16575
850530,314.01,316,312.2,313.2,14175,10987
850531,316.1,319,312.5,316.2,4527,5566
850603,317.5,319.3,313,317,1197,3856
850604,315.8,316.7,315,315.8,1725,3970
850605,314.4,315.7,314,315.2,767,2292
850606,315,316.6,314.6,315.7,646,1976
850607,313.7,315.7,313,314.4,1032,1917
850610,311.5,314.5,309.8,314.1,675,1402
850611,313,315.3,313,313.8,461,1228
850612,314.9,315.3,313.5,313.6,517,988
850613,313.4,314.7,313.4,314.4,80,763
850614,318.5,321,317.6,319.1,434,963
850617,318.5,320.3,318.2,318.9,91,630
850618,322.5,328.2,322,327.7,200,579
850619,325.8,326.7,322.3,322.3,665,996
850620,319.8,319.8,313,313.7,307,598
850621,312.5,315.6,312.5,314.2,148,403
850624,312.5,316,312.5,315.6,404,662
850625,315.5,317.8,313.5,316,311,285
850626,317,317.9,315.2,315.7,208,82
