860131,398.1,398.1,398.1,398.1,0,0
860203,391.8,391.8,391.8,391.8,0,0
860204,379.5,379.5,379.5,379.5,0,0
860205,381.9,381.9,380,381.9,1,1
860206,384.1,384.1,384.1,384.1,0,1
860207,387.3,387.3,387.3,387.3,200,151
860210,385.6,385.6,385.6,385.6,1001,1064
860211,384.3,385.7,384.3,385.7,204,1266
860212,384.9,384.9,384.9,384.9,100,1253
860213,381.5,381.5,378.4,378.4,1109,1146
860214,375.3,379.1,375.3,379.1,301,1141
860218,381.5,382.8,381.5,382.8,21,1141
860219,388,388,382.3,382.3,1,1142
860220,384.6,384.6,384.6,384.6,0,1142
860221,383.5,386.3,383.5,386.3,1,1142
860224,389.5,394.5,389.5,394.1,202,1044
860225,399.3,399.4,393.1,393.1,129,1024
860226,381,381,381,381,1,1024
860227,380.7,380.7,380.7,380.7,0,1024
860228,381,382.3,381,382.3,114,1094
860303,379.5,381,379.5,381,3,1096
860304,385.6,385.6,385.6,385.6,3,1097
860305,381.5,385.1,381.5,385.1,1,1098
860306,385,385,384.8,384.8,1,1098
860307,385.9,385.9,385.9,385.9,0,1098
860310,382.5,382.5,382.5,382.5,0,1098
860311,384.1,384.1,384.1,384.1,0,1098
860312,384,392.4,384,392.4,32,1098
860313,388.6,388.6,388.6,388.6,1,1098
860314,388.3,388.3,388.3,388.3,0,1098
860317,390.4,390.4,390.4,390.4,0,1098
860318,390,390,389.9,389.9,2,1098
860319,390.5,390.5,390.5,390.5,0,1098
860320,392.2,392.2,392.2,392.2,0,1098
860321,397,397,397,397,0,1098
860324,390.8,390.8,390.8,390.8,88,1116
860325,382.5,382.5,382.5,382.5,100,1215
860326,383,383.4,383,383.4,11,1214
860327,381.6,382.5,381,382.1,11,1221
860331,379,379,368,368,110,1320
860401,368,369.3,367,369.3,74,1327
860402,371,372.8,370.5,372.8,97,1331
860403,370.9,370.9,370.9,370.9,36,1361
860404,370,370.8,370,370.8,26,1382
860407,374.9,374.9,374.9,374.9,18,1381
860408,374.5,374.5,374.5,374.5,10,1381
860409,371.5,373.1,371.5,373.1,352,1666
860410,372,372.6,372,372.6,16,1698
860411,373.4,378.4,373,378.4,755,1979
860414,375,375,373.5,375,373,2206
860415,372.5,373.3,372,373.3,197,2229
860416,370.5,371,369.5,371,176,2284
860417,368,370.6,368,370.6,215,2090
860418,372,377,372,376.5,325,2251
860421,374.5,375.8,374,375.8,78,2271
860422,378.5,380,377.5,380,3,2272
860423,380,380,380,380,100,2290
860424,377.3,379,377.3,379,20,2304
860425,377.1,378.8,377.1,378.8,156,2293
860428,378,378.5,378,378.3,56,2343
860429,376.4,379.2,376.4,379.2,102,2368
860430,380,380,380,380,0,2368
860501,371.5,374.6,371.5,374.6,11,2373
860502,374.5,376.5,374.5,376.5,137,2502
860505,376,376,376,376,2,2503
860506,375.1,375.1,375.1,375.1,0,2503
860507,376.9,376.9,376.9,376.9,2,2505
860508,376.6,376.6,376.6,376.6,5,2506
860509,376.7,376.7,376.7,376.7,0,2504
860512,377.4,377.4,377.4,377.4,5,2509
860513,377.8,377.8,377,377,16,2512
860514,375,375,375,375,10,2516
860515,376.1,376.1,375.9,375.9,12,2526
860516,376.6,376.6,376.6,376.6,3,2527
860519,373.8,373.8,373.8,373.8,133,2485
860520,371.7,373.2,371.7,373.2,85,2537
860521,372.3,373.3,372.3,373.3,10,2538
860522,372.8,376.1,372.8,376.1,6,2540
860523,375.2,375.9,375.2,375.9,2,2540
860527,375,376.7,375,375,121,2571
860528,376.5,376.5,375.6,375.6,52,2569
860529,377,377,377,377,3,2566
860530,377,377.8,377,377.8,20,2581
860602,377,377,375.8,375.8,6,2581
860603,376.2,376.2,376.2,376.2,50,2579
860604,376.5,376.5,376.5,376.5,63,2596
860605,375.8,376.3,375.8,376.3,50,2597
860606,375.7,375.7,375.7,375.7,322,2608
860609,386,386,386,386,74,2593
860610,384,384,383,383,15,2593
860611,382.8,385.3,382.5,383.5,178,2600
860612,381,381,381,381,0,2600
860613,378.9,378.9,378.9,378.9,8,2597
860616,371.5,371.5,366,366,210,2799
860617,365.5,367.6,365,367.6,55,2794
860618,369.1,370.3,368.9,368.9,33,2820
860619,369.3,369.3,369.3,369.3,2,2817
860620,371.2,371.2,371.2,371.2,0,2817
860623,371.8,371.8,371.8,371.8,5,2817
860624,373.7,373.7,373.7,373.7,0,2817
860625,375.8,375.8,375.3,375.3,2,2819
860626,375.5,375.5,374.5,374.8,907,3039
860627,374.8,374.8,374.8,374.8,0,3415
860630,376.5,376.5,375.6,375.6,52,3436
860701,374,374,373.1,373.1,692,3915
860702,372.3,372.3,372.2,372.2,491,4259
860707,372.8,372.8,372.8,372.8,0,4259
860708,378,379.1,378,379.1,213,4259
860709,376.5,377.1,376.5,377.1,421,4280
860710,375.8,375.8,375.8,375.8,802,4496
860711,374.8,374.8,374.8,374.8,406,4496
860714,373.2,373.2,373.2,373.2,2,4496
860715,373,375.5,373,375.5,36,4515
860716,374.6,375.1,374.6,375.1,157,4400
860717,375,375,375,375,10,4394
860718,378.5,383.3,378.5,383.3,11,4400
860721,381.7,383.5,381,382.4,18,4402
860722,381,381,380.4,380.4,625,4730
860723,375.5,375.5,375.5,375.5,7,4721
860724,376.1,376.1,376.1,376.1,101,4818
860725,375,375,375,375,0,4719
860728,382.7,382.7,382.7,382.7,523,4745
860729,379.9,379.9,379.9,379.9,0,4745
860730,379.4,379.4,379.4,379.4,103,4796
860731,387.5,390.5,386.5,390.5,71,4851
860801,388.2,389,388.2,388.3,12,4861
860804,386.5,387.8,386.5,387.8,219,4824
860805,389,389,386.9,386.9,47,4847
860806,389,389,387.5,388.3,821,5658
860807,391,391,390.1,390.1,233,5873
860808,398,403.3,398,403.3,1287,5964
860811,418.5,419.9,415,419.9,739,5542
860812,413.5,414.5,413.5,413.8,729,5865
860813,419.5,419.5,412.8,412.8,2317,6053
860814,411.2,414.8,411.2,414.8,3158,7222
860815,412,413,410.2,411.1,672,6900
860818,404.8,404.8,403.1,403.1,40,6906
860819,400,404,400,400.8,264,7014
860820,405.3,405.5,403.7,404.9,344,7076
860821,406.7,410.3,406.7,410.3,559,7486
860822,413,413,398.6,398.6,28,7470
860825,400,406,400,405.9,18,7472
860826,405.5,406,404.6,404.6,419,7743
860827,404,405.4,403.5,405.4,54,7750
860828,411,411.6,410.5,411.6,327,7965
860829,408,412.9,408,412.8,215,7469
860902,420,432.5,419,431.6,1325,8335
860903,433,435,430,430.9,520,8352
860904,427,443,427,436.6,1341,7555
860905,447,451.5,444,450.1,706,7811
860908,446,446,435,438.2,254,7716
860909,434.5,439.5,434.5,436.2,153,7704
860910,439.5,447.5,426,431.4,544,7698
860911,430.5,435.2,430.5,435.2,81,7714
860912,437,454.5,437,444.1,518,7848
860915,437,445.5,436.5,444.9,84,7870
860916,446,446,441.5,442.8,187,7892
860917,443.5,443.5,439.5,441.3,52,7888
860918,442,447.5,442,445.8,405,7874
860919,455.5,466,455.5,465,3216,6004
860922,468,470,463,469.2,3354,7604
860923,462,466.4,459.4,459.4,2529,5857
860924,461,462,459,459,184,5829
860925,455,462.2,455,462.2,214,5957
860926,459.8,461.5,454.3,454.3,39,5954
860929,456,456,443.5,449.9,381,6057
860930,448.8,453,448.8,452.4,67,6143
861001,452.5,452.5,449,451.2,42,6180
861002,457.5,466,457.5,463.7,49,6200
861003,468,468,459,459.6,572,6673
861006,464,465.2,463,465.2,50,6650
861007,461,467.5,461,467.5,273,6683
861008,466.5,467.2,464.5,465.1,31,6676
861009,463,463,453.7,455.2,23,6685
861010,454,458.8,454,456.9,26,6687
861013,456.8,459.8,456.8,459.8,15,6695
861014,458,458,453,453,291,7758
861015,451,452,446.5,450.8,215,7876
861016,451.8,451.8,449.5,449.5,174,7817
861017,440.5,447.5,440.5,444.2,90,7815
861020,443.7,452.5,443,451.4,144,7816
861021,452,452.2,449.5,450.4,38,7815
861022,452.5,453,448.5,451.2,38,7816
861023,449.5,450,437,439.4,194,7842
861024,436,438,430,431,192,7823
861027,433,434.5,430.5,431.7,1483,8788
861028,433.5,436.5,433,435.4,71,8800
861029,429.5,429.5,427,428.2,46,8801
861030,431,431.5,427.8,430.5,300,8817
861031,421,426,421,425.7,219,8951
861103,424.5,429.5,424.5,426.6,595,9365
861104,431.5,434,429.3,430.9,1532,9774
861105,428.5,430,426,428.3,52,9710
861106,428.3,432.7,428.3,432.7,124,9605
861107,431,432,430.8,430.9,750,10020
861110,434,434,426,427.8,52,10054
861111,427.5,429.4,426.5,429.4,0,10095
861112,429,429.7,426.8,429.7,438,10226
861113,430.1,430.1,427.8,429.8,134,10253
861114,432.5,432.5,418.8,418.8,239,10259
861117,415,415,407.5,409.4,244,10390
861118,410,414.8,410,414.8,622,10514
861119,414.8,414.8,407.5,408.9,143,10587
861120,409.3,412.5,409,412,654,10825
861121,412.5,412.5,398.5,398.7,362,10948
861124,399.3,402.5,399,401.7,198,11033
861125,405.5,405.6,399.5,405.6,1405,10522
861126,403,404,400.5,403.1,323,10711
861128,410,412,409,410.9,270,10607
861201,419.5,419.5,410,414,105,10578
861202,413,413,404,409.3,170,10554
861203,404,415,404,412.3,55,10539
861204,410,410,404.5,408.2,35,10554
861205,408,409.6,407.2,409.6,22,10559
861208,408,410.4,407,410.4,26,10554
861209,410,410,406,406.6,71,10564
861210,410.5,410.5,409.5,409.5,462,10273
861211,407.5,410.5,407.2,410.5,114,10209
861212,410.5,413,410.5,412.6,121,10246
861215,414.5,416.5,414.5,415.3,56,10226
861216,414,414.8,411,413.1,591,10154
861217,414.5,414.5,411,412.1,228,10231
861218,412.1,414.6,410.4,414.6,62,10248
861219,414.5,415.5,412.6,412.6,146,10243
861222,418,418,413.5,413.5,554,10327
861223,410,410,407,408.3,223,10468
861224,409.7,411.3,409,409.8,514,10482
861229,410.2,410.3,408.1,409,226,10640
861230,408.1,410.2,407.5,409.5,612,11048
861231,412,425,412,424.6,157,10782
870102,425,427.5,421.5,421.7,219,10717
870105,421,422.7,418,422.7,191,10685
870106,423,424.5,420.1,420.1,483,10706
870107,419.7,422.2,418.5,422.2,1447,10170
870108,424.5,424.5,420.5,421.4,268,10237
870109,421.5,425,418,425,53,10229
870112,430.5,431.5,428.1,428.1,407,10244
870113,428.5,430.6,427.5,430.6,1751,11112
870114,437,440.5,435,437.9,258,11124
870115,433.5,436.4,432.5,435.4,99,11123
870116,432.5,436,432.5,435.7,130,11206
870119,444,445,440.6,441.9,101,11222
870120,436.4,439,423,426.1,115,11220
870121,424.7,428,424.7,426.9,1537,11945
870122,429.5,430.5,427.2,427.2,299,12142
870123,423,424,419,423.5,367,12386
870126,424,431,424,430.3,216,12478
870127,428.8,435,428.5,435,532,12621
870128,437,437,428.3,429.8,499,12755
870129,430,431.7,427.1,431.7,527,12806
870130,415,424,415,423.8,939,12944
870202,425,426.8,419.7,419.7,188,13051
870203,423.5,423.5,417,422.1,539,13127
870204,422.1,423.5,421.1,421.1,691,12687
870205,420.5,425,417,423.1,1212,12534
870206,420.5,422.4,420.5,422.4,1161,13250
870209,422.8,425,420,422.4,300,13453
870210,421.4,423,420,421.8,495,13585
870211,422.5,422.5,418.8,421.5,710,13707
870212,421.4,422,412,413.6,1297,13512
870213,414.8,417,413,415.9,576,13530
870217,414.8,415,408.6,410.1,646,13876
870218,409.6,410.8,407,410.6,1181,14651
870219,411.5,418.9,410,417.9,681,14611
870220,416,426,415.9,424.4,439,14689
870223,422.3,423,419.5,420.2,236,14807
870224,419.4,420,416.5,419.9,704,14895
870225,426.5,427,420.7,420.7,1636,15502
870226,422,424,419.5,424,83,15504
870227,423,424.5,422.9,422.9,82,15504
870302,422,422.7,420,421.2,550,15598
870303,421,425.5,420.8,424.9,162,15614
870304,425,429,423,428.5,503,15630
870305,429,431,425.4,425.4,391,15655
870306,425.7,426.1,424,424.4,253,15670
870309,423.1,424,421.5,423,59,15663
870310,423.5,425.2,422.5,425.2,228,15794
870311,425.7,427,425.3,425.4,1151,15821
870312,426,428.5,426,426.9,85,15820
870313,426.9,427.8,420.2,421.6,389,15768
870316,423,424,422,423.3,242,15837
870317,424.5,424.5,420,423.3,226,15979
870318,423,424,421,422.4,254,15916
870319,422.7,422.7,421,422.5,124,15967
870320,421.8,422.9,421.1,422.7,513,16124
870323,424,428,423.2,427.5,858,16302
870324,428,432,425.5,431.2,679,16308
870325,433,433.5,430,430.4,1158,16441
870326,428.5,429.5,428,428.7,346,16981
870327,433,443,432,440.5,1138,16912
870330,440.5,443,438.5,439.5,553,17129
870331,440.5,441.5,436,436.1,648,17149
870401,435.3,438.5,434.2,436,432,17226
870402,436.2,440,433.5,435.7,626,17260
870403,436.5,437.5,433,437.4,296,17266
870406,439.5,440.5,435.5,436.1,359,17274
870407,437.3,439.7,435.5,439.7,539,17226
870408,437.3,441,436.5,437.6,679,17355
870409,440,452.5,438.2,450.9,2681,18015
870410,453.5,456,449.5,451.7,2468,19600
870413,452.5,457,452.5,456.1,958,19571
870414,460,472.2,460,471,1208,19738
870415,463,465,461,462,1077,19664
870416,459.7,464,454.5,462.2,1091,19674
870420,461.5,474.5,460.5,472.3,2740,19400
870421,473,474,463,466.5,1665,19269
870422,466.7,469,461,468,583,19483
870423,470,483,467.5,479.5,1212,19810
870424,484,490,480,482.5,1945,20522
870427,501,501,457.5,462.4,3845,21260
870428,472,473,465,471,1861,20729
870429,468.5,471.5,465.5,469.5,898,20564
870430,471,474,467,472.7,1332,20295
870501,471.5,477.3,471.5,476,1043,20729
870504,477,483.5,476.5,482.1,501,21829
870505,483.3,484.5,472,477.8,774,20778
870506,475,478.7,472.5,477.6,1367,21086
870507,474,478.2,472,476.4,1507,21325
870508,474.5,475,471,473.4,505,21264
870511,473,474.9,471.3,474.2,1771,20695
870512,479,482,476,478.3,1357,21011
870513,478.3,483,476,476.9,1312,21298
870514,480,483,478.8,482.6,1408,21143
870515,485.5,494,485,493.5,1975,21038
870518,493,495.5,485.5,490,1821,21114
870519,490,497,486.5,496.1,1921,20586
870520,500,500,489.5,491.4,2644,20420
870521,488.5,490.8,486.5,488.5,2954,20804
870522,490.2,490.7,479,482.5,1842,20970
870526,477,478,462.5,468.7,4126,20608
870527,465,468,463,465.3,4251,19739
870528,469.5,473.8,468,470.9,2546,19871
870529,470,470.5,466,467.1,1328,20182
870601,462.4,462.4,457,462.1,1876,20278
870602,465.5,475.5,464.2,472.8,4321,20910
870603,468.5,470.5,466,466.3,952,21435
870604,465,471.5,465,469,694,21716
870605,470.5,470.8,468,469.6,1416,22033
870608,473,474.5,464.5,465.1,1336,22245
870609,469,474.5,467.6,474,959,22081
870610,474,475.5,468,472.3,927,22151
870611,472.3,480,471.5,479.5,1935,22674
870612,472.5,474,467.5,469.7,1291,23038
870615,462.3,468,461,467.3,1650,23074
870616,467.8,468.8,462.3,462.5,1471,22955
870617,464,468,461.3,462.4,1718,22655
870618,464,467.5,464,465.2,497,22647
870619,465.1,466.5,458.5,459.3,1786,23091
870622,457.5,457.5,447.7,450.8,5326,23743
870623,452,455.3,450,454,3164,23281
870624,456,457.5,454,456.8,1321,23182
870625,452.8,455.3,452,454,1012,23170
870626,455.5,462.5,454.5,460.7,1825,22921
870629,459.4,464,459.4,460,1219,23400
870630,460.5,463.7,458.3,462.9,1399,23362
870701,462.8,464.1,458.5,460,1304,23661
870702,460.3,461,458.5,459.2,3406,22233
870706,456,461.1,454,460.6,1218,22282
870707,457.5,458.5,452.7,456.4,1639,22453
870708,454,460.5,453.2,457.1,1477,22612
870709,457.5,458.8,455.2,457.1,970,22798
870710,456.5,459.5,456,456.4,1340,23135
870713,456.8,460,455.6,459,1712,23417
870714,460,461.3,458,460,1421,23417
870715,460.5,467.4,459.5,466.1,5597,24437
870716,464.3,466.5,463.5,466.1,2578,24881
870717,464.7,464.7,459.2,459.9,3584,25291
870720,462,463.9,461.5,462.9,2236,26042
870721,464,465.5,462.7,464.3,3830,26272
870722,466,468,464,466.5,5576,27340
870723,466.5,466.9,465.1,466.6,4613,28754
870724,466,466.4,464.5,465.5,5476,31397
870727,465.2,465.9,463.1,465.3,5889,33697
870728,466.7,470.2,465.5,468.3,14945,39342
870729,469.5,471.7,468.3,468.8,13834,43971
870730,468.3,473.5,467.3,473.3,35470,51719
870731,474.5,475.7,472.2,475.1,26398,56159
870803,486,489.5,482.8,488.3,44060,63334
870804,485.2,490.2,483,488.9,43859,66872
870805,480.1,482.4,477.3,477.6,39502,66659
870806,478,480.5,477,478.6,21878,66373
870807,471,475.2,463,464.8,46160,66224
870810,470,472.2,467.8,470.6,32071,63503
870811,472.5,475,469.5,474.2,29010,61803
870812,471.5,474.5,470.5,473,24012,61857
870813,472.5,472.9,465.5,467.8,28693,61847
870814,467,471.3,456.9,461.2,54824,65330
870817,463.5,464.1,461,463.1,17368,62729
870818,465,469.5,464.5,467.7,33304,60849
870819,464.5,467.7,463.6,467.3,21259,60630
870820,467,467,461.4,462.2,25043,60081
870821,463.7,465.9,460,465.7,24871,59859
870824,464,471.3,463.7,469.3,32198,58281
870825,467.7,468.2,463.6,465.8,23925,58760
870826,465.8,467.7,464.8,465.8,19043,59198
870827,466.5,467.5,461,463.7,30296,62278
870828,463,463.5,459,461.3,28277,64399
870831,461.2,464.7,458.7,458.7,29117,65411
870901,462,463.8,459.4,462.8,32888,64302
870902,466.8,473.8,466.5,473.4,60298,62308
870903,471.5,474.8,469.6,471.7,39334,65193
870904,472,473.8,469.2,470.8,27722,65727
870908,466.6,467.5,463.5,465.5,39792,64121
870909,466,466.3,462.7,464.5,25872,66511
870910,468,472,466.7,470.6,34132,68540
870911,467.8,470.3,463.2,464.3,42809,66675
870914,461,464.7,460.5,463.8,25222,65808
870915,465.5,466.7,464.5,465.9,21489,64606
870916,466.3,466.5,462.8,465.1,25392,66030
870917,466,468.4,465.1,466.9,31714,66730
870918,469,469.8,465,465.3,26021,66315
870921,464.9,470.5,463.8,469.3,37615,66215
870922,469,470.4,467.4,468.9,24708,67520
870923,467.5,469.7,467,468.7,24578,67976
870924,469.5,471.5,468.5,468.7,18761,69521
870925,467.9,468.4,466.5,466.6,15587,69658
870928,467,468.7,465.5,466.4,21365,70217
870929,464,466.5,463.5,464.4,29338,70152
870930,465,466,458,458.8,48938,72187
871001,459.8,461,457.9,459.7,33573,70322
871002,460.3,461.2,458.5,460.3,22189,68629
871005,461.3,462.9,461.1,462.8,14179,68177
871006,463.2,464.5,462,462.7,18783,67884
871007,464.5,465,462.3,463.4,21677,67841
871008,463.3,468.5,462.6,466.5,30592,67889
871009,467.5,467.7,465.3,466.9,22047,68293
871012,467,467.2,466.4,466.7,5422,67822
871013,464.5,465,463.6,464,14074,68617
871014,464,467,463.2,465.8,33679,66938
871015,466.8,472.5,466.5,467.8,62713,71220
871016,469.2,476.7,468.8,476.3,53231,80309
871019,493,496,483,486.8,99323,86467
871020,478.5,479,459,467.5,92116,68883
871021,471,472,467.3,471.7,41538,63068
871022,474,479.7,472.5,473.2,44004,61253
871023,476,478.5,471.7,476.7,38510,60316
871026,481,482,476.2,479.4,44173,58583
871027,476,481,475.1,478.8,34459,57458
871028,481.5,483.5,478.3,480.5,45870,59827
871029,472.5,475.7,464,468.7,53003,56712
871030,469,471.5,467.5,471.2,26539,55955
871102,472.3,473.5,469.7,472.5,22731,58477
871103,471.8,476,463.5,470.6,59334,58697
871104,469.2,469.8,466,468.2,33019,56497
871105,462.2,462.2,456,459.2,53925,58478
871106,460,463.4,459.1,462.1,31169,56120
871109,464.5,466,463.1,463.3,21587,56652
871110,461.2,463.8,457.8,462.4,34748,54630
871111,462,463.7,461.6,463.1,16315,53193
871112,463.8,465.5,462.5,464.7,27734,53472
871113,465.5,467.5,464.5,465.6,21973,51019
871116,461.8,465,461.5,464.3,18602,50067
871117,465,466.2,464.8,465.8,15067,48785
871118,464.6,465.1,463.3,464.8,14092,47775
871119,466.3,466.5,465.2,465.8,12527,46753
871120,466.7,470.9,464,470.3,36412,47466
871123,469,477.7,468.8,476,50057,43114
871124,475.8,478.2,473.4,475.4,39646,40072
871125,476,478.3,475,476.9,47509,27632
871127,478,487.4,477.8,486.1,24976,18864
871130,496.5,497,490.5,491,5774,11096
871201,488,493.2,486.5,490.4,2484,7937
871202,491.5,492.8,488,488.1,1902,7100
871203,488.5,492.5,487,488.8,2270,6053
871204,487.8,489,480,482.9,1955,4659
871207,481.8,482.5,480.2,481.5,656,3632
871208,483.5,485,483.5,483.5,2521,2925
871209,485.8,486.2,484,484.5,501,2657
871210,485,492.5,485,492.3,562,2252
871211,498,498,492,497.1,413,1881
871214,501,502.3,495.5,495.5,595,1738
871215,493.5,494.2,480,482.7,999,1428
871216,486.5,487,484.2,485.3,450,1382
871217,485,485.5,475,485.1,420,1002
871218,484.5,484.5,479,479.8,190,913
871221,480,480,478.9,479.6,177,665
871222,482.5,484.3,482.5,483.9,124,640
871223,480.5,483,480.5,482.9,1686,1817
871224,485,486.1,485,486.1,67,649
871228,489.8,491,487.7,487.7,174,410
871229,489.7,489.7,485,486.1,397,236
