900604,409.7,409.7,409.7,409.7,105,105
900605,411,411,411,411,0,105
900606,408.2,408.2,408.2,408.2,135,240
900607,404,404.8,404,404.8,1,241
900608,405.8,406.2,405.8,406.2,25,241
900611,407,407,407,407,0,241
900612,406.5,406.5,406.5,406.5,20,256
900613,401.6,401.6,401.6,401.6,0,256
900614,395.3,395.3,395.3,395.3,20,236
900615,396.5,398.4,396.5,398.4,5,241
900618,398.1,398.1,398.1,398.1,0,241
900619,397.9,397.9,397.9,397.9,0,241
900620,398.8,398.8,398.8,398.8,0,241
900621,399,399,399,399,0,241
900622,398.6,398.6,398.6,398.6,0,241
900625,402,402,402,402,0,241
900626,398.6,398.6,398.6,398.6,0,241
900627,399,399,399,399,0,241
900628,400.5,400.5,399.7,399.7,200,251
900629,400.3,405.6,400.3,405.6,15,246
900702,405.5,406.5,405.5,406.5,14,250
900703,410.5,410.5,409.9,409.9,15,255
900705,408,408.8,408,408.8,13,262
900706,409.2,409.2,408.8,408.8,54,272
900709,406,406,405.9,405.9,10,262
900710,401,402.9,401,402.9,12,270
900711,401.5,401.5,401.2,401.2,10,276
900712,403.7,404.8,403.7,404.8,10,276
900713,411,411.5,411,411.5,15,289
900716,410.2,410.2,410.2,410.2,0,289
900717,408.7,408.7,408.7,408.7,0,289
900718,406,407.8,406,407.8,60,317
900719,407.2,407.2,407.2,407.2,0,317
900720,407,407,407,407,0,317
900723,410.5,414.8,410.5,414.8,306,622
900724,413.4,413.4,413.4,413.4,150,627
900725,417.2,417.2,417.2,417.2,231,926
900726,413.5,414.4,413.5,414.4,10,926
900727,411.5,412.2,411.5,412.2,5,922
900730,412,412,412,412,0,927
900731,417,417,414,414.6,16,942
900801,418,418,418,418,50,953
900802,429.5,429.5,421.4,421.4,321,1027
900803,421.7,421.7,421.7,421.7,0,1023
900806,429.8,429.8,429.8,429.8,25,1023
900807,429.1,429.1,429.1,429.1,350,1373
900808,427.9,427.9,427.9,427.9,189,1458
900809,430.6,430.6,430.6,430.6,0,1458
900810,442.5,442.5,442.5,442.5,187,1535
900814,450.7,450.7,450.7,450.7,11,1540
900815,447.8,447.8,447.8,447.8,54,1556
900816,454.8,454.8,454.8,454.8,73,1559
900817,454.7,454.7,454.7,454.7,234,1769
900820,455.8,455.8,455.8,455.8,7,1778
900821,452.6,452.6,452.6,452.6,5,1778
900822,456.6,456.6,456.6,456.6,50,1782
900823,458.5,458.5,458.5,458.5,0,1822
900824,462.1,462.1,462.1,462.1,41,1850
900827,446,446,433.4,433.4,1192,1954
900828,429.1,429.1,429.1,429.1,4,1930
900829,429.1,429.1,429.1,429.1,30,1910
900830,430.1,430.1,430.1,430.1,14,1886
900831,425.2,425.2,425.2,425.2,0,1886
900904,426.3,426.3,426.3,426.3,0,1886
900905,429,429,429,429,0,1886
900906,432.2,432.2,432.2,432.2,0,1886
900907,432,432,432,432,0,1893
900910,419.2,419.2,419.2,419.2,0,1893
900911,421.8,421.8,421.8,421.8,0,1893
900912,423.3,423.3,423.3,423.3,0,1893
900913,423.7,423.7,423.7,423.7,0,1893
900914,426,426,426,426,20,1873
900917,430.3,430.3,430.3,430.3,0,1873
900918,428.9,428.9,428.9,428.9,5,1873
900919,426.7,426.7,426.7,426.7,92,1873
900920,429.6,429.6,429.6,429.6,0,1873
900921,430.1,430.1,430.1,430.1,0,1873
900924,445.2,445.2,445.2,445.2,11,1873
900925,444.7,444.7,444.7,444.7,0,1874
900926,450.5,450.5,450.5,450.5,50,1924
900927,448.5,448.5,448.5,448.5,0,1924
900928,445.2,445.2,445.2,445.2,0,1924
901001,426.4,426.4,426.4,426.4,0,1924
901002,428.1,428.1,428.1,428.1,10,1923
901003,432.6,432.6,432.6,432.6,0,1923
901004,430.6,430.6,430.6,430.6,0,1923
901005,431.9,431.9,431.9,431.9,0,1923
901008,433.1,433.1,433.1,433.1,0,1923
901009,428.3,428.3,428.3,428.3,0,1923
901010,426.7,426.7,426.7,426.7,0,1923
901011,428.2,428.2,428.2,428.2,0,1923
901012,425.9,425.9,425.9,425.9,0,1923
901015,411.9,411.9,411.9,411.9,0,1923
901016,397.5,397.5,397.5,397.5,5,1923
901017,401,402.1,401,402.1,74,1921
901018,401.4,405.4,401.4,405.4,211,1926
901019,405.2,408.2,405.2,408.2,455,2215
901022,402,404.8,402,404.8,1,2215
901023,407.3,407.3,406.4,406.4,103,2293
901024,406.3,408.5,406.3,408.5,1,2293
901025,409.6,410.9,409.6,410.9,3,2295
901026,407.6,407.6,405.5,405.5,0,2295
901029,408,408,407.7,407.7,22,2291
901030,413.3,413.3,413.3,413.3,200,2291
901031,412.9,412.9,412.9,412.9,9,2091
901101,414.5,414.5,414.5,414.5,0,2091
901102,409,409,409,409,0,2091
901105,412.2,412.2,412.2,412.2,72,2068
901106,419.9,419.9,419.9,419.9,0,2066
901107,419.6,419.6,419.6,419.6,20,2086
901108,420.3,420.3,420.3,420.3,0,2086
901109,418,418,416.2,417.2,220,1978
901112,413.3,413.3,413.3,413.3,0,1978
901113,417.3,417.3,417.3,417.3,0,1978
901114,408.6,408.6,408.6,408.6,0,1978
901115,410,410,410,410,40,1996
901116,409,409,409,409,0,2005
901119,410.3,410.3,410.3,410.3,19,2005
901120,406.4,406.4,406.4,406.4,0,2005
901121,405.9,405.9,405.9,405.9,6,1999
901123,410.7,410.7,410.7,410.7,50,2049
901126,412.8,412.8,412.8,412.8,1,2049
901127,412.3,412.3,412.3,412.3,0,2049
901128,412.2,412.2,412.2,412.2,1,2049
901129,415.9,415.9,415.9,415.9,21,2069
901130,409,409,408,408.3,10,2064
901203,401.8,401.8,400.7,400.7,5,2059
901204,402.5,402.5,402.5,402.5,39,2066
901205,402,402,397.7,397.7,5,2066
901206,394.5,395.4,394,395.4,6,2064
901207,393.4,393.4,393.4,393.4,14,2063
901210,396.9,396.9,396.9,396.9,0,2073
901211,394.9,394.9,394.9,394.9,101,2048
901212,397,397,397,397,60,2043
901213,399,399,399,399,10,2043
901214,402.5,402.5,402.5,402.5,0,2043
901217,403.8,403.8,403.8,403.8,0,2043
901218,403.3,403.3,403.3,403.3,0,2043
901219,413.4,413.4,413.4,413.4,0,2043
901220,411.3,411.3,411.3,411.3,11,2043
901221,409,409,409,409,0,2043
901226,412.6,412.6,412.6,412.6,0,2043
901227,412.4,412.4,412.4,412.4,0,2043
901228,421.7,421.7,421.7,421.7,0,2043
901231,421.9,421.9,421.9,421.9,0,2043
910102,415.4,415.4,415.4,415.4,3,2043
910103,412.8,412.8,412.8,412.8,235,2117
910104,408,411.2,408,411.2,201,2236
910107,421.2,421.2,421.2,421.2,200,2236
910108,416.9,416.9,416.9,416.9,0,2236
910109,417.5,417.5,417.5,417.5,0,2236
910110,416.8,416.8,416.8,416.8,50,2196
910111,418,418,418,418,317,2368
910114,424.5,426.8,424.5,426.8,546,2534
910115,423.5,423.5,423.5,423.5,282,2793
910116,428,428,427.9,427.9,45,2793
910117,405,405,397.1,397.1,5,2772
910118,398,398,398,398,4,2773
910121,402.7,402.7,402.7,402.7,0,2773
910122,405,405,403.4,403.4,50,2743
910123,402,402,402,402,205,2765
910124,397,397,396.6,396.6,50,2793
910125,399.2,399.2,399.2,399.2,0,2793
910128,400.7,400.7,400.7,400.7,66,2789
910129,401,401,400.5,400.5,10,2794
910130,392.6,392.6,392.6,392.6,409,2455
910131,391,391,389.5,389.5,458,2701
910201,388.7,388.7,388.7,388.7,332,2711
910204,391.8,391.8,391.8,391.8,15,2712
910205,389.2,389.2,388.8,388.8,101,2812
910206,383.5,384.9,383.5,384.9,3,2812
910207,389.7,389.7,389.7,389.7,240,2779
910208,392.1,392.1,392.1,392.1,0,2779
910211,388.8,388.8,388.8,388.8,20,2779
910212,390,390,390,390,210,2699
910213,388.8,388.8,388.8,388.8,119,2627
910214,389.5,389.5,389.5,389.5,5,2612
910215,385.4,385.4,385.4,385.4,22,2624
910219,384,385.4,384,385.4,21,2638
910220,385.8,385.8,385.8,385.8,200,2664
910221,383.9,383.9,383.9,383.9,5,2659
910222,378.1,378.1,378.1,378.1,2,2657
910225,380.7,380.7,380.7,380.7,100,2682
910226,380.5,380.5,380.5,380.5,100,2776
910227,383.7,383.7,383.7,383.7,205,2761
910228,389.9,389.9,389.9,389.9,825,2848
910301,389.5,389.5,389.5,389.5,540,3017
910304,390.4,390.4,390.4,390.4,410,2851
910305,387.1,387.1,387.1,387.1,62,2901
910306,388.2,388.2,388.2,388.2,70,2890
910307,389,389,389,389,550,3271
910308,391.8,391.8,391.5,391.5,50,3251
910311,386.3,386.3,386.3,386.3,25,3251
910312,386.3,386.3,386.3,386.3,126,3301
910313,388.2,388.2,388.1,388.1,940,3499
910314,385.7,385.7,385.7,385.7,0,3499
910315,385.5,385.5,385.5,385.5,0,3499
910318,382,383.3,382,383.3,1,3499
910319,384.9,384.9,384.9,384.9,16,3490
910320,387,387,384,384,113,3549
910321,383.8,383.8,383.8,383.8,120,3564
910322,384,384,383.4,383.4,178,3450
910325,378.9,378.9,378.9,378.9,0,3450
910326,377.4,377.4,377.4,377.4,47,3456
910327,373.5,375.3,373.5,375.3,602,3643
910328,376.1,376.1,376.1,376.1,375,3826
910401,379,379,379,379,228,3981
910402,377.1,377.1,377.1,377.1,160,3981
910403,378.3,378.3,378.3,378.3,415,4099
910404,377.8,377.8,377.8,377.8,207,4246
910405,378,378,378,378,0,4259
910408,379.9,379.9,379.9,379.9,0,4259
910409,383,383.3,383,383.3,109,4279
910410,382.4,382.4,382.4,382.4,25,4279
910411,380.8,380.8,380.8,380.8,285,4516
910412,378.5,378.5,378.5,378.5,100,4566
910415,379,379,379,379,0,4566
910416,379,379,379,379,240,4411
910417,379.6,379.6,379.6,379.6,110,4368
910418,376.5,376.5,376.2,376.2,47,4383
910419,375.5,375.5,375.3,375.3,11,4394
910422,375.3,376,375.3,376,86,4394
910423,374.5,375.1,374.5,375.1,265,4498
910424,374.3,374.3,374.3,374.3,5,4549
910425,372,372,372,372,4,4550
910426,371.6,371.6,371.6,371.6,101,4507
910429,370.1,370.1,370.1,370.1,220,4477
910430,373.1,373.1,373.1,373.1,61,4507
910501,373.1,373.1,373.1,373.1,36,4501
910502,372,372,372,372,407,4617
910503,370.7,370.7,370.7,370.7,212,4417
910506,372,372,372,372,0,4417
910507,373.2,373.2,373.2,373.2,260,4655
910508,373.8,373.8,373.8,373.8,115,4612
910509,374.5,374.5,374.5,374.5,101,4617
910510,373.3,373.3,373.3,373.3,0,4617
910513,374.8,374.8,374.8,374.8,10,4617
910514,374.5,376.2,374.1,376.2,322,4650
910515,375.7,375.7,375.7,375.7,1,4650
910516,372,372,372,372,0,4650
910517,370.9,370.9,370.9,370.9,0,4650
910520,373,373,373,373,360,4418
910521,372.9,372.9,372.9,372.9,2,4428
910522,372.2,372.2,372.2,372.2,173,4495
910523,371.3,371.3,370.8,370.8,3,4508
910524,372.2,372.2,372.2,372.2,0,4508
910528,369.7,379.5,369.7,379.5,231,4530
910529,378.5,378.5,376.9,376.9,126,4483
910530,380,380,379.3,379.3,244,4412
910531,377.6,377.6,377.6,377.6,0,4402
910603,379.4,379.4,379.4,379.4,478,4426
910604,379,379,378.8,378.8,101,4475
910605,379.2,379.2,379.2,379.2,150,4615
910606,382,382,381.9,381.9,106,4651
910607,383.4,383.4,383.4,383.4,50,4671
910610,390,390.9,390,390.9,222,4677
910611,388,388,387.9,387.9,1,4716
910612,389,389,387,387,252,4792
910613,386.6,387,386.6,386.8,232,4893
910614,385.1,385.1,383.3,383.4,20,4917
910617,383.2,384.5,383.2,384.4,17,4922
910618,388,388,383.3,384.5,13,4914
910619,383.3,384.8,383.3,384.8,16,4918
910620,383.5,384.2,383.5,384.2,29,4917
910621,381.9,381.9,381.9,381.9,5,4917
910624,375.1,378.8,375.1,378.8,33,4939
910625,379.2,380.4,379.2,380.4,101,4925
910626,381.5,381.8,381.5,381.8,424,5310
910627,381.9,381.9,381.9,381.9,10,5320
910628,384.5,385.2,384.2,384.2,12,5320
910701,384.3,384.3,384,384,1,5320
910702,382.4,383.4,382.4,383.4,203,5322
910703,385.5,385.5,385.5,385.5,211,5317
910708,386,386,386,386,30,5316
910709,384.5,384.5,384.5,384.5,20,5316
910710,386.5,386.5,385.2,385.2,8,5324
910711,382.6,382.6,382.6,382.6,600,5899
910712,383.3,383.3,383.3,383.3,657,6056
910715,383.9,383.9,383.9,383.9,0,6056
910716,383.5,383.9,383.4,383.9,631,6134
910717,384.3,384.8,384.3,384.6,6,6100
910718,385.1,385.1,385.1,385.1,404,5922
910719,385.4,385.4,385.4,385.4,414,5884
910722,381,382.1,381,382.1,13,5890
910723,382.4,382.4,382.4,382.4,310,5996
910724,381.2,381.2,378,378.5,11,5995
910725,378.8,379.2,377,378.5,158,5982
910726,378,380.8,377,380.5,229,5992
910729,377.8,377.8,377.8,377.8,131,6056
910730,375,376.7,375,376.7,51,6042
910731,377.2,377.7,377,377.7,53,6069
910801,377.6,377.6,376.9,377.2,19,6053
910802,373.5,373.5,368,368.8,131,6080
910805,367.3,369.2,367.3,369.2,82,6157
910806,369.5,369.5,369.5,369.5,252,6207
910807,369.5,369.5,369.2,369.2,54,6296
910808,370,370.5,369.2,369.6,241,6162
910809,370.4,370.8,370.4,370.8,9,6158
910812,370.1,370.5,369.9,369.9,20,6165
910813,368.8,369,368.5,368.6,273,6283
910814,367.9,370,367,369.9,512,6154
910815,370,370,368.9,368.9,332,6296
910816,369.3,369.7,369.3,369.7,6,6296
910819,374.5,374.5,369.8,370.1,157,6334
910820,368,368.3,364.5,367.2,378,6346
910821,366.4,368.3,366.4,368.3,637,6564
910822,367.5,367.5,365.5,365.5,25,6562
910823,364.4,364.8,364.1,364.8,30,6555
910826,366.5,366.5,366.5,366.5,220,6492
910827,366.3,366.3,365.5,365.7,712,6366
910828,367.2,367.2,365,365,194,6516
910829,361.6,361.9,361.6,361.6,1064,6715
910830,358,359,355,359,570,6693
910903,358.6,359,358.6,359,284,6741
910904,359,359.2,359,359,104,6676
910905,357.4,357.4,357.4,357.4,255,6585
910906,359,359.3,358.8,359.3,518,6442
910909,360.8,361.3,360.6,361.2,45,6369
910910,361.4,361.4,360,360,507,6657
910911,354,355.4,354,355.4,1036,6349
910912,355.7,356,354.1,354.1,457,6423
910913,354,354,354,354,500,6438
910916,355.1,355.5,354.1,354.1,158,6530
910917,356.7,356.7,356,356.3,96,6586
910918,357.3,358.3,357.3,358.2,1051,7060
910919,359.7,359.8,357.9,357.9,120,7153
910920,358,358,357.7,358,741,7689
910923,359.8,360.2,359.8,360.2,12,7713
910924,362.2,363.1,361.2,363.1,25,7724
910925,362.2,362.2,362.2,362.2,12,7722
910926,361.2,361.5,359.9,359.9,251,7802
910927,357.5,358,357.1,358,409,7861
910930,362.5,363.8,362.2,363,736,8404
911001,362.8,363,362.7,363,420,8617
911002,365.7,365.7,363.8,364.3,104,8604
911003,365.5,366.6,365.3,366.3,411,8467
911004,365,367.2,364.5,367.2,235,8434
911007,366.7,369,366.7,367.4,19,8432
911008,366,366.1,365.5,365.5,852,8635
911009,366.3,367.5,366.3,367.4,143,8635
911010,368.2,368.2,366.5,366.8,3502,10161
911011,365.8,369,365.8,367.8,1628,10841
911014,367.7,367.7,366.6,366.7,183,10924
911015,365.8,366,365.4,365.4,676,11151
911016,364.6,365.9,364.5,365.9,155,11252
911017,366.5,368.3,366.1,367.9,1436,12029
911018,368.4,370.7,367.6,370.1,1147,11797
911021,371.5,373,371.5,371.6,355,11946
911022,371.4,371.8,370.4,371.7,253,11909
911023,370.4,370.7,369.8,369.8,40,11913
911024,369.3,369.5,368.7,369.4,536,12043
911025,370.4,370.5,368.1,368.1,219,12004
911028,366.4,366.7,365.2,366.2,226,12036
911029,364.2,366.5,364.2,366.4,580,12252
911030,366.9,367.1,365.8,365.8,765,12630
911031,364.1,364.8,364.1,364.6,1341,13779
911101,364,364.7,361.9,361.9,521,13666
911104,362.7,364.9,362.4,363.1,77,13651
911105,363.3,363.6,360.2,360.4,256,13644
911106,360.4,360.8,360,360.8,2554,13848
911107,361.1,361.4,359.5,359.8,233,13883
911108,359,360.2,359,360.2,522,13943
911111,360.7,361.4,360.7,361.4,556,14442
911112,361.6,362.6,361.4,361.9,105,14479
911113,363.2,363.2,361.7,362.5,488,14704
911114,361.6,361.8,360.8,360.8,1550,14620
911115,361.2,366.2,361.1,365.4,732,15298
911118,366,368.3,366,366.8,1130,15871
911119,367,370.8,367,369.8,2275,16614
911120,369.3,370.9,368.7,370.2,810,16901
911121,369.7,376.5,369.5,374.1,1939,17117
911122,374.5,375.8,373.3,375,1575,17654
911125,374.4,375.5,373.7,373.8,785,17874
911126,372.7,373.5,371.3,371.8,1043,18000
911127,372.2,374.5,372.2,373.7,2695,18704
911129,372.3,374,371.9,373.5,1621,18931
911202,373.8,374.9,372.2,372.4,1108,19527
911203,369.7,370.5,368.2,368.8,791,19603
911204,371.3,371.5,370.1,370.4,2136,19082
911205,371.4,372.8,369.3,372.5,1211,19238
911206,373,375.7,372.9,374.3,779,19567
911209,376.5,377.2,373.7,373.9,1616,20234
911210,375,375.4,373.2,373.4,499,20510
911211,371.8,372.3,370.2,370.9,1200,19958
911212,371,371.2,360.6,362.2,2917,20615
911213,362.4,363.9,361.6,363.6,1009,20394
911216,364.3,364.5,363,363.2,469,20433
911217,361.3,362,360.3,361.4,491,20453
911218,363.1,363.5,361.3,363.1,2027,20300
911219,362.1,362.8,361.3,361.4,1312,20283
911220,360,363.5,359,362.5,1348,20021
911223,362.9,364.8,362.8,363.2,815,20185
911224,362.9,363.5,362.7,362.9,371,20388
911226,360.5,361.1,358,358.3,2123,20944
911227,358,358.5,355.7,357.4,1111,21336
911230,356.6,356.9,354.3,356.2,2114,21357
911231,356.6,357.6,355.8,357.5,785,21514
920102,353,355.7,353,355.4,1695,21597
920103,356.2,357,353.5,353.7,1667,21073
920106,353.8,354.2,350.7,352.5,4229,19858
920107,352.3,353,352,352.7,1751,19777
920108,353.5,354.1,352.8,353.5,4669,19134
920109,354.2,361,353.8,359.4,3940,19161
920110,359.5,362.8,358.7,358.9,1472,18934
920113,357,357.6,356,356.5,1280,19177
920114,355.4,358.6,355.2,357.3,2629,20208
920115,358.5,359.2,356.5,356.8,2705,21316
920116,356.1,361,356.1,359,8126,24878
920117,360,360.3,356.1,356.5,2956,25606
920120,358.2,363.8,358.2,360.2,5939,28176
920121,359.9,361.1,358.8,360.4,4671,29319
920122,359.7,360.5,358.4,360.3,5941,31488
920123,356,358.9,356,356.9,4289,32336
920124,355.2,357.5,354,356.7,10143,34347
920127,358,359.3,356.6,357,8179,37495
920128,358.3,359,357,357.9,9189,39518
920129,357.3,359.1,356.8,358.2,16624,43283
920130,358.8,359.8,355,355.6,32054,49550
920131,355.2,361.3,354.6,358.9,40310,53655
920203,359.4,359.8,357.8,358.4,15922,52493
920204,358.2,358.7,357.4,357.9,9150,51765
920205,357.1,357.5,355.3,357.3,19018,51511
920206,358.4,358.8,356.9,357.4,16152,51857
920207,357.2,359,356.2,356.5,22168,53598
920210,356.4,358.2,356,357.4,13234,54158
920211,356.7,359,356.7,357.8,16176,54967
920212,358.5,360.5,358.4,359.6,24047,56396
920213,358.3,359.2,356.3,357.3,24032,54423
920214,356.8,357.5,354.4,355.1,30713,51844
920218,354.2,355.2,353,354.7,26830,55326
920219,354.2,355.3,353.8,354.5,10853,56468
920220,354.8,355.3,354.2,354.7,8518,56469
920221,352.8,353.5,351.5,352.5,23599,59169
920224,350.2,351.5,350.2,351.1,16567,58729
920225,351.8,352.4,350.5,350.6,13977,59286
920226,349.8,350.9,349.4,350.8,15109,57589
920227,351.9,356.6,351.8,355,32568,54744
920228,354.3,354.7,354,354.1,6617,53506
920302,351.3,352.6,351.1,352.5,14152,52106
920303,352.1,353,351.2,351.4,10852,52518
920304,350.9,351.8,350.3,351.6,10634,52393
920305,350.4,352.5,350.2,352.3,19618,52992
920306,352.3,352.5,349.2,350.3,25665,54739
920309,349.4,350.2,348.3,349.7,13502,54476
920310,349.3,350.3,348.8,349.8,17073,52675
920311,350,351.5,349.6,351.4,15657,54137
920312,349.3,349.8,347,348,28185,55594
920313,347.9,348.3,347.2,347.3,11665,56873
920316,345.8,346,342.1,343.9,46691,59908
920317,337.5,341,337.3,340.6,27667,59981
920318,340.9,341.7,338.7,338.8,19058,56975
920319,337.1,339.9,336.3,339.1,31025,50552
920320,338.3,339.8,338.2,338.5,15676,48135
920323,338.3,339.2,338.3,338.5,10004,44617
920324,338.5,339.9,338.2,339.8,15490,40306
920325,340.9,343.3,340.9,341.3,21400,33768
920326,340.7,341.6,340.5,341.1,10259,29693
920327,340.6,342.8,339.8,342.5,23664,22232
920330,343,343.6,341.7,341.9,19775,13739
920331,342.1,345.1,341.7,343.7,4717,7572
920401,344.5,345,342.8,342.9,1596,5450
920402,340.5,341.6,340.1,340.9,1462,4717
920403,341,341.6,340.5,341.2,1256,3233
920406,341,341,339.3,340.4,663,2702
920407,338.5,339.3,337.8,338.7,348,2497
920408,338.5,339,337.5,337.9,255,2335
920409,339.3,339.5,338.8,339.5,173,2224
920410,341.5,342.5,341,341.1,327,2099
920413,342,342,339.2,339.2,85,2052
920414,339.3,339.7,339,339.5,189,2004
920415,340,340,336,336,109,1881
920416,336.7,337.4,336.7,337.4,220,1772
920420,336.9,337.4,336.3,336.9,168,1684
920421,338.9,341.3,338.8,341.1,290,1495
920422,339,339.7,339,339.3,128,1358
920423,339,339.4,338.2,338.7,316,1134
920424,337.2,337.3,336.5,336.9,465,1140
920427,336.2,337,336,336.6,164,909
920428,338.2,338.2,336.9,336.9,615,359
