910114,438.7,438.7,438.7,438.7,60,160
910115,434.4,434.4,434.4,434.4,0,0
910116,438.8,438.8,438.8,438.8,0,160
910117,410.8,410.8,407.8,407.8,305,142
910118,408.7,408.7,408.7,408.7,0,142
910121,413.4,413.4,413.4,413.4,0,147
910122,414.2,414.2,414.2,414.2,0,142
910123,412.8,412.8,412.8,412.8,0,142
910124,407.4,407.4,407.4,407.4,0,142
910125,410,410,410,410,0,142
910128,411.7,411.7,411.7,411.7,0,142
910129,411.8,411.8,411.8,411.8,0,142
910130,403.9,403.9,403.9,403.9,0,142
910131,401,401,401,401,0,142
910201,399.7,399.7,399.7,399.7,0,142
910204,402.8,402.8,402.8,402.8,0,142
910205,400.1,400.1,400.1,400.1,0,142
910206,396.1,396.1,396.1,396.1,0,142
910207,400.9,400.9,400.9,400.9,0,142
910208,403.3,403.3,403.3,403.3,0,142
910211,401.5,401.5,400,400,23,160
910212,401.2,401.2,401.2,401.2,0,160
910213,399.7,399.7,399.7,399.7,0,160
910214,400.4,400.4,400.4,400.4,0,160
910215,396.3,396.3,396.3,396.3,0,160
910219,396.3,396.3,396.3,396.3,0,160
910220,396.7,396.7,396.7,396.7,0,160
910221,394.8,394.8,394.8,394.8,0,160
910222,389,389,389,389,0,160
910225,391.6,391.6,391.6,391.6,10,169
910226,391.4,391.4,391.4,391.4,0,169
910227,394.7,394.7,394.7,394.7,0,169
910228,401.4,401.4,401.4,401.4,0,169
910301,401.2,401.2,401.2,401.2,0,169
910304,402.2,402.2,402.2,402.2,0,169
910305,398.9,398.9,398.9,398.9,5,169
910306,400.2,400.2,400.2,400.2,0,169
910307,400.8,400.8,400.8,400.8,0,169
910308,403.3,403.3,403.3,403.3,0,169
910311,398.2,398.2,398.2,398.2,0,169
910312,398.2,398.2,398.2,398.2,7,176
910313,399.9,399.9,399.9,399.9,0,176
910314,397.2,397.2,397.2,397.2,0,176
910315,397,397,397,397,0,176
910318,394.7,394.7,394.7,394.7,0,176
910319,396.6,396.6,396.6,396.6,0,176
910320,395.8,395.8,395.8,395.8,5,181
910321,395.6,395.6,395.6,395.6,0,181
910322,395,395,395,395,0,181
910325,390.4,390.4,390.4,390.4,0,181
910326,388.9,388.9,388.9,388.9,0,181
910327,386.5,386.5,386.5,386.5,6,187
910328,387.3,387.3,387.3,387.3,100,287
910401,390.2,390.2,390.2,390.2,100,355
910402,388.4,388.4,388.4,388.4,0,355
910403,389.4,389.4,389.4,389.4,4,351
910404,388.9,388.9,388.9,388.9,0,351
910405,389.1,389.1,389.1,389.1,0,351
910408,391,391,391,391,3,354
910409,394.4,394.4,394.4,394.4,0,354
910410,393,393.5,393,393.5,16,369
910411,391.9,391.9,391.9,391.9,5,369
910412,389.4,389.4,389.4,389.4,0,374
910415,389.9,389.9,389.9,389.9,0,374
910416,390,390,390,390,0,374
910417,390.7,390.7,390.7,390.7,0,374
910418,387.3,387.3,387.3,387.3,0,374
910419,386.5,386.5,386.5,386.5,0,374
910422,387.2,387.2,387.2,387.2,0,374
910423,386.2,386.2,386.2,386.2,30,404
910424,385.5,385.5,385.5,385.5,30,404
910425,383.2,383.2,383.2,383.2,42,404
910426,382.9,382.9,382.9,382.9,120,413
910429,381.2,381.2,381.2,381.2,20,413
910430,383.9,383.9,383.9,383.9,169,245
910501,383.9,383.9,383.9,383.9,0,245
910502,382.7,382.7,382.7,382.7,0,245
910503,381.4,381.4,381.4,381.4,40,252
910506,382.7,382.7,382.7,382.7,40,279
910507,384,384,384,384,0,279
910508,384.7,384.7,384.7,384.7,0,279
910509,385.4,385.4,385.4,385.4,0,279
910510,383.9,383.9,383.9,383.9,0,279
910513,385.4,385.4,385.4,385.4,20,259
910514,386.7,386.7,386.7,386.7,13,246
910515,386.2,386.2,386.2,386.2,0,246
910516,382.5,382.5,382.5,382.5,0,246
910517,381.4,381.4,381.4,381.4,0,246
910520,383.5,383.5,383.5,383.5,0,246
910521,383.4,383.4,383.4,383.4,10,246
910522,382.8,382.8,382.8,382.8,0,246
910523,381.4,381.4,381.4,381.4,0,246
910524,382.8,382.8,382.8,382.8,0,246
910528,390,390,390,390,120,246
910529,387.2,387.2,387.2,387.2,160,463
910530,389.7,389.7,389.7,389.7,0,463
910531,388,388,388,388,4,463
910603,390,390,390,390,13,472
910604,389.4,389.4,389.4,389.4,0,472
910605,389.8,389.8,389.8,389.8,0,472
910606,392.7,392.7,392.7,392.7,30,502
910607,394.3,394.3,394.3,394.3,0,502
910610,402.3,402.3,402.3,402.3,640,642
910611,399.1,399.1,399.1,399.1,289,552
910612,398,398,398,398,220,718
910613,397.8,397.8,397.8,397.8,200,829
910614,394.2,394.2,394.2,394.2,10,829
910617,395.2,395.2,395.2,395.2,0,828
910618,395.3,395.3,395.3,395.3,88,755
910619,395.6,395.6,395.6,395.6,117,758
910620,395,395,395,395,0,768
910621,392.6,392.6,392.6,392.6,0,768
910624,389.5,389.5,389.5,389.5,0,768
910625,391.3,391.3,391.3,391.3,0,768
910626,392.7,392.7,392.7,392.7,0,768
910627,392.8,392.8,392.8,392.8,104,814
910628,395.1,395.1,395.1,395.1,0,814
910701,394.9,394.9,394.9,394.9,0,814
910702,394.2,394.2,394.2,394.2,0,814
910703,396.3,396.3,396.3,396.3,20,818
910708,396.9,396.9,396.9,396.9,10,818
910709,395.3,395.3,395.3,395.3,320,1068
910710,396,396,396,396,10,1076
910711,393.4,393.4,393.4,393.4,0,1086
910712,394,394,394,394,0,1086
910715,394.6,394.6,394.6,394.6,0,1086
910716,394.7,394.7,394.7,394.7,0,1086
910717,395.4,395.4,395.4,395.4,0,1086
910718,395.9,395.9,395.9,395.9,0,1086
910719,396.3,396.3,396.3,396.3,0,1086
910722,393,393,393,393,0,1086
910723,393.3,393.3,393.3,393.3,0,1086
910724,389.3,389.3,389.3,389.3,0,1086
910725,389.2,389.2,389.2,389.2,0,1086
910726,391.2,391.2,391.2,391.2,10,1076
910729,389.7,389.7,388.5,388.5,1,1077
910730,387.3,387.3,387.3,387.3,70,1077
910731,388.3,388.3,388.3,388.3,47,1062
910801,387.9,387.9,387.9,387.9,10,1072
910802,379,379,379,379,1,1073
910805,379.4,379.4,379.4,379.4,0,1073
910806,379.3,379.3,379.3,379.3,101,1065
910807,379,379,379,379,0,1065
910808,379.4,379.4,379.4,379.4,107,1072
910809,380.6,380.6,380.6,380.6,0,1065
910812,379.7,379.7,379.7,379.7,9,1065
910813,378.3,378.3,378.3,378.3,4,1075
910814,379.6,379.6,379.6,379.6,101,1065
910815,378.6,378.6,378.6,378.6,0,1065
910816,379.4,379.4,379.4,379.4,0,1065
910819,379.4,379.4,379.4,379.4,0,1065
910820,376.5,376.5,376.5,376.5,11,1065
910821,377.9,377.9,377.9,377.9,30,1065
910822,375,375,375,375,0,1095
910823,374.3,374.3,374.3,374.3,35,1095
910826,376.1,376.1,376.1,376.1,0,1095
910827,375.3,375.3,375.3,375.3,0,1095
910828,374.3,374.3,374.3,374.3,0,1095
910829,370.8,370.8,370.8,370.8,0,1095
910830,367.8,368.4,367.8,368.4,73,1125
910903,368.4,368.4,368.4,368.4,0,1125
910904,368.4,368.4,368.4,368.4,0,1125
910905,366.6,366.8,366.6,366.8,1,1126
910906,368.7,368.7,368.7,368.7,0,1126
910909,370.6,370.6,370.6,370.6,20,1126
910910,369.2,369.2,369.2,369.2,100,1083
910911,364.5,364.5,364.5,364.5,0,1083
910912,364.2,364.2,363.1,363.1,12,1085
910913,363,363,363,363,0,1085
910916,364.3,365,363.2,363.2,13,1086
910917,365,365.4,365,365.4,12,1094
910918,367.4,367.4,367.4,367.4,320,1258
910919,367.1,367.1,367.1,367.1,0,1258
910920,367.2,367.2,367.2,367.2,0,1258
910923,369.4,369.4,369.4,369.4,0,1258
910924,372.3,372.3,372.3,372.3,0,1258
910925,371.4,371.4,371.4,371.4,0,1258
910926,369.1,369.1,369.1,369.1,40,1263
910927,366.9,366.9,366.9,366.9,2,1261
910930,371.9,371.9,371.9,371.9,150,1211
911001,371.9,371.9,371.9,371.9,420,1354
911002,373.2,373.2,373.2,373.2,0,1354
911003,375,375,375,375,280,1624
911004,375.7,375.7,375.7,375.7,120,1604
911007,375.9,375.9,375.9,375.9,0,1604
911008,374,374,374,374,0,1604
911009,375.9,375.9,375.9,375.9,50,1604
911010,375.2,375.2,375.2,375.2,22,1604
911011,376.2,376.2,376.2,376.2,50,1604
911014,375.5,375.5,374.9,374.9,111,1513
911015,373.5,373.5,373.5,373.5,228,1384
911016,374,374,374,374,0,1384
911017,376.2,376.2,376.2,376.2,0,1384
911018,378.6,378.6,378.6,378.6,90,1437
911021,380.1,380.1,380.1,380.1,0,1437
911022,380.3,380.3,380.3,380.3,0,1437
911023,378.3,378.3,378.3,378.3,30,1443
911024,377.8,377.8,377.8,377.8,0,1443
911025,376.5,376.5,376.5,376.5,0,1443
911028,374.6,374.6,374.6,374.6,202,1595
911029,374.5,374.5,374.5,374.5,200,1519
911030,373.9,373.9,373.9,373.9,830,2021
911031,372.6,372.6,372.6,372.6,70,2082
911101,369.8,369.8,369.8,369.8,260,2052
911104,370.9,370.9,370.9,370.9,210,2042
911105,368.3,368.3,368.3,368.3,84,2061
911106,368.5,368.6,368.5,368.6,32,2062
911107,367.6,367.6,367.6,367.6,0,2062
911108,368,368,368,368,0,2062
911111,369.2,369.2,369.2,369.2,0,2062
911112,369.7,369.7,369.7,369.7,0,2062
911113,370.3,370.3,370.3,370.3,0,2062
911114,369.3,369.3,368.5,368.5,11,2062
911115,373.1,373.1,373.1,373.1,6,2068
911118,374.5,374.5,374.5,374.5,1,2067
911119,377,377.5,377,377.5,1,2067
911120,378,378,378,378,0,2067
911121,381.8,381.8,381.8,381.8,0,2067
911122,382.6,382.6,382.6,382.6,1,2068
911125,382.1,382.1,381.4,381.4,1,2067
911126,379.3,379.3,379.3,379.3,0,2067
911127,381.3,381.3,381.3,381.3,0,2067
911129,381,381,381,381,0,2067
911202,380,380,380,380,0,2067
911203,376.2,376.2,376.2,376.2,7,2073
911204,377.8,377.8,377.8,377.8,0,2073
911205,379.9,379.9,379.9,379.9,0,2073
911206,381.4,381.4,381.4,381.4,0,2073
911209,383.4,383.4,381,381,33,2073
911210,380.5,380.5,380.5,380.5,0,2073
911211,377.9,377.9,377.9,377.9,172,2091
911212,369,369,369,369,374,2125
911213,370.5,370.5,370.5,370.5,0,2125
911216,370.1,370.1,370.1,370.1,0,2125
911217,368.2,368.2,368.2,368.2,4,2123
911218,370,370,370,370,0,2123
911219,368.7,368.7,368.3,368.3,2,2123
911220,369,369,369,369,0,2123
911223,369.6,369.6,369.6,369.6,0,2123
911224,369.3,369.3,369.3,369.3,0,2123
911226,366.6,366.6,364.7,364.7,4,2124
911227,363.7,363.7,363.7,363.7,0,2124
911230,362,362.5,362,362.5,1,2124
911231,363,363.8,363,363.8,2,2125
920102,361.5,361.5,361.5,361.5,40,2095
920103,360.3,360.3,359.8,359.8,539,1965
920106,358.5,358.5,358.5,358.5,114,1857
920107,358.5,358.7,358.5,358.7,3,1857
920108,359.3,359.4,359.3,359.4,5,1858
920109,365.5,366,365.4,365.4,3,1861
920110,365.2,365.2,365.2,365.2,16,1855
920113,363.6,363.6,362.7,362.7,2,1855
920114,361.5,363.7,361.5,363.7,91,1932
920115,365,365.3,363.3,363.3,113,1960
920116,366.8,366.8,365.6,365.6,14,1965
920117,362.9,362.9,362.9,362.9,4,1963
920120,366.8,366.8,366.8,366.8,0,1963
920121,366.9,366.9,366.9,366.9,176,2041
920122,366.6,366.8,366.6,366.8,2,2041
920123,363.9,363.9,363.3,363.3,18,2041
920124,363.2,363.2,363.2,363.2,250,2289
920127,363.4,363.4,363.4,363.4,20,2289
920128,364.3,364.3,364.3,364.3,13,2279
920129,364.5,364.5,364.5,364.5,10,2289
920130,364.5,364.5,362,362,31,2282
920131,365.3,365.3,365.3,365.3,6,2276
920203,364.3,364.7,364.3,364.7,4,2276
920204,364.6,364.6,364.1,364.2,44,2298
920205,363.4,363.4,363,363.4,11,2299
920206,363.6,363.6,363.5,363.5,8,2294
920207,363.8,363.8,362.3,362.3,61,2313
920210,363.5,363.5,363.2,363.2,1,2308
920211,363.7,363.7,363.7,363.7,214,2248
920212,366,366,365.7,365.7,64,2282
920213,364.6,364.9,363.5,363.5,57,2291
920214,361.4,361.4,361.4,361.4,2,2289
920218,359.2,361,359.2,361,31,2291
920219,360.8,360.8,360.8,360.8,64,2302
920220,361,361.6,361,361,10,2297
920221,359.1,359.1,359.1,359.1,160,2297
920224,357.5,358,357.1,357.8,9,2292
920225,358,358.8,356.8,357.2,225,2440
920226,356.4,357.5,356.2,357.5,2596,4221
920227,359,361.8,359,361.6,115,4248
920228,360.7,360.7,360.7,360.7,21,4248
920302,358,359.2,358,359.2,36,4248
920303,358.2,358.2,358.2,358.2,6,4249
920304,358.1,358.4,358.1,358.4,4,4250
920305,359.2,359.2,359.2,359.2,0,4250
920306,357.7,357.7,357,357.1,9,4249
920309,355.8,356.5,355.8,356.5,5,4252
920310,356.3,356.6,356.2,356.6,54,4258
920311,357.2,358.2,357.2,358.2,282,4268
920312,355.2,355.2,354,354.8,2445,2485
920313,354.6,354.6,354,354.2,372,2276
920316,351.5,351.5,349.1,350.9,1958,3184
920317,345,347.6,343.5,347.6,2031,2355
920318,348,348,345.7,345.7,24,2369
920319,343.8,345.9,343.8,345.9,64,2419
920320,345.3,345.3,345.3,345.3,108,2352
920323,345.1,345.1,345.1,345.1,257,2221
920324,345.1,346.4,345.1,346.4,497,2425
920325,347.7,347.8,347.7,347.8,67,2434
920326,347.2,348,347,347.5,167,2361
920327,348.7,348.8,348.7,348.8,10,2360
920330,348.2,348.2,348.2,348.2,7,2397
920331,348.5,351,348.4,349.9,227,2346
920401,351.2,351.2,349,349,204,2392
920402,346.7,346.7,346.7,346.7,50,2402
920403,346.9,346.9,346.9,346.9,1,2402
920406,345,346,345,346,25,2403
920407,345,345,344,344.3,191,2507
920408,343.8,343.8,343.5,343.5,3,2507
920409,344,344.9,344,344.9,49,2514
920410,347.8,347.8,346.5,346.5,102,2524
920413,347.2,347.2,344.5,344.5,100,2555
920414,344.1,344.7,344.1,344.6,201,2449
920415,344.5,345,340.5,340.8,43,2455
920416,341.7,342.1,341.6,342.1,22,2456
920420,341.4,341.7,341.1,341.7,117,2427
920421,343.2,345.8,343.2,345.6,275,2499
920422,343.5,343.7,343.5,343.7,19,2499
920423,343.5,343.8,343.2,343.2,5,2496
920424,342,342,341.4,341.4,105,2500
920427,341,341,341,341,0,2500
920428,341.4,341.4,341,341,235,2603
920429,339.7,340.5,339,340.2,18,2597
920430,341.7,341.7,341.7,341.7,0,2597
920501,342.3,343,342.1,343,13,2593
920504,341,341.7,341,341.3,23,2610
920505,341.4,341.4,341.4,341.4,16,2624
920506,341,341.1,341,341.1,94,2656
920507,340,340,339.3,339.3,145,2707
920508,339,340.2,339,339.6,23,2699
920511,340.2,340.3,340,340.3,19,2717
920512,339.1,339.1,338.5,338.9,181,2846
920513,339,339.4,339,339.2,30,2870
920514,340.7,342,340.5,341.6,140,2982
920515,342.5,343,342.2,342.3,876,2990
920518,342.6,342.9,342.6,342.6,404,3323
920519,344.6,344.6,341.5,341.5,50,3327
920520,341.8,341.8,340.9,341.8,38,3363
920521,340.9,341.3,340.9,340.9,316,3363
920522,341.8,341.9,341.5,341.6,226,3461
920526,341.4,342,341.4,341.9,91,3495
920527,342.8,342.9,341.8,341.8,259,3619
920528,340.6,341,340,340.8,365,3791
920529,341.3,341.5,340.2,340.2,158,3857
920601,340.5,341.5,340.5,341.5,300,3975
920602,342.7,343.2,342.7,343.1,42,4003
920603,344.2,344.3,342.5,342.5,50,4007
920604,342.3,343.1,342.3,342.5,133,4015
920605,342.6,343,342.4,342.6,669,4051
920608,342.8,343,342,342,52,4058
920609,341.9,342.2,341.6,342.1,79,4068
920610,342,342,341.6,341.7,406,4258
920611,341.8,344.5,341.8,344.2,394,4549
920612,344.4,347.5,343.1,346.6,561,4519
920615,346.8,347.3,346.1,346.8,189,4598
920616,346,346.3,345.8,345.9,293,4595
920617,346.5,346.6,344.8,344.8,174,4554
920618,344.8,346.5,344.7,346,208,4563
920619,348.4,348.7,343.8,344.2,241,4478
920622,345.7,347,345.7,347,142,4517
920623,347.7,348.3,347.6,347.8,163,4574
920624,347.2,347.2,345.5,346.1,300,4528
920625,346.4,347,346.1,346.4,414,4199
920626,346.8,347,345.3,345.7,266,4243
920629,345.3,347.1,344.7,346.9,197,4282
920630,346.9,346.9,346.2,346.2,117,4311
920701,346.8,347.6,346.2,347.4,172,4294
920702,348.6,351.2,348.6,349.3,725,4089
920706,349.3,350,348.7,349.2,579,4045
920707,348,348.8,347.6,348.8,173,4049
920708,350.2,351,349.6,350.1,505,4117
920709,349.8,351.1,349.7,351.1,360,4194
920710,352.5,352.9,350.5,350.7,869,4051
920713,350.9,351.5,350.9,351.5,71,4069
920714,352.8,353.7,351.9,353.5,759,3910
920715,353.9,356.6,353.2,356.4,893,3962
920716,355.9,356,354.8,354.9,1668,4566
920717,354.9,361.4,354.9,359.7,1538,5035
920720,361,362.9,360,361.3,1680,5393
920721,360.1,360.8,359.3,359.9,2331,5888
920722,359.7,362.6,359.7,361.1,917,6241
920723,362.4,362.8,360.2,360.7,1172,6807
920724,361.2,361.5,359,361.2,2518,7094
920727,360.2,360.6,359.6,359.9,1104,7219
920728,360.8,362,360.1,360.9,1746,7831
920729,359.7,360.5,357.5,358.4,1251,7903
920730,358.2,358.9,358,358.6,2481,8498
920731,359,359.9,359,359.4,884,8416
920803,358.3,358.7,353.6,354.5,897,8340
920804,354,354.9,354,354.5,751,8130
920805,351.5,352.4,350,350.9,1223,8067
920806,350.3,350.8,349.5,350.7,601,7944
920807,350.4,352.8,350.2,352,1118,7561
920810,352.2,352.8,351.4,352.1,353,7675
920811,349.7,350.3,348.8,349,855,7690
920812,347,349,338.7,340.1,1275,7517
920813,340,340.3,334,335.4,3536,7318
920814,336,337.1,335.8,336.1,1994,7174
920817,337.5,338.5,337.5,338.2,578,7123
920818,337,337.6,336.3,337.1,571,7136
920819,339.5,339.8,338.8,339.2,453,7048
920820,337.6,338.9,337.6,338.7,637,6961
920821,337.2,338.7,337.2,338.5,490,6726
920824,342.9,343.5,342.2,342.7,1394,6827
920825,341.2,342.5,341.2,341.7,370,6824
920826,340.2,341.8,339,339.3,792,6801
920827,340,340.4,339.6,340.1,340,6794
920828,340.8,341,340.3,340.8,177,6709
920831,341.5,345.3,341.4,343.6,852,6712
920901,343.7,343.8,341.2,341.7,215,6662
920902,341.5,341.7,338.8,339.4,392,6644
920903,339.6,343,339.3,341.7,456,6585
920904,341.9,343.9,341.8,342.2,448,6421
920908,342.7,343.3,342.5,343.1,1071,6111
920909,343.9,344.3,342.2,342.7,367,6108
920910,342.4,343,342.4,342.7,274,6164
920911,341.7,341.7,340.2,341.4,2613,5702
920914,344.7,350,344.3,347.3,875,5418
920915,346.5,347.1,346.2,346.9,1209,4946
920916,348.2,350.5,348,350.2,661,4727
920917,349,349.4,348.2,348.3,894,4340
920918,348.8,353,347.9,351.5,287,4304
920921,348.8,349.6,347,347.8,123,4241
920922,346.5,351,346.5,349.1,647,3868
920923,348.2,349.8,348.1,348.8,306,3803
920924,348.6,349.6,348.1,349.4,129,3757
920925,349,350,349,349.5,445,3523
920928,347.8,348.4,347.7,347.8,623,3105
920929,347.3,348.5,347,348.2,1394,3366
920930,348.8,349.4,347.7,347.8,447,779
921001,348.1,348.2,347.3,347.5,248,451
921002,347.1,348.1,347.1,348.1,77,297
921005,349,350.8,349,350.5,8,276
921006,350.4,350.4,350.1,350.1,64,266
921007,350.7,351,350.5,351,18,225
921008,350.5,351,349.9,349.9,66,215
921009,350.4,351,350.2,350.4,42,213
921012,346.2,346.8,345.2,345.2,110,120
921013,343.4,344,343.4,344,28,82
921014,343.3,344.2,342.8,342.8,38,56
921015,341.3,341.7,341,341,8,41
921016,341.8,342.4,341.8,342.4,10,36
921019,342.5,343,342.5,342.7,9,36
921020,343.8,344,343.8,343.8,18,36
921021,344.4,344.4,344.1,344.1,4,22
921022,343.1,343.1,343.1,343.1,0,19
921023,343.8,343.8,343.6,343.6,27,19
921026,341.2,342,340.5,341.1,23,19
921027,338,338.5,337.4,337.4,3,18
921028,338.3,339.4,338.3,339.4,3,18
