910606,441.3,441.3,441.3,441.3,0,0
910607,442.9,442.9,442.9,442.9,0,0
910610,451.5,451.5,451.5,451.5,0,0
910611,448.4,448.4,448.4,448.4,0,0
910612,447.3,447.3,447.3,447.3,0,0
910613,447.1,447.1,447.1,447.1,0,0
910614,443.5,443.5,443.5,443.5,0,0
910617,444.5,444.5,444.5,444.5,0,0
910618,444.3,444.3,444.3,444.3,0,0
910619,444.6,444.6,444.6,444.6,0,0
910620,444,444,444,444,0,0
910621,441.6,441.6,441.6,441.6,0,0
910624,438.5,438.5,438.5,438.5,0,0
910625,440.3,440.3,440.3,440.3,0,0
910626,441.7,441.7,441.7,441.7,0,0
910627,441.8,441.8,441.8,441.8,0,0
910628,444.1,444.1,444.1,444.1,0,0
910701,443.9,443.9,443.9,443.9,0,0
910702,443.1,443.1,443.1,443.1,0,0
910703,445.2,445.2,445.2,445.2,0,0
910708,446.1,446.1,446.1,446.1,0,0
910709,444.8,444.8,444.8,444.8,0,0
910710,445.6,445.6,445.6,445.6,0,0
910711,443,443,443,443,0,0
910712,443.6,443.6,443.6,443.6,0,0
910715,444.1,444.1,444.1,444.1,0,0
910716,444.2,444.2,444.2,444.2,0,0
910717,444.9,444.9,444.9,444.9,0,0
910718,446.3,446.3,446.3,446.3,0,0
910719,446.6,446.6,446.6,446.6,0,0
910722,443.3,443.3,443.3,443.3,0,0
910723,443.6,443.6,443.6,443.6,0,0
910724,443.3,443.3,443.3,443.3,0,0
910725,442.2,442.2,442.2,442.2,0,0
910726,444.2,444.2,444.2,444.2,0,0
910729,441.3,441.3,441.3,441.3,0,0
910730,440.1,440.1,440.1,440.1,0,0
910731,441.1,441.1,441.1,441.1,0,0
910801,440.7,440.7,440.7,440.7,0,0
910802,430,430,430,430,0,0
910805,430.2,430.2,430.2,430.2,0,0
910806,429.3,429.3,429.3,429.3,0,0
910807,429,429,429,429,0,0
910808,429.3,429.3,429.3,429.3,0,0
910809,430.5,430.5,430.5,430.5,0,0
910812,429.6,429.6,429.6,429.6,0,0
910813,428.1,428.1,428.1,428.1,0,0
910814,429.4,429.4,429.4,429.4,0,0
910815,428,428,428,428,0,0
910816,428.8,428.8,428.8,428.8,0,0
910819,427.4,427.4,427.4,427.4,0,0
910820,424.4,424.4,424.4,424.4,0,0
910821,425.9,425.9,425.9,425.9,0,0
910822,422.8,422.8,422.8,422.8,0,0
910823,422.4,422.4,422.4,422.4,0,0
910826,424.2,424.2,424.2,424.2,0,0
910827,423.4,423.4,423.4,423.4,0,0
910828,422.2,422.2,422.2,422.2,0,0
910829,418.4,418.4,418.4,418.4,0,0
910830,416.2,416.2,416.2,416.2,0,0
910903,416.2,416.2,416.2,416.2,0,0
910904,416.2,416.2,416.2,416.2,0,0
910905,414.6,414.6,414.6,414.6,0,0
910906,416.5,416.5,416.5,416.5,0,0
910909,418.4,418.4,418.4,418.4,0,0
910910,417,417,417,417,0,0
910911,412.3,412.3,412.3,412.3,0,0
910912,410.9,410.9,410.9,410.9,0,0
910913,410.8,410.8,410.8,410.8,0,0
910916,410.9,410.9,410.9,410.9,0,0
910917,412.6,412.6,412.6,412.6,0,0
910918,414.5,414.5,414.5,414.5,0,0
910919,414.6,414.6,414.6,414.6,0,0
910920,414.7,414.7,414.7,414.7,0,0
910923,416.9,416.9,416.9,416.9,0,0
910924,419.8,419.8,419.8,419.8,0,0
910925,418.2,418.2,418.2,418.2,0,0
910926,415.9,415.9,415.9,415.9,0,0
910927,413.3,413.3,413.3,413.3,0,0
910930,417.9,417.9,417.9,417.9,0,0
911001,417.8,417.8,417.8,417.8,0,0
911002,419.1,419.1,419.1,419.1,0,0
911003,420.6,420.6,420.6,420.6,0,0
911004,420,420,420,420,0,0
911007,420.2,420.2,420.2,420.2,0,0
911008,418.3,418.3,418.3,418.3,0,0
911009,420.2,420.2,420.2,420.2,0,0
911010,419.5,419.5,419.5,419.5,0,0
911011,420.5,420.5,420.5,420.5,0,0
911014,419.2,419.2,419.2,419.2,0,0
911015,417.7,417.7,417.7,417.7,0,0
911016,418.2,418.2,418.2,418.2,0,0
911017,420.8,420.8,420.8,420.8,0,0
911018,423.4,423.4,423.4,423.4,0,0
911021,424.9,424.9,424.9,424.9,0,0
911022,425.2,425.2,425.2,425.2,0,0
911023,423.2,423.2,423.2,423.2,0,0
911024,422.5,422.5,422.5,422.5,0,0
911025,421.4,421.4,421.4,421.4,0,0
911028,419.3,419.3,419.3,419.3,0,0
911029,419.1,419.1,419.1,419.1,0,0
911030,418.4,418.4,418.4,418.4,0,0
911031,416.9,416.9,416.9,416.9,0,0
911101,413.8,413.8,413.8,413.8,0,0
911104,414.9,414.9,414.9,414.9,0,0
911105,412.2,412.2,412.2,412.2,0,0
911106,412.3,412.3,412.3,412.3,0,0
911107,411.3,411.3,411.3,411.3,0,0
911108,411.7,411.7,411.7,411.7,0,0
911111,412.9,412.9,412.9,412.9,0,0
911112,413.4,413.4,413.4,413.4,0,0
911113,414,414,414,414,0,0
911114,411.6,411.6,411.6,411.6,0,0
911115,416.2,416.2,416.2,416.2,0,0
911118,417.5,417.5,417.5,417.5,0,0
911119,420.5,420.5,420.5,420.5,0,0
911120,421,421,421,421,0,0
911121,424.5,424.5,424.5,424.5,0,0
911122,425.2,425.2,425.2,425.2,0,0
911125,424,424,424,424,0,0
911126,421.6,421.6,421.6,421.6,0,0
911127,423.6,423.6,423.6,423.6,0,0
911129,423.1,423.1,423.1,423.1,0,0
911202,422.1,422.1,422.1,422.1,0,0
911203,418,418,418,418,0,0
911204,419.4,419.4,419.4,419.4,0,0
911205,421.4,421.4,421.4,421.4,0,0
911206,422.4,422.4,422.4,422.4,0,0
911209,421.9,421.9,421.9,421.9,0,0
911210,421.4,421.4,421.4,421.4,0,0
911211,418.7,418.7,418.7,418.7,0,0
911212,409.3,409.3,409.3,409.3,0,0
911213,411,411,411,411,0,0
911216,410.6,410.6,410.6,410.6,0,0
911217,408.6,408.6,408.6,408.6,0,0
911218,410.5,410.5,410.5,410.5,0,0
911219,408.7,408.7,408.7,408.7,0,0
911220,406.9,406.9,406.9,406.9,0,0
911223,407.3,407.3,407.3,407.3,0,0
911224,407,407,407,407,0,0
911226,402.1,402.1,402.1,402.1,0,0
911227,401.1,401.1,401.1,401.1,0,0
911230,399.9,399.9,399.9,399.9,0,0
911231,401.2,401.2,401.2,401.2,0,0
920102,398.7,398.7,398.7,398.7,0,0
920103,396.1,396.1,396.1,396.1,0,0
920106,394.4,394.4,394.4,394.4,0,0
920107,394.6,394.6,394.6,394.6,0,0
920108,394,394,394,394,0,0
920109,401,401,401,401,0,0
920110,401.6,401.6,401.6,401.6,0,0
920113,399.2,399.2,399.2,399.2,0,0
920114,400.9,400.9,400.9,400.9,0,0
920115,400.7,400.7,400.7,400.7,0,0
920116,403.8,403.8,403.8,403.8,0,0
920117,400.9,400.9,400.9,400.9,0,0
920120,404.7,404.7,404.7,404.7,0,0
920121,404.6,404.6,404.6,404.6,0,0
920122,404.4,404.4,404.4,404.4,0,0
920123,400.9,400.9,400.9,400.9,0,0
920124,400.8,400.8,400.8,400.8,0,0
920127,401.4,401.4,401.4,401.4,0,0
920128,402.2,402.2,402.2,402.2,0,0
920129,402.3,402.3,402.3,402.3,0,0
920130,400.1,400.1,400.1,400.1,0,0
920131,403.6,403.6,403.6,403.6,0,0
920203,402.9,402.9,402.9,402.9,0,0
920204,402.4,402.4,402.4,402.4,0,0
920205,401,401,401,401,0,0
920206,401.1,401.1,401.1,401.1,0,0
920207,399.5,399.5,399.5,399.5,1,1
920210,400.4,400.4,400.4,400.4,0,1
920211,401.2,401.2,401.2,401.2,0,1
920212,403.2,403.2,403.2,403.2,0,1
920213,401.3,401.3,401.3,401.3,0,1
920214,399.3,399.3,399.3,399.3,0,1
920218,398.9,398.9,398.9,398.9,0,1
920219,398.8,398.8,398.8,398.8,0,1
920220,399.1,399.1,399.1,399.1,0,1
920221,397.9,397.9,397.9,397.9,0,1
920224,396.6,396.6,396.6,396.6,0,1
920225,395.8,395.8,395.8,395.8,0,1
920226,396,396,396,396,0,1
920227,400,400,400,400,0,1
920228,399.1,399.1,399.1,399.1,0,1
920302,397.9,397.9,397.9,397.9,0,1
920303,396.9,396.9,396.9,396.9,0,1
920304,397.5,397.5,397.5,397.5,0,1
920305,399.2,399.2,399.2,399.2,0,1
920306,397.1,397.1,397.1,397.1,0,1
920309,396.5,396.5,396.5,396.5,0,1
920310,396.2,396.2,396.2,396.2,0,1
920311,398.3,398.3,398.3,398.3,0,1
920312,395,395,395,395,0,1
920313,395.7,395.7,395.7,395.7,0,1
920316,392.1,392.1,392.1,392.1,0,1
920317,388.6,388.6,388.6,388.6,0,1
920318,386.7,386.7,386.7,386.7,0,1
920319,387,387,387,387,0,1
920320,386.5,386.5,386.5,386.5,0,1
920323,386.3,386.3,386.3,386.3,0,1
920324,387.2,387.2,387.2,387.2,0,1
920325,388.4,388.4,388.4,388.4,0,1
920326,388.1,388.1,388.1,388.1,0,1
920327,389.4,389.4,389.4,389.4,0,1
920330,388.8,388.8,388.8,388.8,0,1
920331,391.3,391.3,391.3,391.3,0,1
920401,390.8,390.8,390.8,390.8,0,1
920402,388.2,388.2,388.2,388.2,0,1
920403,387.6,387.6,387.6,387.6,0,1
920406,386.5,386.5,386.5,386.5,0,1
920407,384.6,384.6,384.6,384.6,0,1
920408,383.4,383.4,383.4,383.4,0,1
920409,383.2,383.2,383.2,383.2,0,1
920410,385,385,385,385,0,1
920413,382.8,382.8,382.8,382.8,0,1
920414,382.8,382.8,382.8,382.8,0,1
920415,378.9,378.9,378.9,378.9,0,1
920416,380.5,380.5,380.5,380.5,0,1
920420,380.3,380.3,380.3,380.3,0,1
920421,384.1,384.1,384.1,384.1,0,1
920422,382.2,382.2,382.2,382.2,0,1
920423,381.9,381.9,381.9,381.9,0,1
920424,379.8,379.8,379.8,379.8,0,1
920427,379.5,379.5,379.5,379.5,0,1
920428,379.5,379.5,379.5,379.5,0,1
920429,378.4,378.4,378.4,378.4,0,1
920430,379.9,379.9,379.9,379.9,0,1
920501,381,381,381,381,0,1
920504,379.3,379.3,379.3,379.3,0,1
920505,379.4,379.4,379.4,379.4,0,1
920506,379,379,379,379,0,1
920507,377.2,377.2,377.2,377.2,0,1
920508,377.2,377.2,377.2,377.2,0,1
920511,377.8,377.8,377.8,377.8,0,1
920512,375.9,375.9,375.9,375.9,0,1
920513,376.1,376.1,376.1,376.1,0,1
920514,378.5,378.5,378.5,378.5,0,1
920515,379.2,379.2,379.2,379.2,0,1
920518,379.5,379.5,379.5,379.5,0,1
920519,378.3,378.3,378.3,378.3,0,1
920520,377.9,377.9,377.9,377.9,0,1
920521,377.7,377.7,377.7,377.7,0,1
920522,378.2,378.2,378.2,378.2,1,1
920526,379.1,379.1,379.1,379.1,0,1
920527,379,379,379,379,0,1
920528,378,378,378,378,0,1
920529,377,377,377,377,0,1
920601,378.5,378.5,378.5,378.5,0,1
920602,380.1,380.1,380.1,380.1,0,1
920603,379.5,379.5,379.5,379.5,0,1
920604,379.5,379.5,379.5,379.5,0,1
920605,379.4,379.4,379.4,379.4,0,1
920608,378.8,378.8,378.8,378.8,0,1
920609,378.8,378.8,378.8,378.8,0,1
920610,378.4,378.4,378.4,378.4,0,1
920611,380.8,380.8,380.8,380.8,0,1
920612,383.2,383.2,383.2,383.2,0,1
920615,383.3,383.3,383.3,383.3,0,1
920616,382.2,382.2,382.2,382.2,0,1
920617,381.1,381.1,381.1,381.1,0,1
920618,382,382,382,382,0,1
920619,380.3,380.3,380.3,380.3,0,1
920622,383.1,383.1,383.1,383.1,0,1
920623,384.1,384.1,384.1,384.1,0,1
920624,383,383,381.8,381.8,1,2
920625,381.8,381.8,381.8,381.8,0,2
920626,381,381,381,381,0,2
920629,382.2,382.2,382.2,382.2,0,2
920630,381.5,381.5,381.5,381.5,0,2
920701,382.7,382.7,382.7,382.7,0,2
920702,383.5,383.5,383.5,383.5,0,2
920706,383.2,383.2,383.2,383.2,0,2
920707,382.1,382.1,382.1,382.1,0,2
920708,383,383,383,383,100,102
920709,384,384,384,384,0,102
920710,383.6,383.6,383.6,383.6,0,2
920713,384.4,384.4,384.4,384.4,0,2
920714,386.3,386.3,386.3,386.3,0,2
920715,388.7,388.7,388.7,388.7,0,2
920716,387,387,387,387,14,2
920717,392,392,392,392,0,2
920720,393.2,393.2,393.2,393.2,3,5
920721,391.4,391.4,391.4,391.4,30,31
920722,392.4,392.4,392.4,392.4,0,31
920723,391.6,391.6,391.6,391.6,0,31
920724,392.2,392.2,392.2,392.2,0,31
920727,390.9,390.9,390.9,390.9,0,31
920728,391.8,391.8,391.8,391.8,0,31
920729,388.7,388.7,388.7,388.7,0,31
920730,388.9,388.9,388.9,388.9,0,31
920731,390.3,390.3,390.3,390.3,0,31
920803,385.4,385.4,385.4,385.4,0,31
920804,385.6,385.6,385.6,385.6,0,31
920805,382.5,382.5,382,382,1,32
920806,381.8,381.8,381.8,381.8,0,32
920807,383,383,383,383,0,32
920810,382.5,382.5,382.5,382.5,0,32
920811,379.1,379.1,379.1,379.1,0,32
920812,369.4,369.4,369.4,369.4,0,32
920813,364.1,364.1,364.1,364.1,0,32
920814,364.5,364.5,364.5,364.5,6,32
920817,366.6,366.6,366.6,366.6,0,32
920818,365.1,365.1,365.1,365.1,0,32
920819,367.2,367.2,367.2,367.2,0,32
920820,366.1,366.1,366.1,366.1,0,32
920821,366,366,366,366,0,32
920824,370.7,370.7,370.7,370.7,0,32
920825,369.7,369.7,369.7,369.7,0,32
920826,367.2,367.2,367.2,367.2,0,32
920827,368,368,368,368,0,32
920828,368.6,368.6,368.6,368.6,0,32
920831,371.5,371.5,371.5,371.5,3,32
920901,369.6,369.6,369.6,369.6,0,32
920902,367,367,367,367,0,32
920903,369.1,369.1,369.1,369.1,0,32
920904,367.8,367.8,367.8,367.8,0,32
920908,368.6,368.6,368.6,368.6,0,32
920909,368.1,368.1,368.1,368.1,0,32
920910,368,368,368,368,0,32
920911,366.7,366.7,366.7,366.7,0,32
920914,371.9,371.9,371.9,371.9,0,32
920915,371.6,371.6,371.6,371.6,0,32
920916,374.5,374.9,374.5,374.9,1,33
920917,372.7,372.7,372.7,372.7,1,33
920918,375.9,375.9,375.9,375.9,0,33
920921,372.3,372.3,372.3,372.3,2,33
920922,375,375,373.9,373.9,0,34
920923,373.6,373.6,373.6,373.6,0,34
920924,374.2,374.2,374.2,374.2,0,34
920925,374.1,374.1,374.1,374.1,0,34
920928,372.4,372.4,372.4,372.4,0,34
920929,372.9,372.9,372.9,372.9,0,34
920930,371.7,371.7,371.7,371.7,0,34
921001,371.1,371.1,371.1,371.1,0,34
921002,371.6,371.6,371.6,371.6,0,34
921005,374,374,374,374,0,34
921006,372.8,372.8,372.8,372.8,0,34
921007,374.1,374.1,374.1,374.1,0,34
921008,372.4,372.4,372.4,372.4,0,34
921009,373,373,373,373,0,34
921012,367.2,367.2,367.2,367.2,0,34
921013,365.9,365.9,365.9,365.9,0,34
921014,365.4,365.4,365.4,365.4,0,34
921015,363.8,363.8,363.8,363.8,0,34
921016,365.2,365.2,365.2,365.2,0,34
921019,365.6,365.6,365.6,365.6,0,34
921020,369.2,369.2,369.2,369.2,0,34
921021,369.4,369.4,369.4,369.4,150,150
921022,368,368,368,368,52,200
921023,368.9,368.9,368.9,368.9,0,200
921026,366.4,366.4,366.4,366.4,0,200
921027,365,365,362.5,362.5,137,336
921028,364,364.3,364,364.3,1,337
921029,364.5,364.5,364.5,364.5,0,337
921030,364.4,364.4,364.4,364.4,0,337
921102,365,365,365,365,0,337
921103,362.4,362.4,362.4,362.4,0,337
921104,361.9,361.9,361.9,361.9,0,337
921105,360.8,360.8,360.8,360.8,0,337
921106,360.6,360.6,360.6,360.6,0,0
921109,357.5,357.5,357.5,357.5,2,337
921110,355.5,355.5,354.6,354.6,2,339
921111,356,356.6,356,356.6,1,338
921112,357,357.5,356.5,357.5,6,342
921113,357.8,357.8,357.8,357.8,0,342
921116,357.8,357.8,357.1,357.1,21,342
921117,358,358,358,358,15,356
921118,358.5,358.5,358.5,358.5,0,356
921119,358.6,358.6,358.6,358.6,0,356
921120,358.8,358.8,358.8,358.8,0,356
921123,358.1,358.1,358.1,358.1,0,356
921124,358.2,358.2,358.2,358.2,0,356
921125,358.3,358.3,358.3,358.3,4,356
921127,359.3,359.3,359.3,359.3,0,356
921130,359.8,359.8,359.8,359.8,0,356
921201,360.2,360.2,360.2,360.2,0,356
921202,361,361,361,361,101,455
921203,360.4,360.4,360.4,360.4,0,455
921204,360.3,360.3,360.3,360.3,0,455
921207,360,360,360,360,0,455
921208,359.1,359.1,359.1,359.1,100,515
921209,357.2,357.2,357.2,357.2,0,515
921210,357.5,357.5,357.5,357.5,0,515
921211,358.5,358.5,358.5,358.5,0,515
921214,358,358,358,358,15,500
921215,357.7,357.7,357.7,357.7,0,500
921216,360.9,360.9,360.9,360.9,1,500
921217,361.4,361.4,361.4,361.4,0,500
921218,359.9,359.9,359.9,359.9,40,515
921221,356.7,356.7,356.7,356.7,0,515
921222,354.9,354.9,354.9,354.9,5,510
921223,355.5,355.5,355.5,355.5,0,510
921224,355.3,355.3,355.3,355.3,0,510
921228,355.4,355.4,355.4,355.4,6,510
921229,354.4,354.4,354.4,354.4,5,510
921230,355,355.3,354.9,354.9,100,566
921231,354.8,354.8,354.8,354.8,100,607
930104,349,349.4,349,349.4,3,625
930105,349.4,349.4,349.4,349.4,0,625
930106,350.5,350.5,350.5,350.5,1,624
930107,349.8,349.8,349.8,349.8,0,624
930108,350,350,350,350,0,624
930111,348,348.5,348,348.5,2,626
930112,350,350,350,350,100,726
930113,348.3,348.3,348.3,348.3,0,726
930114,347.9,347.9,347.9,347.9,0,726
930115,347.1,347.1,347.1,347.1,140,756
930118,347.5,347.6,347.5,347.6,7,756
930119,348,348.2,348,348.2,1,756
930120,348.2,349.3,348.2,349.3,1,756
930121,348.7,348.7,348.7,348.7,0,756
930122,347.7,347.7,347.7,347.7,10,746
930125,347.3,347.3,347.3,347.3,0,746
930126,349.6,349.6,349.6,349.6,0,746
930127,348.4,348.4,348.4,348.4,0,746
930128,348.6,349.3,348.6,349.3,52,796
930129,349,349,349,349,0,796
930201,348.9,348.9,348.9,348.9,0,790
930202,348.8,348.8,348.8,348.8,0,790
930203,347.6,347.6,347.6,347.6,0,790
930204,347.1,347.1,347.1,347.1,0,790
930205,346.4,346.4,346.4,346.4,40,790
930208,346.8,347,346.3,346.3,166,905
930209,346.8,346.8,346.8,346.8,10,910
930210,351.1,351.1,351.1,351.1,20,915
930211,350.2,350.2,350.2,350.2,0,915
930212,347.4,347.4,347.4,347.4,0,915
930216,350.9,350.9,350.9,350.9,0,916
930217,348.2,348.2,348.2,348.2,101,916
930218,347,347.5,347,347.5,1108,1447
930219,347.8,348,346.8,347,11,1455
930222,344.5,344.5,344.5,344.5,1,1455
930223,346.7,346.7,346.7,346.7,943,1999
930224,345.4,345.4,345.4,345.4,270,2159
930225,345.6,345.6,345.6,345.6,12,2169
930226,344.2,344.2,344.2,344.2,0,2169
930301,344.1,344.1,344.1,344.1,5,2170
930302,345.5,345.5,345.5,345.5,100,2179
930303,344.8,344.8,344.8,344.8,59,2215
930304,344.2,344.2,344.2,344.2,31,2226
930305,346,346,346,346,35,2224
930308,343,343.2,343,343.2,11,2229
930309,343.4,343.4,343.4,343.4,0,2229
930310,343.1,343.1,343.1,343.1,26,2239
930311,344.1,344.1,343.8,343.8,19,2243
930312,345,345,345,345,5,2246
930315,345.5,347,345.5,346.2,10,2249
930316,345.5,345.5,345.5,345.5,6,2250
930317,346,346,345.6,345.6,1,2247
930318,346.7,346.7,346.7,346.7,14,2251
930319,348,348,347.8,347.8,520,2547
930322,349.5,349.5,348.8,348.8,4,2552
930323,348.3,348.3,347.7,348,21,2556
930324,348.6,348.6,348.6,348.6,111,2645
930325,348.6,348.6,348.6,348.6,20,2645
930326,348.7,348.7,348.7,348.7,30,2640
930329,348.5,348.5,348.5,348.5,10,2640
930330,352.8,353.4,352.8,353.4,195,2761
930331,356.3,356.3,353.9,353.9,41,2790
930401,355,355,354.6,354.6,11,2803
930402,356.7,356.7,356,356.6,1216,3537
930405,354.8,355.2,354.8,354.9,11,3542
930406,354.6,354.6,352.8,353.2,40,3546
930407,352,353.6,352,353.6,2,3546
930408,352.5,352.5,352.5,352.5,510,3922
930412,352.5,352.5,351.7,351.7,51,3922
930413,352.2,352.2,352.2,352.2,626,4441
930414,354.2,354.2,354.2,354.2,65,4480
930415,352.9,352.9,351.5,351.7,129,4506
930416,353.9,354.5,353.6,353.6,77,4592
930419,354.4,354.9,354.4,354.9,26,4587
930420,355.3,355.7,354.5,354.5,1201,5452
930421,353.7,354,353.7,354,221,5477
930422,352.5,354.6,352.5,354.5,119,5575
930423,356.8,360.9,356.8,360.9,484,5947
930426,365.5,368,365,367.3,35,5971
930427,367,367,365.9,365.9,157,6010
930428,365.3,369.5,364.8,368.6,128,6032
930429,373.5,374,371.5,372,924,6735
930430,367.5,372.5,367.5,371.8,369,6781
930503,372.8,374.5,369.6,369.6,110,6818
930504,371.6,371.6,369.6,369.6,244,6942
930505,369.4,369.4,369.4,369.4,447,7040
930506,371,372.4,371,372.4,121,7100
930507,372.5,373.5,371.5,371.5,277,7233
930510,371.4,372.8,371.4,371.5,183,7387
930511,371,372.7,371,372,820,7944
930512,373,377.1,373,377.1,316,8168
930513,387,387.5,383.5,384.8,690,8256
930514,382.8,385.3,382.8,383.7,174,8312
930517,375,386.3,375,383.7,450,8411
930518,384.5,392,383,391.9,796,8471
930519,399.5,400,389.5,390.3,513,8446
930520,390,392,389,390.8,44,8432
930521,390.5,395,390,394.2,4034,9766
930524,398.5,398.5,389.3,390.5,892,9688
930525,390,395,390,395,460,9579
930526,391.5,392.5,391.5,391.7,11,9581
930527,394.5,397.8,391.2,397.8,163,9618
930528,397,399,393,394.7,2084,11397
930601,394,394.4,381.5,385.3,421,11495
930602,382.5,386.5,382.5,384.7,40,11514
930603,387.3,390.2,387.3,389.9,27,11512
930604,393.8,394,392.9,392.9,318,11395
930607,390,390.1,389,390.1,59,11376
930608,390,391.2,390,390.1,4,11374
930609,386.4,388.5,386.4,387.5,134,11345
930610,385,385.5,385,385.5,185,11274
930611,387.2,387.8,377,381.3,128,11275
930614,381.5,381.5,375.5,380.1,366,11176
930615,380,384.5,380,384.5,65,11172
930616,383,385.2,383,385.2,543,11062
930617,383.8,386.5,383.8,385.8,706,10608
930618,386.5,386.5,385,386.4,512,10789
930621,384.7,386,384.2,385,261,10804
930622,384.5,384.5,383,383.6,19,10799
930623,382.2,389.5,382.2,389.5,87,10826
930624,389.9,390.3,389,390.3,712,10817
930625,390.9,392.7,390.9,392.5,339,10591
930628,390.7,390.7,390,390.3,9,10593
930629,392,393.8,392,393.8,370,10300
930630,394,394,393.4,393.4,733,9847
930701,395,403,395,402.6,854,9620
930702,405.5,408,401.2,401.2,161,9624
930706,408.5,409,407,408,577,9572
930707,413,413,410,412.8,611,9597
930708,411.3,412,410.6,410.6,30,9598
930709,407,409.6,406.5,407.4,588,9608
930712,409.7,410.3,409.5,410.3,568,9659
930713,409,410.3,409,410,169,9664
930714,412,412,405,406.8,49,9687
930715,410.5,410.5,409.4,409.4,129,9717
930716,409,409,408.4,408.4,51,9717
930719,411.8,412,408,408,131,9668
930720,408,408,407.8,407.8,221,9636
930721,407.8,408.5,405.4,405.4,678,9686
930722,403.5,407.4,403.5,407.4,401,9685
930723,406,406.5,406,406.4,177,9687
930726,411.3,411.3,409.6,409.6,20,9692
930727,410.2,410.2,407.7,407.7,79,9695
930728,411,413,410,410.2,574,10096
930729,410.2,414.5,410.2,414.5,52,10103
930730,422.5,424,418,424,96,10108
930802,423.5,426.5,420,423.1,132,10108
930803,422,422,420,420.3,283,10108
930804,417.5,419.5,415.8,415.8,65,10111
930805,400,413,388.5,392.5,141,10111
930806,394,395,383,391.4,1557,9614
930809,398,398.2,397.5,398.2,56,9612
930810,396,396.2,393.5,395.8,32,9617
930811,390.5,391,388.8,390.1,55,9616
930812,390.5,391.5,379.5,381.9,145,9622
930813,381.5,383.5,381.5,383.5,169,9591
930816,387.5,388.5,386.4,387.1,245,9569
930817,385.5,385.7,385.1,385.7,89,9515
930818,385.5,388.3,385.5,388.3,54,9530
930819,387.5,387.5,385,385.1,76,9534
930820,385.5,387.8,385.5,387,240,9702
930823,387,387.9,386.1,386.1,281,9556
930824,386,387.1,385.5,385.5,110,9440
930825,384.3,386.3,384.3,386,45,9440
930826,383.4,383.4,379,381,109,9455
930827,380.3,382.5,380.3,382.5,113,9419
930830,382.9,385,382.9,383.7,17,9418
930831,383.8,386.2,383.8,386.2,226,9400
930902,382.8,382.8,375,376.6,28,9400
930903,377.2,377.2,375.1,377.1,25,9416
930907,375.6,375.6,361.5,362.2,153,9418
930908,363.3,364.2,362.5,363.4,1438,9669
930909,365.2,366.7,365.2,366.7,108,9648
930910,366,366,360.5,362.3,134,9557
930913,357.3,358.5,353,354.6,100,9581
930914,355.8,356.8,355.8,356.8,1461,9462
930915,359.2,360.4,359.2,359.6,1670,9111
930916,365.1,365.1,364.8,364.8,6,9532
930917,367,367,362.9,362.9,42,9517
930920,366.6,366.6,365.6,365.6,523,9722
930921,366.5,375.3,366,375.3,653,9720
930922,366.5,367.5,364.5,366.3,11,9695
930923,369,370.3,369,370.3,211,9688
930924,369.3,369.8,369.3,369.7,135,9570
930927,368.8,368.8,366,366,31,9574
930928,367.5,367.6,367.5,367.6,52,9531
930929,366,366.6,363.5,365.1,406,9486
930930,364.5,368.3,364.5,367.6,260,9650
931001,367.8,367.8,366.8,367.3,570,10051
931004,364.4,365,364,365,4,10060
931005,365.5,366.5,365,365.2,19,10053
931006,366.8,368.6,366.8,368.6,22,10055
931007,370.2,370.2,369,369,62,10054
931008,371.2,372.3,371.2,371.9,246,10262
931011,374,374,372.1,372.1,18,10263
931012,371.8,379.7,371.8,379.7,517,10369
931013,378.4,379.5,378.2,378.2,59,10238
931014,378,379,376,377.3,149,10182
931015,377,377.2,376.9,376.9,22,10179
931018,377.5,381.9,377,380.3,398,10076
931019,381.3,381.3,379.2,381,93,10042
931020,384,384.7,383.8,384.6,341,10202
931021,385,386.5,383.5,383.5,351,10173
931022,380.5,382,378.8,382,187,10083
931025,383.2,384,381.2,381.2,57,10078
931026,380.3,381,380.3,381,67,10085
931027,381.6,381.6,381.6,381.6,210,10153
931028,381.6,381.6,380.5,381.1,18,10162
931029,382.3,382.3,380,380.4,95,10142
931101,376,376.5,372.4,372.9,256,10169
931102,374.2,375,372.3,374.5,792,10666
931103,375.7,379.5,375.6,378.9,115,10709
931104,384.2,384.5,383.5,383.5,128,10730
931105,386.6,389.8,386.6,389.1,355,10759
931108,390.5,390.5,386.5,386.8,131,10794
931109,388.5,389.3,387,387.9,127,10783
931110,386.8,390,386.1,388.7,242,10795
931111,389.1,389.2,387.7,387.7,173,10909
931112,389.5,389.5,384.9,384.9,86,10936
931115,385.2,387,385.2,387,79,10946
931116,387.4,387.4,386,386,106,10923
931117,384.8,388.6,381.8,388.6,258,11006
931118,389.9,390.2,388,388.2,2120,11828
931119,391,391,390,390,402,11708
931122,391.5,391.5,389.6,390.2,184,11747
931123,390,390.2,387.9,389.1,116,11745
931124,388.5,388.9,387.4,388.9,263,11844
931129,388,388,381,381,1531,11020
931130,381.5,383,381.4,381.4,283,10948
931201,380.2,387,379.5,386.1,204,11036
931202,386,386,384.5,385.1,195,11104
931203,384,389.5,384,388.1,955,11524
931206,387.7,388.8,387.3,387.3,524,11490
931207,387.4,388.9,387.4,388.9,135,11452
931208,392.5,396,392.5,395.4,77,11462
931209,394.5,395,393.7,394.1,22,11461
931210,394.1,395.5,393.3,394.6,47,11459
931213,400,400,397.5,398.3,482,11496
931214,397.8,399,397.8,398.3,145,11539
931215,397,398.7,395.6,398.7,278,11500
931216,399,399,396.5,397.3,298,11655
931217,397.5,399,397.5,398.7,53,11667
931220,401,401.3,400.6,400.6,122,11741
931221,400,400,398.8,399.1,75,11783
931222,397.5,397.5,396.2,396.9,166,11781
931223,396.2,396.8,396,396.7,43,11770
931227,398.4,399,398.2,398.8,56,11784
931228,399.2,399.2,397.9,398.2,20,11784
931229,396.7,402.2,396.7,401.6,115,11809
931230,402.7,403.3,401.7,401.7,312,12040
940103,401.6,405.2,401.6,404.8,433,12110
940104,407.3,407.5,404.5,405.2,161,12114
940105,406.2,408,402,402.3,161,12141
940106,401.8,402.2,396.8,400.3,134,12127
940107,402.5,402.9,397.1,397.2,133,12152
940110,392.2,396,390.7,395.5,666,11782
940111,395.5,398.7,395,398.6,45,11792
940112,397.2,397.5,396.4,396.8,206,11750
940113,395.8,401.2,395.8,400.7,571,11638
940114,401.9,401.9,400.2,400.3,638,11741
940117,403.3,403.7,402.4,402.4,36,11734
940118,403.8,405.8,402,403.9,794,11907
940119,404.3,404.3,401.7,403,360,11981
940120,402.3,404,398,398.2,296,12005
940121,395,397,391.7,391.9,228,12055
940124,391.6,392,388.3,391.6,200,12116
940125,393,393,391.8,391.8,535,12266
940126,391.3,394.9,390.8,394.9,106,12266
940127,394,395,386.5,387.7,280,12359
940128,388,389,385,387.1,1007,12618
940131,388.1,392.3,386,391.7,187,12730
940201,392,395.5,391.5,394.2,247,12722
940202,394.5,396.6,394.3,394.8,1456,12687
940203,394.2,397.5,394.2,397.5,393,12711
940204,399,399.2,395.5,396.9,834,13153
940207,393.5,394.5,389.4,389.4,94,13167
940208,391,392.8,390.2,392.8,118,13174
940209,390,394.8,389.7,394.4,134,13228
940210,393,394.7,390.6,392.6,313,13298
940211,391.7,392.9,390.6,390.6,515,13512
940214,392.3,394.6,392.3,394.6,525,13469
940215,395,397,394.5,394.5,173,13501
940216,394.3,394.5,394.1,394.3,231,13375
940217,395,397.7,393.3,393.3,629,13173
940218,392.6,392.7,387,390.6,156,13217
940222,389.7,389.8,387.1,388.2,333,13175
940223,387.5,389.5,385,388,293,13284
940224,386.7,388.6,385,386.8,191,13323
940225,389,389.4,388.8,389,476,13066
940228,392.6,392.6,391.2,391.7,522,12844
940301,391.3,392.3,387.8,388.6,1492,12885
940302,386.3,388.5,383.5,388.3,2102,12730
940303,388,388.8,386.9,387.7,264,12200
940304,386,388.1,386,388.1,538,12200
940307,387.9,388.1,386.3,386.4,222,12216
940308,385.5,387.2,385.5,387.2,152,12258
940309,385.9,390.9,385.7,389.7,321,12262
940310,390.9,398.1,390.7,398.1,392,12371
940311,398,398.7,395.6,396,701,12534
940314,397.6,398.2,396.5,397.1,107,12532
940315,397.2,398.4,396.8,397.5,642,12951
940316,395.5,396.7,395.5,395.5,182,13012
940317,394,394,392.9,392.9,332,13144
940318,396.7,397.8,396.6,397.7,126,13213
940321,397.5,398.5,396,396.4,264,13262
940322,397.4,401.5,397,399.9,557,13176
940323,398.9,400,397.2,397.6,739,13375
940324,402,403.5,400.8,402.4,827,13449
940325,402.8,402.8,399.8,401.7,579,13832
940328,399.8,400.9,398.3,398.6,1266,14004
940329,396.5,398.6,395.7,396.5,667,14081
940330,396.5,398.3,396.5,396.6,540,14172
940331,399.5,404.5,399,402.4,575,14224
940404,402.8,404.5,396,397.1,611,14284
940405,397,397.5,393.5,395.1,1199,14155
940406,395,397.1,393.6,395.4,203,14232
940407,395.1,396.1,393.8,394.4,632,14275
940408,395.3,397,394,394.6,679,14231
940411,394.2,395,387.5,388.2,679,14156
940412,387.2,388.9,386.5,388.7,448,14193
940413,389.5,389.5,387,388.3,246,14202
940414,390.4,391,386,388.7,199,14164
940415,386.9,387.9,386.8,387.8,324,14231
940418,387.2,389,386.9,387.1,733,14602
940419,385.5,386,380.8,381.8,604,14718
940420,381.1,382.7,381,382.5,569,14671
940421,383.4,383.8,382.5,383.3,794,14694
940422,381.9,381.9,377.5,380.6,1476,14191
940425,381.2,383.5,381.2,383.4,243,14193
940426,382.3,384.7,382.3,383.8,539,14166
940428,383.1,385.6,382.8,385.4,111,14145
940429,386,387,385.3,386.4,517,14168
940502,386.5,387,384.5,386.1,1346,14218
940503,385.6,386.3,384.7,385.6,856,14158
940504,384.4,386.8,384.1,386.5,236,14112
940505,384.3,384.8,383.5,383.5,272,14186
940506,382.1,396,382,393.6,969,14395
940509,391,393,391,391.6,598,14490
940510,391.2,391.8,388.9,389.1,250,14312
940511,389,394.6,389,392.2,299,14286
940512,390.7,391.6,388.5,390.3,1190,14312
940513,392,392.6,390.5,391.2,1160,14627
940516,391.4,394.5,389.7,393.5,770,14955
940517,393,394,391.4,391.8,492,14873
940518,390.3,394.4,389.2,392,1939,15244
940519,394,394.4,390.9,390.9,950,15552
940520,391.5,396,391.5,395.6,5648,16838
940523,397.4,400,395.6,399.5,2468,18212
940524,398.2,399,395.5,396.9,4533,20686
940525,396.8,398.7,395,396.4,3142,22472
940526,395.3,395.7,392,393.5,2770,23905
940527,393,396.2,393,394.1,975,24219
940531,394.8,397.8,394.6,396.4,409,24282
940601,396.9,397,390,392.7,1290,24169
940602,392.5,393.6,391.7,393.2,161,24186
940603,391.5,392.9,388.5,389.6,1058,24506
940606,388.8,389.7,386.8,389.1,730,24336
940607,390.2,390.9,388.8,389.7,1294,24067
940608,390.2,391.2,389.4,390.2,1146,23916
940609,390.3,392.3,389.9,391.4,880,24139
940610,391.6,392.3,391,391.9,549,24150
940613,390,392,389.8,391.7,610,24204
940614,392.7,393.5,391.6,392.5,335,24300
940615,392,396.2,392,395.2,1454,24687
940616,395.1,395.7,393.4,393.7,1958,24860
940617,394.8,401,394.6,399.9,2460,25199
940620,401,401.8,396.7,397.1,4198,25880
940621,397.4,404.5,397,402.5,2275,26359
940622,401,401.7,396,397.6,1684,26658
940623,397.6,399.3,396.9,397.7,2522,26349
940624,398.5,400.7,396.9,399.1,1024,26401
940627,397.5,398.2,390.3,392.6,1174,26587
940628,393.3,395.3,393.3,394.1,1283,25822
940629,392.5,393.5,391.4,392.5,838,25738
940630,393.2,396.8,393,393.6,1066,25712
940701,392.7,394.9,391.9,394.4,547,25924
940705,395.4,396.3,392.5,393.2,948,25639
940706,393.1,393.9,389.5,390.9,1299,26039
940707,390.2,392.2,390,392,2448,25318
940708,390.4,392.3,389.4,391.3,4744,27604
940711,391.9,396.5,391.8,394.3,5219,29584
940712,392.5,394.1,391.7,392.5,744,29607
940713,390.5,392.4,390,390.3,2683,30711
940714,390.5,391.9,388.3,390.7,6584,34217
940715,391.5,392.9,391,392.7,1462,34901
940718,392.7,393.6,392.4,392.5,1789,34993
940719,390.5,393.8,390.1,393.4,1175,35297
940720,393.1,394.5,391.5,391.9,8417,39219
940721,391.5,393.5,390.3,390.6,6213,40951
940722,390.6,391.3,390.1,391.2,5460,43642
940725,390.9,391.7,390.9,391.1,6669,47036
940726,392.5,393.5,391.3,393.4,19822,56622
940727,393.3,396.3,393.1,394.1,25928,64669
940728,393.6,394.1,391,391.2,35136,71074
940729,390.7,391,388,389.2,43212,74021
940801,390.1,390.4,388.6,389.4,13649,75734
940802,388.6,389.1,383.6,384.4,55174,83852
940803,383.9,384.4,382.3,383.1,31563,86615
940804,381.8,383.8,380.5,383.1,28467,91734
940805,383.1,384.7,382.6,382.9,21808,91590
940808,382.6,383.1,381.9,382.3,9952,92237
940809,382.1,384.2,382.1,383,13790,92247
940810,383.6,384.2,382.6,382.6,13173,91868
940811,381.8,384.7,381.4,384,30468,91180
940812,383,384.3,380.2,381.5,29509,93590
940815,381,382.5,381,382.4,15986,91521
940816,381.6,383.1,380.3,382.9,29537,95316
940817,382.7,383.7,381.8,382.3,14089,94642
940818,382.8,387,382.8,385.9,40560,95035
940819,385.5,387.5,385.3,386.9,18785,92445
940822,386.6,388.1,385.9,386.7,18092,91445
940823,386.1,386.9,385.8,386.5,9850,91669
940824,387.1,390,386.7,388.6,42110,95469
940825,388.5,388.7,387.5,388.1,13190,95844
940826,388.3,388.6,387.2,388,14696,95316
940829,386,394,385.7,391.8,56482,89754
940830,391,391.7,390.3,390.8,18727,89847
940831,390.2,391.4,389.2,390.8,28122,89238
940901,390.5,391.4,389.9,391.3,18518,90089
940902,391.6,392.2,390.4,391.4,15255,90701
940906,391.8,392.5,391.5,392.2,9773,90641
940907,393.3,394.8,393,394.4,27380,91645
940908,394.4,396.3,393.9,394.6,38872,92053
940909,394.2,396.9,392.5,395.8,49310,95742
940912,395.5,395.9,394.6,394.9,18849,92306
940913,394.5,395.1,393,394.5,22873,91425
940914,394.6,395,392.3,392.9,15889,90535
940915,391,392.4,390.6,391.9,15729,89034
940916,392,395,392,393.6,30178,91063
940919,393.2,394.3,392.9,393.6,11553,91699
940920,396.2,399.1,395.5,397.2,63838,105445
940921,399,399.7,397.4,397.8,32624,108214
940922,397.1,399.2,396.9,399,22504,109769
940923,399.6,400.7,399.1,399.6,32264,108989
940926,398.5,400,397.7,397.8,22489,107255
940927,398.3,401.8,397.9,401.4,43829,112109
940928,400.5,401.9,397.6,397.9,41606,109992
940929,398,399.5,397.8,398.7,21587,111572
940930,398.2,398.7,396.3,397.6,25818,112343
941003,396.2,399.8,395.7,398.2,33062,115822
941004,395.5,396.2,394.3,395.7,31272,115258
941005,395.4,397.8,394.5,395.2,31848,114844
941006,394.7,395.2,393.6,395.1,17675,113165
941007,396.1,397.2,392,393.8,42918,108550
941010,394.5,395.2,393.1,393.4,15846,106658
941011,392.2,392.5,388,390.2,64321,91652
941012,390,391.1,390,390.6,15288,89624
941013,391.3,391.6,388.1,388.6,44111,85379
941014,389.5,390.5,389.2,390,19109,83838
941017,390.7,392.3,390.7,392.1,16728,84710
941018,392.1,392.9,391.1,391.3,18451,83761
941019,391.8,393.7,391.8,392.3,22402,83061
941020,392.7,394.5,392.5,393.3,29078,83877
941021,393.5,393.8,392.2,392.8,17260,83203
941024,391.5,392,390.6,391.4,14614,82901
941025,391.6,392.1,390.7,391.2,15496,83135
941026,390.5,391.3,389.2,391,31451,80319
941027,391.5,392,389.8,390.2,24542,80573
941028,389.5,390.6,388,388.7,35516,80293
941031,388.3,388.7,383.7,384.9,59771,86459
941101,384.7,386.5,384.3,385.7,23760,85516
941102,384.7,385.7,384.2,385.5,19061,84877
941103,385,385.4,384.2,384.4,9684,84169
941104,384.8,385.3,383.5,384.7,17749,85129
941107,383.8,384.2,383.1,383.3,14403,85270
941108,384.5,386.5,384.3,384.8,25394,84122
941109,384,385.8,383.8,384.5,21302,82505
941110,384.5,386.4,384.3,385.9,24152,81916
941111,385.8,386.8,385.5,385.7,10019,74448
941114,385.3,386.2,385.1,385.3,12611,75473
941115,387.3,387.9,386.8,387.4,18375,74349
941116,386,387.6,385.8,386.8,21570,68759
941117,386.9,387.7,385.8,385.9,16848,68992
941118,384.6,385.5,383.5,384.5,30728,65605
941121,383.8,384.2,382.4,383.6,36607,59795
941122,383.8,384.4,383.1,383.9,27643,49211
941123,384.7,385.5,384.5,384.7,34934,39668
941128,384.5,384.7,382.7,382.9,32397,24634
941129,383.6,384,381.7,382,27171,15329
941130,382.5,383.1,379.7,380.7,5088,6586
941201,379.5,380.3,376.7,378.6,2073,3972
941202,378.2,379.5,375.3,375.5,1415,3409
941205,376.6,376.7,374.5,375.5,253,2858
941206,375.6,376.5,375.1,375.8,985,2386
941207,377,377.5,375.1,376.1,1881,1770
941208,375.3,376.7,374.8,376.6,481,649
941209,375.6,377,375.5,377,381,479
941212,376.8,377.8,376.5,377.5,66,208
941213,379.5,379.5,377.6,377.6,36,172
941214,379,381,378.9,378.9,48,163
941215,379.9,380.3,378.9,380.2,83,149
941216,380.5,380.5,378.6,378.6,43,138
941219,379.2,379.2,379.2,379.2,8,116
941220,381.4,382.3,381.4,381.8,20,94
941221,382,382,381.5,381.6,30,73
941222,381.5,381.5,381,381,45,47
941223,381,381,380.4,380.4,17,25
941227,381,382,381,381.6,59,53
941228,382.1,383.7,382.1,383.7,16,3
