910923,440.4,440.4,440.4,440.4,0,0
910924,443.3,443.3,443.3,443.3,0,0
910925,441.3,441.3,441.3,441.3,0,0
910926,439,439,439,439,0,0
910927,436.4,436.4,436.4,436.4,0,0
910930,441,441,441,441,0,0
911001,440.9,440.9,440.9,440.9,0,0
911002,442.2,442.2,442.2,442.2,0,0
911003,443.7,443.7,443.7,443.7,0,0
911004,443.1,443.1,443.1,443.1,0,0
911007,443.3,443.3,443.3,443.3,0,0
911008,441.4,441.4,441.4,441.4,0,0
911009,443.3,443.3,443.3,443.3,0,0
911010,442.6,442.6,442.6,442.6,0,0
911011,443.6,443.6,443.6,443.6,0,0
911014,442.3,442.3,442.3,442.3,0,0
911015,440.8,440.8,440.8,440.8,0,0
911016,441.3,441.3,441.3,441.3,0,0
911017,445.9,445.9,445.9,445.9,0,0
911018,446.5,446.5,446.5,446.5,0,0
911021,448,448,448,448,0,0
911022,448.3,448.3,448.3,448.3,0,0
911023,446.3,446.3,446.3,446.3,0,0
911024,445.6,445.6,445.6,445.6,0,0
911025,444.5,444.5,444.5,444.5,0,0
911028,442.4,442.4,442.4,442.4,0,0
911029,442.2,442.2,442.2,442.2,0,0
911030,441.5,441.5,441.5,441.5,0,0
911031,440,440,440,440,0,0
911101,436.9,436.9,436.9,436.9,0,0
911104,438,438,438,438,0,0
911105,435.3,435.3,435.3,435.3,0,0
911106,435.4,435.4,435.4,435.4,0,0
911107,434.4,434.4,434.4,434.4,0,0
911108,434.8,434.8,434.8,434.8,0,0
911111,436,436,436,436,0,0
911112,436.5,436.5,436.5,436.5,0,0
911113,437.1,437.1,437.1,437.1,0,0
911114,434.7,434.7,434.7,434.7,0,0
911115,439.3,439.3,439.3,439.3,0,0
911118,440.6,440.6,440.6,440.6,0,0
911119,443.6,443.6,443.6,443.6,0,0
911120,444.1,444.1,444.1,444.1,0,0
911121,447.6,447.6,447.6,447.6,0,0
911122,448.3,448.3,448.3,448.3,0,0
911125,447.1,447.1,447.1,447.1,0,0
911126,444.7,444.7,444.7,444.7,0,0
911127,446.7,446.7,446.7,446.7,0,0
911129,446.2,446.2,446.2,446.2,0,0
911202,445.2,445.2,445.2,445.2,0,0
911203,441,441,441,441,0,0
911204,442.5,442.5,442.5,442.5,0,0
911205,444.5,444.5,444.5,444.5,0,0
911206,445.5,445.5,445.5,445.5,0,0
911209,445,445,445,445,0,0
911210,444.5,444.5,444.5,444.5,0,0
911211,441.8,441.8,441.8,441.8,0,0
911212,432.4,432.4,432.4,432.4,0,0
911213,434.1,434.1,434.1,434.1,0,0
911216,433.7,433.7,433.7,433.7,0,0
911217,431.7,431.7,431.7,431.7,0,0
911218,433.6,433.6,433.6,433.6,0,0
911219,431.8,431.8,431.8,431.8,0,0
911220,428.8,428.8,428.8,428.8,0,0
911223,429.2,429.2,429.2,429.2,0,0
911224,428.9,428.9,428.9,428.9,0,0
911226,424,424,424,424,0,0
911227,423,423,423,423,0,0
911230,421.8,421.8,421.8,421.8,0,0
911231,423.1,423.1,423.1,423.1,0,0
920102,420.6,420.6,420.6,420.6,0,0
920103,417.4,417.4,417.4,417.4,0,0
920106,415.7,415.7,415.7,415.7,0,0
920107,415.9,415.9,415.9,415.9,0,0
920108,414.7,414.7,414.7,414.7,0,0
920109,422.6,422.6,422.6,422.6,100,100
920110,423.2,423.2,423.2,423.2,0,100
920113,420.8,420.8,420.8,420.8,0,100
920114,422.5,422.5,422.5,422.5,0,100
920115,422.3,422.3,422.3,422.3,0,100
920116,425.4,425.4,425.4,425.4,0,100
920117,422.5,422.5,422.5,422.5,0,100
920120,426.3,426.3,426.3,426.3,0,100
920121,426.2,426.2,426.2,426.2,0,100
920122,426,426,426,426,0,100
920123,422.5,422.5,422.5,422.5,10,100
920124,422.4,422.4,422.4,422.4,0,100
920127,423,423,423,423,0,100
920128,423.8,423.8,423.8,423.8,0,100
920129,423.9,423.9,423.9,423.9,0,100
920130,421.7,421.7,421.7,421.7,0,100
920131,425.2,425.2,425.2,425.2,0,100
920203,424.5,424.5,424.5,424.5,0,100
920204,424,424,424,424,0,100
920205,422.6,422.6,422.6,422.6,0,100
920206,422.7,422.7,422.7,422.7,0,100
920207,421.1,421.1,421.1,421.1,0,100
920210,422,422,422,422,0,100
920211,422.8,422.8,422.8,422.8,0,100
920212,424.8,424.8,424.8,424.8,0,100
920213,422.9,422.9,422.9,422.9,0,100
920214,420.9,420.9,420.9,420.9,0,100
920218,420.5,420.5,420.5,420.5,0,100
920219,420.4,420.4,420.4,420.4,0,100
920220,420.7,420.7,420.7,420.7,0,100
920221,419.5,419.5,419.5,419.5,0,100
920224,418.2,418.2,418.2,418.2,0,100
920225,417.4,417.4,417.4,417.4,0,100
920226,417.6,417.6,417.6,417.6,0,100
920227,421.6,421.6,421.6,421.6,0,100
920228,420.7,420.7,420.7,420.7,0,100
920302,419.5,419.5,419.5,419.5,0,100
920303,418.5,418.5,418.5,418.5,0,100
920304,419.1,419.1,419.1,419.1,0,100
920305,420.8,420.8,420.8,420.8,0,100
920306,418.7,418.7,418.7,418.7,0,100
920309,418.1,418.1,418.1,418.1,0,100
920310,417.8,417.8,417.8,417.8,0,100
920311,419.9,419.9,419.9,419.9,0,100
920312,416.6,416.6,416.6,416.6,0,100
920313,417.3,417.3,417.3,417.3,0,100
920316,413.7,413.7,413.7,413.7,0,100
920317,410.2,410.2,410.2,410.2,0,100
920318,408.3,408.3,408.3,408.3,0,100
920319,408.6,408.6,408.6,408.6,0,100
920320,408.1,408.1,408.1,408.1,0,100
920323,407.9,407.9,407.9,407.9,0,100
920324,408.8,408.8,408.8,408.8,0,100
920325,410,410,410,410,0,100
920326,409.7,409.7,409.7,409.7,0,100
920327,411,411,411,411,0,100
920330,410.4,410.4,410.4,410.4,0,100
920331,412.9,412.9,412.9,412.9,0,100
920401,412.4,412.4,412.4,412.4,0,100
920402,409.8,409.8,409.8,409.8,0,100
920403,409.2,409.2,409.2,409.2,0,100
920406,408.1,408.1,408.1,408.1,0,100
920407,406.2,406.2,406.2,406.2,0,100
920408,405,405,405,405,0,100
920409,404.8,404.8,404.8,404.8,0,100
920410,406.6,406.6,406.6,406.6,0,100
920413,404.4,404.4,404.4,404.4,0,100
920414,404.4,404.4,404.4,404.4,0,100
920415,400.5,400.5,400.5,400.5,0,100
920416,402.1,402.1,402.1,402.1,0,100
920420,401.9,401.9,401.9,401.9,0,100
920421,405.7,405.7,405.7,405.7,0,100
920422,403.8,403.8,403.8,403.8,0,100
920423,403.5,403.5,403.5,403.5,0,100
920424,401.4,401.4,401.4,401.4,0,100
920427,401.1,401.1,401.1,401.1,0,100
920428,401.1,401.1,401.1,401.1,0,100
920429,400,400,400,400,0,100
920430,401.5,401.5,401.5,401.5,0,100
920501,402.6,402.6,402.6,402.6,0,100
920504,400.9,400.9,400.9,400.9,0,100
920505,401,401,401,401,0,100
920506,400.6,400.6,400.6,400.6,0,100
920507,398.8,398.8,398.8,398.8,0,100
920508,398.8,398.8,398.8,398.8,0,100
920511,399.4,399.4,399.4,399.4,0,100
920512,397.5,397.5,397.5,397.5,0,100
920513,397.7,397.7,397.7,397.7,0,100
920514,400.1,400.1,400.1,400.1,0,100
920515,400.8,400.8,400.8,400.8,0,100
920518,401.1,401.1,401.1,401.1,0,100
920519,399.9,399.9,399.9,399.9,0,100
920520,398,398,398,398,0,100
920521,397.8,397.8,397.8,397.8,0,100
920522,398.3,398.3,398.3,398.3,0,100
920526,399.8,399.8,399.8,399.8,0,100
920527,399.7,399.7,399.7,399.7,0,100
920528,398.7,398.7,398.7,398.7,0,100
920529,397.7,397.7,397.7,397.7,0,100
920601,399.2,399.2,399.2,399.2,0,100
920602,400.8,400.8,400.8,400.8,0,100
920603,400.2,400.2,400.2,400.2,0,100
920604,400.2,400.2,400.2,400.2,0,100
920605,400.1,400.1,400.1,400.1,0,100
920608,399.5,399.5,399.5,399.5,0,100
920609,399.5,399.5,399.5,399.5,0,100
920610,399.1,399.1,399.1,399.1,0,100
920611,401.5,401.5,401.5,401.5,0,100
920612,403.9,403.9,403.9,403.9,0,100
920615,404,404,404,404,0,100
920616,402.9,402.9,402.9,402.9,0,100
920617,401.8,401.8,401.8,401.8,0,100
920618,402.7,402.7,402.7,402.7,0,100
920619,401,401,401,401,0,100
920622,403.8,403.8,403.8,403.8,0,100
920623,404.8,404.8,404.8,404.8,0,100
920624,402.5,402.5,402.5,402.5,0,100
920625,402.5,402.5,402.5,402.5,0,100
920626,401.7,401.7,401.7,401.7,0,100
920629,402.9,402.9,402.9,402.9,0,100
920630,402.2,402.2,402.2,402.2,0,100
920701,403.4,403.4,403.4,403.4,0,100
920702,404.2,404.2,404.2,404.2,0,100
920706,403.9,403.9,403.9,403.9,0,100
920707,402.8,402.8,402.8,402.8,0,100
920708,403.7,403.7,403.7,403.7,0,100
920709,404.7,404.7,404.7,404.7,0,100
920710,404.3,404.3,404.3,404.3,0,100
920713,405.1,405.1,405.1,405.1,0,100
920714,407,407,407,407,0,100
920715,409.4,409.4,409.4,409.4,0,100
920716,407.7,407.7,407.7,407.7,0,108
920717,412.7,412.7,412.7,412.7,0,108
920720,413.9,413.9,413.9,413.9,0,108
920721,413.4,413.4,413.4,413.4,0,108
920722,414.4,414.4,414.4,414.4,0,108
920723,413.6,413.6,413.6,413.6,0,108
920724,414.2,414.2,414.2,414.2,0,108
920727,412.9,412.9,412.9,412.9,0,108
920728,413.8,413.8,413.8,413.8,0,108
920729,410.7,410.7,410.7,410.7,0,108
920730,410.9,410.9,410.9,410.9,0,108
920731,412.3,412.3,412.3,412.3,0,108
920803,407.4,407.4,407.4,407.4,0,108
920804,407.6,407.6,407.6,407.6,0,108
920805,403,404,403,404,1,109
920806,403.8,403.8,403.8,403.8,0,109
920807,405,405,405,405,0,109
920810,404.5,404.5,404.5,404.5,0,109
920811,401.1,401.1,401.1,401.1,0,109
920812,390.8,390.8,390.8,390.8,0,109
920813,385.5,385.5,385.5,385.5,0,109
920814,387,387,385.5,385.5,18,121
920817,387.6,387.6,387.6,387.6,0,119
920818,386.1,386.1,386.1,386.1,0,119
920819,388.2,388.2,388.2,388.2,0,119
920820,386.1,386.1,386.1,386.1,0,119
920821,386,386,386,386,0,119
920824,390.7,390.7,390.7,390.7,0,119
920825,390,390,389.7,389.7,1,119
920826,387.2,387.2,387.2,387.2,0,119
920827,388,388,388,388,0,119
920828,388.6,388.6,388.6,388.6,0,119
920831,391.5,391.5,391.5,391.5,0,122
920901,389.6,389.6,389.6,389.6,0,123
920902,387,387,387,387,0,120
920903,389.1,389.1,389.1,389.1,0,120
920904,387.2,387.2,387.2,387.2,0,120
920908,388,388,388,388,0,120
920909,387.5,387.5,387.5,387.5,0,120
920910,387.4,387.4,387.4,387.4,0,120
920911,386.1,386.1,386.1,386.1,0,120
920914,390.3,390.3,390.3,390.3,0,120
920915,390,390,390,390,0,120
920916,393.3,393.3,393.3,393.3,0,120
920917,393,393,391.1,391.1,0,121
920918,394.3,394.3,394.3,394.3,0,121
920921,392,392,390.7,390.7,0,123
920922,392.3,392.3,392.3,392.3,0,123
920923,392,392,392,392,0,123
920924,392,392.6,392,392.6,2,121
920925,392.5,392.5,392.5,392.5,0,121
920928,390.8,390.8,390.8,390.8,0,121
920929,391.3,391.3,391.3,391.3,0,121
920930,390.1,390.1,390.1,390.1,0,121
921001,389.5,389.5,389.5,389.5,0,121
921002,390,390,390,390,0,121
921005,392.4,392.4,392.4,392.4,0,121
921006,391.2,391.2,391.2,391.2,0,121
921007,392.5,392.5,392.5,392.5,0,121
921008,390.8,390.8,390.8,390.8,0,121
921009,391.4,391.4,391.4,391.4,0,121
921012,385.6,385.6,385.6,385.6,0,121
921013,384.3,384.3,384.3,384.3,2,119
921014,383.8,383.8,383.8,383.8,0,119
921015,382.2,382.2,382.2,382.2,0,119
921016,383.6,383.6,383.6,383.6,0,119
921019,386,386,384,384,4,123
921020,387.6,387.6,387.6,387.6,0,123
921021,387.8,387.8,387.8,387.8,100,202
921022,386.4,386.4,386.4,386.4,0,202
921023,387.7,387.7,387.7,387.7,0,202
921026,385.2,385.2,385.2,385.2,0,202
921027,380.5,380.5,380.5,380.5,0,202
921028,382.3,382.3,382.3,382.3,110,312
921029,382.5,382.5,382.5,382.5,0,312
921030,382.4,382.4,382.4,382.4,0,312
921102,383,383,383,383,0,312
921103,382.2,382.2,380.4,380.4,3,315
921104,379.9,379.9,379.9,379.9,0,315
921105,381,381,379,379,0,315
921106,379,379,379,379,0,0
921109,376.1,376.1,376.1,376.1,0,315
921110,373.2,373.2,373.2,373.2,0,315
921111,375.2,375.2,375.2,375.2,0,315
921112,376.1,376.1,376.1,376.1,0,315
921113,375.4,375.4,375.4,375.4,220,535
921116,375.1,375.1,375.1,375.1,0,535
921117,376,376,376,376,30,562
921118,376.5,376.5,376.5,376.5,0,562
921119,376.6,376.6,376.6,376.6,0,562
921120,377.1,377.1,377.1,377.1,0,562
921123,376.4,376.4,376.4,376.4,0,562
921124,376.5,376.5,376.5,376.5,2,562
921125,377.7,377.7,377.7,377.7,50,562
921127,378.7,378.7,378.7,378.7,0,562
921130,379.7,379.7,379.7,379.7,0,562
921201,380.1,380.1,380.1,380.1,0,562
921202,380.9,380.9,380.9,380.9,20,582
921203,380.3,380.3,380.3,380.3,0,582
921204,380.2,380.2,380.2,380.2,0,582
921207,379.9,379.9,379.9,379.9,0,582
921208,378.9,378.9,378.9,378.9,100,682
921209,377,377,377,377,0,682
921210,377.3,377.3,377.3,377.3,0,682
921211,378.3,378.3,378.3,378.3,0,682
921214,377.7,377.7,377.7,377.7,0,682
921215,376.8,376.8,376.8,376.8,100,722
921216,380,380,380,380,0,722
921217,380.5,380.5,380.5,380.5,0,722
921218,381,381,379,379,3,723
921221,375.8,375.8,375.8,375.8,0,723
921222,374,374,374,374,0,723
921223,377,377,374.6,374.6,1,723
921224,374.4,374.4,374.4,374.4,0,723
921228,374.5,374.5,374.5,374.5,0,723
921229,373.5,373.5,373.5,373.5,0,723
921230,374,374,374,374,0,723
921231,373.9,373.9,373.9,373.9,3,723
930104,368.5,368.5,368.5,368.5,1,723
930105,368,368,368,368,0,723
930106,369.1,369.1,369.1,369.1,0,723
930107,368.8,368.8,368.8,368.8,0,723
930108,369,369,369,369,0,723
930111,367.5,367.5,367.5,367.5,10,723
930112,367,369.5,367,369.5,10,725
930113,367.8,367.8,367.8,367.8,0,725
930114,366.8,366.8,366.8,366.8,27,725
930115,366,366,366,366,0,725
930118,365.5,365.5,365.5,365.5,150,848
930119,367.5,367.5,366.2,366.2,1,848
930120,367.3,367.3,367.3,367.3,0,848
930121,366.7,366.7,366.7,366.7,0,848
930122,365.7,365.7,365.7,365.7,0,848
930125,365.3,365.3,365.3,365.3,0,848
930126,367.5,367.5,367.5,367.5,0,848
930127,366.3,366.3,366.3,366.3,0,848
930128,367.2,367.2,367.2,367.2,0,848
930129,366.9,366.9,366.9,366.9,0,848
930201,366.8,366.8,366.8,366.8,0,848
930202,366.7,366.7,366.7,366.7,0,848
930203,365.5,365.5,365.5,365.5,0,848
930204,365,365,365,365,0,848
930205,363.9,363.9,363.9,363.9,0,848
930208,365,365,363.5,363.5,201,848
930209,365,365,364,364,2,848
930210,368.3,368.3,368.3,368.3,0,848
930211,367.4,367.4,367.4,367.4,0,848
930212,364.6,364.6,364.6,364.6,0,848
930216,368.1,368.1,368.1,368.1,0,848
930217,364.4,364.4,364.4,364.4,100,749
930218,363.5,363.7,363.5,363.7,2,750
930219,363.2,363.2,363.2,363.2,0,750
930222,360.7,360.7,360.7,360.7,0,750
930223,361.7,361.7,361.7,361.7,1,750
930224,360.4,360.4,360.4,360.4,0,750
930225,360.1,360.1,360.1,360.1,0,750
930226,358.2,358.2,358.2,358.2,0,750
930301,357.8,357.8,357.8,357.8,0,750
930302,359.2,359.2,359.2,359.2,0,750
930303,358.2,358.2,358.2,358.2,0,750
930304,357.5,357.5,357.5,357.5,0,750
930305,360,360,360,360,0,750
930308,357.2,357.2,357.2,357.2,0,749
930309,357.6,357.6,357.6,357.6,0,749
930310,357.3,357.3,357.3,357.3,0,749
930311,358,358,358,358,5,752
930312,359.5,359.5,359.5,359.5,0,752
930315,360.7,360.7,360.7,360.7,0,752
930316,359.8,359.8,359.8,359.8,0,752
930317,359.9,359.9,359.9,359.9,0,752
930318,360.9,360.9,360.9,360.9,0,752
930319,362,362,362,362,2,752
930322,363,363,363,363,4,752
930323,362.2,362.2,362.2,362.2,0,752
930324,362.6,362.6,362.6,362.6,125,752
930325,362.5,362.5,362.5,362.5,0,752
930326,362.8,362.8,362.8,362.8,0,752
930329,362.6,362.6,362.6,362.6,0,752
930330,367.4,367.4,367.4,367.4,0,752
930331,370,370,367.8,367.8,3,752
930401,368.5,368.5,368.5,368.5,0,752
930402,370.7,370.7,370.7,370.7,0,752
930405,369,369,369,369,0,752
930406,367.1,367.1,367.1,367.1,0,752
930407,367.5,367.5,367.5,367.5,206,921
930408,366.2,366.2,366.2,366.2,0,921
930412,365.2,365.2,365.2,365.2,0,921
930413,365.7,365.7,365.7,365.7,0,921
930414,367.7,367.7,367.7,367.7,0,921
930415,365.2,365.2,365.2,365.2,0,921
930416,367.1,367.1,367.1,367.1,0,921
930419,368.4,368.4,368.4,368.4,0,921
930420,368,368,368,368,0,921
930421,367.5,367.5,367.3,367.5,2,922
930422,367.9,367.9,367.9,367.9,0,922
930423,374,374,374,374,0,922
930426,378,380.5,378,380.5,2,924
930427,380,380,379.2,379.2,2,926
930428,381.8,381.8,381.8,381.8,2,928
930429,384.5,385.8,384.5,385.1,110,1032
930430,385.1,385.1,385.1,385.1,0,1032
930503,386,386,382.9,382.9,1,1032
930504,383,383,382.9,382.9,1,1033
930505,382.7,382.7,382.7,382.7,150,1033
930506,385.7,385.7,385.7,385.7,5,1038
930507,384.8,384.8,384.8,384.8,0,1038
930510,384.8,384.8,384.8,384.8,0,1038
930511,385.3,385.3,385.3,385.3,0,1038
930512,387,390.4,387,390.4,23,1040
930513,400,400,398.3,398.3,23,1048
930514,396.5,397.2,396.5,397.2,40,1066
930517,399,399,397.4,397.4,3,1067
930518,406.1,406.1,406.1,406.1,2,1067
930519,415,415,404.5,404.5,6,1068
930520,405,405,405,405,23,1049
930521,408.5,408.6,408.5,408.6,82,1086
930524,406.5,411,405.1,405.1,1,1088
930525,408.1,409.6,408.1,409.6,24,1093
930526,407,407,406.3,406.3,13,1096
930527,412.4,412.4,412.4,412.4,0,1096
930528,409.3,409.3,409.3,409.3,28,1114
930601,408,408.5,399.9,399.9,10,1114
930602,397,399.3,397,399.3,20,1125
930603,404.5,404.5,404.5,404.5,0,1125
930604,408.1,408.1,408.1,408.1,0,1125
930607,405.3,405.3,405.3,405.3,0,1125
930608,406.5,406.5,405.6,405.6,1,1123
930609,403,403,403,403,66,1122
930610,401,401,401,401,70,1155
930611,394,396.6,394,396.6,40,1144
930614,394,395.4,394,395.4,28,1137
930615,399.7,399.7,399.7,399.7,0,1137
930616,400,400.4,400,400.4,1,1137
930617,400.9,400.9,400.9,400.9,100,1053
930618,401.5,401.5,401.5,401.5,5,1153
930621,399,400.1,399,400.1,255,1194
930622,398.7,398.7,398.7,398.7,0,1199
930623,404.7,404.7,404.7,404.7,235,1404
930624,405.5,405.5,405.5,405.5,0,1404
930625,407.9,407.9,407.9,407.9,0,1404
930628,405.7,405.7,405.7,405.7,1,1404
930629,409.1,409.1,409.1,409.1,0,1404
930630,408.7,408.7,408.7,408.7,0,1404
930701,410,417.9,410,417.9,1,1403
930702,417.5,419.5,416.5,416.5,14,1413
930706,423.5,423.5,423.5,423.5,0,1416
930707,429,429,425.5,428,109,1470
930708,427,428,425.8,425.8,120,1558
930709,422,422.6,422,422.6,4,1561
930712,425.4,425.4,425.4,425.4,152,1465
930713,425.1,425.1,425.1,425.1,0,1465
930714,421.6,421.6,421.6,421.6,0,1465
930715,425.5,425.5,424.2,424.2,10,1468
930716,423.2,423.2,423.2,423.2,0,1468
930719,422.8,422.8,422.8,422.8,0,1468
930720,422.6,422.6,422.6,422.6,5,1470
930721,420.2,420.2,420.2,420.2,0,1470
930722,419.5,422.4,419.5,422.4,11,1471
930723,421.7,421.7,421.7,421.7,0,1471
930726,424.9,424.9,424.9,424.9,25,1486
930727,423,423,423,423,2,1488
930728,425.6,425.6,425.6,425.6,0,1488
930729,427,429.5,427,429.5,82,1487
930730,435,439.5,435,439.2,25,1467
930802,438.3,438.3,438.3,438.3,0,1467
930803,435.4,435.4,435.4,435.4,5,1467
930804,433,434.5,430.8,430.8,13,1469
930805,419,419,406.8,406.8,1,1470
930806,405.6,405.6,405.6,405.6,0,1483
930809,411.5,412.2,410,412.2,22,1482
930810,409.8,409.8,409.8,409.8,52,1470
930811,410,410,403.5,404.1,47,1454
930812,402,402,395.7,395.7,26,1460
930813,397.2,397.2,397.2,397.2,17,1453
930816,400.7,400.7,400.7,400.7,39,1455
930817,400,400,399.3,399.3,12,1448
930818,401.9,401.9,401.9,401.9,0,1448
930819,398.7,398.7,398.7,398.7,0,1448
930820,400.5,400.5,400.5,400.5,4,1448
930823,401.3,401.3,399.6,399.6,2,1446
930824,399,399,399,399,0,1458
930825,399.1,399.1,399.1,399.1,0,1458
930826,395,395,393.7,393.7,20,1468
930827,395.3,395.3,395.3,395.3,0,1468
930830,396.5,396.5,396.5,396.5,1,1468
930831,397,399.1,397,399.1,15,1473
930902,389.6,389.6,389.4,389.4,10,1471
930903,389,389.5,388.5,389.4,70,1506
930907,377.5,378,373.5,374.3,7,1507
930908,376,376,375.6,375.6,4,1504
930909,378,379.3,378,379.3,1,1505
930910,373,374.7,373,374.7,6,1504
930913,371,371,366.9,366.9,23,1503
930914,369,369.2,369,369.2,40,1520
930915,372,372,372,372,34,1536
930916,377.2,377.2,377.2,377.2,0,1538
930917,375.3,375.3,375.3,375.3,0,1538
930920,378,378,378,378,0,1538
930921,378,387.7,378,387.7,5,1543
930922,378.7,378.7,378.7,378.7,0,1543
930923,382.7,382.7,382.7,382.7,0,1543
930924,382.1,382.1,382.1,382.1,0,1544
930927,378.3,378.3,378.3,378.3,10,1545
930928,379.8,379.8,379.8,379.8,10,1540
930929,377.3,377.3,377.3,377.3,2,1538
930930,380,380,380,380,2,1538
931001,379.5,380,379.5,379.7,2,1538
931004,376,377.4,376,377.4,1,1537
931005,377.5,377.5,377.5,377.5,0,1537
931006,379.5,380.9,379.5,380.9,21,1525
931007,381.3,381.3,381.3,381.3,0,1524
931008,384.2,384.2,384.2,384.2,0,1524
931011,384.4,384.4,384.4,384.4,0,1524
931012,385,392,385,392,1,1525
931013,390.7,390.7,390.7,390.7,0,1525
931014,389.8,389.8,389.8,389.8,0,1525
931015,389.4,389.4,389.4,389.4,0,1525
931018,393.5,393.5,392.8,392.8,3,1525
931019,393.5,393.5,393.5,393.5,0,1525
931020,394.5,397.1,394.5,397.1,22,1516
931021,395.9,395.9,395.9,395.9,0,1516
931022,394.4,394.4,394.4,394.4,10,1509
931025,393.6,393.6,393.6,393.6,21,1507
931026,392,393.4,392,393.4,7,1512
931027,396,396,394,394,10,1521
931028,393.5,393.5,393.5,393.5,10,1521
931029,392.8,392.8,392.8,392.8,19,1506
931101,386,386,385.3,385.3,1,1506
931102,387.3,387.3,387.3,387.3,565,1791
931103,391.7,391.7,391.7,391.7,13,1794
931104,396.3,396.3,396.3,396.3,23,1804
931105,402.5,402.5,402.5,402.5,200,1804
931108,400.2,400.2,400.2,400.2,0,1804
931109,401.3,401.3,401.3,401.3,8,1801
931110,402,402.2,402,402.2,1,1802
931111,401.3,401.3,401.3,401.3,19,1811
931112,399,399,398.5,398.5,6,1816
931115,400.5,400.5,400.5,400.5,30,1809
931116,399.5,399.5,399.5,399.5,2,1810
931117,398,402,398,402,1,1810
931118,401.7,401.7,401.7,401.7,1,1810
931119,404,404,404,404,0,1810
931122,404.2,404.2,404.2,404.2,10,1816
931123,403,403.1,403,403.1,1,1817
931124,402.9,402.9,402.9,402.9,0,1817
931129,396.9,396.9,395,395,79,1858
931130,395.4,395.4,395.4,395.4,2,1858
931201,400.1,400.1,400.1,400.1,10,1868
931202,401.5,401.5,399.1,399.1,17,1870
931203,404.5,404.5,402.1,402.1,1,1871
931206,401.8,401.8,401.8,401.8,520,1871
931207,403.4,403.4,403.4,403.4,115,2001
931208,410.3,410.3,409.9,409.9,14,2009
931209,408.6,408.6,408.6,408.6,0,2009
931210,408.2,409.1,408.2,409.1,1,2010
931213,412.8,412.8,412.8,412.8,2,2012
931214,413.2,413.2,412.8,412.8,2,2014
931215,413.5,413.5,413.5,413.5,145,2099
931216,413.5,413.5,412.3,412.3,109,2116
931217,412.5,413.5,412.5,413.5,7,2110
931220,415.4,415.4,415.4,415.4,3,2110
931221,414.4,414.4,414,414,14,2116
931222,411.2,411.7,411.2,411.6,0,2111
931223,411.4,411.4,411.4,411.4,10,2121
931227,413.5,413.5,413.5,413.5,0,2121
931228,412.9,412.9,412.9,412.9,10,2129
931229,417.5,418,416.3,416.3,12,2140
931230,417,418,416.7,416.7,202,2301
940103,418.3,419.8,418.3,419.8,4,2303
940104,420.6,420.6,419.5,420.2,60,2307
940105,417.4,417.4,417.4,417.4,1,2307
940106,415,415.7,415,415.5,56,2319
940107,413.5,413.5,411.9,411.9,4,2319
940110,408.5,410,408.5,410,2,2319
940111,411,413.1,411,413.1,20,2339
940112,411.2,411.2,411.2,411.2,10,2334
940113,415.5,415.5,415.5,415.5,660,2598
940114,417,417,415.1,415.1,126,2587
940117,417.2,417.2,417.2,417.2,5,2594
940118,420.5,420.5,417.8,418.7,5,2597
940119,417.6,417.6,417.6,417.6,294,2629
940120,412.7,412.7,412.7,412.7,0,2629
940121,406.4,406.4,406.4,406.4,0,2629
940124,404,406,403.8,406,2,2630
940125,406.2,406.2,406.2,406.2,17,2613
940126,409.3,409.3,409.3,409.3,0,2613
940127,402.1,402.1,402.1,402.1,474,2931
940128,401.2,401.2,401.2,401.2,0,2931
940131,402,405.8,402,405.8,1,2564
940201,406.5,408.5,406.5,408.5,11,2566
940202,409.3,409.3,409.3,409.3,568,2593
940203,412,412.2,411,412.2,28,2586
940204,415,415,411.9,411.9,25,2601
940207,407,410,404.7,404.7,59,2606
940208,407,409,406.5,408.4,9,2610
940209,409,410,409,410,1,2610
940210,407.2,408.4,407.2,408.4,242,2538
940211,406.9,406.9,406.9,406.9,407,2943
940214,408.5,410.9,408.5,410.9,12,2952
940215,410.8,410.8,410.8,410.8,0,2952
940216,410.6,410.6,410.6,410.6,0,2952
940217,413.5,413.5,409.6,409.6,117,2999
940218,405,406.9,405,406.9,30,3006
940222,404.5,404.6,404.5,404.6,128,3098
940223,402,404.6,402,404.6,8,3096
940224,405,405,403.6,403.6,173,3064
940225,406,406,406,406,38,3069
940228,409.5,409.5,408.8,408.8,91,3081
940301,429,429,405.9,405.9,314,3179
940302,404,405.7,404,405.7,128,3167
940303,405.7,405.7,405.2,405.2,180,3221
940304,404,405.8,403,405.8,15,3228
940307,404,404,404,404,34,3205
940308,404.9,404.9,404.9,404.9,65,3244
940309,407.9,408,407.7,407.7,132,3289
940310,408.3,416.8,408.3,416.8,139,3345
940311,416.2,416.2,414.5,414.5,896,3773
940314,415.7,415.7,415.7,415.7,350,3933
940315,417.2,417.2,416.1,416.1,663,3567
940316,414.5,414.5,414,414,130,3548
940317,412,412,411.4,411.4,88,3587
940318,415.2,416.6,415.2,416.6,27,3580
940321,417.2,417.2,415.4,415.4,51,3601
940322,418.7,419.1,416.5,419.1,50,3627
940323,416.7,416.7,416.7,416.7,422,3947
940324,420.7,422.8,420.7,422.1,470,4122
940325,421.4,421.4,421.4,421.4,102,4127
940328,420,420,418.3,418.3,96,4188
940329,416.4,416.4,416.4,416.4,156,4288
940330,416.6,416.6,416.6,416.6,47,4312
940331,419,422.6,419,422.6,205,4476
940404,423,423,418.3,418.3,6,4477
940405,416.2,416.2,416.2,416.2,24,4487
940406,416.6,416.6,416.4,416.4,37,4512
940407,415.2,415.4,415.2,415.4,2,4511
940408,415,415.6,415,415.6,5,4510
940411,415.2,415.2,409,409.2,19,4517
940412,409.4,410,407,409.6,31,4524
940413,409,409.2,409,409.2,40,4526
940414,409.6,409.6,409.6,409.6,41,4537
940415,408.4,408.7,408.4,408.7,8,4544
940418,408.6,408.6,408.6,408.6,55,4594
940419,404.5,405,402.5,403.3,61,4612
940420,403.5,404,402.5,404,33,4621
940421,404.2,404.2,404.2,404.2,222,4664
940422,403.9,403.9,400.5,401.4,219,4787
940425,403.5,404.2,403.5,404.2,200,4724
940426,404.6,404.6,404.6,404.6,252,4667
940428,404,406.5,404,406.5,64,4823
940429,407.8,407.9,407.8,407.8,276,4716
940502,407.1,407.6,407.1,407.6,128,4680
940503,407.6,407.6,407.6,407.6,356,4580
940504,408.5,408.5,408.5,408.5,79,4483
940505,405.5,405.5,405.5,405.5,2,4483
940506,417,417,416.2,416.2,65,4496
940509,414.5,414.7,414,414.7,227,4520
940510,412.2,412.2,412.2,412.2,86,4434
940511,415.5,415.5,415.5,415.5,74,4473
940512,412.5,413.4,412.5,413.4,339,4521
940513,414.3,414.3,414.3,414.3,10,4531
940516,416.6,416.6,416.6,416.6,33,4548
940517,416.2,416.2,414.9,414.9,11,4554
940518,414,414.2,411.7,414.2,29,4534
940519,412.6,412.6,412.6,412.6,14,4544
940520,417.5,417.5,417.5,417.5,26,4534
940523,419.2,422,419.2,422,55,4534
940524,420,420,419.3,419.3,425,4672
940525,418.9,418.9,418.9,418.9,80,4669
940526,416.2,416.2,416,416,227,4633
940527,418.5,418.5,416.6,416.6,32,4622
940531,420,420,419,419,54,4622
940601,420.3,420.3,415.3,415.3,2,4624
940602,415,415.7,414.5,415.7,32,4643
940603,414,414,411.9,411.9,325,4551
940606,410.9,410.9,410.9,410.9,40,4497
940607,412.5,412.5,411.5,411.5,4,4497
940608,412.5,412.5,411.8,411.8,3,4500
940609,413.2,413.2,413.2,413.2,72,4459
940610,413.7,413.7,413.7,413.7,5,4429
940613,413.7,413.7,413.7,413.7,386,4592
940614,412.7,414.4,412.7,414.4,203,4503
940615,417,417,417,417,43,4519
940616,415.7,415.7,415.7,415.7,0,4519
940617,418.5,422.1,418.5,422.1,4,4518
940620,419.3,419.3,419.3,419.3,0,4518
940621,425.5,425.5,424.9,424.9,270,4681
940622,423,423,420,420,301,4851
940623,419.7,421,419.7,420,425,5045
940624,421.6,421.6,421.6,421.6,135,5151
940627,418,418,414.9,414.9,8,5152
940628,416.6,416.6,416.6,416.6,0,5152
940629,415,415.5,415,415,10,5162
940630,416.3,416.3,416.3,416.3,151,5313
940701,417.1,417.1,417.1,417.1,0,5313
940705,418,418,415.9,415.9,13,5306
940706,416,416,413.5,413.5,4,5304
940707,413.8,413.8,413.8,413.8,1282,5039
940708,411.5,413.5,411.5,413.5,358,5120
940711,416.5,416.5,416.5,416.5,0,5120
940712,414.6,414.6,414.6,414.6,200,5125
940713,412.5,412.5,412.5,412.5,300,5416
940714,412.4,412.4,412.4,412.4,146,5374
940715,413,413.9,413,413.9,387,5047
940718,413.7,413.7,413.7,413.7,50,5080
940719,412,414.4,412,414.4,59,5043
940720,413.1,413.1,413.1,413.1,105,5056
940721,411.8,411.8,411.8,411.8,3,5057
940722,412.9,412.9,412.6,412.6,2,5057
940725,412.5,412.5,412.5,412.5,0,5057
940726,414.8,414.8,414.8,414.8,1,5057
940727,415.7,415.7,415.7,415.7,0,5057
940728,412.8,412.8,412.8,412.8,7,5057
940729,412,412,410.2,410.2,18,5040
940801,410.5,410.5,410,410.1,148,4957
940802,406,406,404.8,404.8,110,4856
940803,405.2,405.2,403,403.5,43,4832
940804,403,403.5,403,403.3,14,4846
940805,404.8,404.8,403.8,403.8,161,4807
940808,403.3,403.3,403.2,403.2,6,4906
940809,404.5,404.5,404.1,404.1,44,4911
940810,403.7,403.7,403.7,403.7,1,4911
940811,404,405.3,404,405.3,18,4922
940812,404.8,404.8,402.6,402.6,133,5019
940815,402.9,403.5,402.9,403.5,2,5017
940816,402.3,404,402.3,404,3,5022
940817,403,403,403,403,10,5032
940818,406.4,407.2,406.4,406.9,21,5023
940819,406.9,407.9,406.9,407.9,36,5043
940822,408.2,408.5,407.7,407.7,619,5181
940823,407.5,407.5,407.5,407.5,35,5168
940824,408,409.6,408,409.6,163,5229
940825,409.2,409.2,409.1,409.1,1,5228
940826,408,408.7,408,408.7,135,5175
940829,412.7,412.7,412.7,412.7,68,5169
940830,412.6,412.6,411.7,411.7,71,5206
940831,411.6,411.6,411.6,411.6,0,5206
940901,412.1,412.1,412.1,412.1,70,5261
940902,412.2,412.2,412.2,412.2,156,5316
940906,413.1,413.1,413.1,413.1,120,5246
940907,415,415.3,415,415.3,11,5246
940908,416.2,416.3,415.5,415.5,56,5248
940909,417,417,417,417,885,5616
940912,416.8,416.8,416,416.1,25,5621
940913,415.5,415.6,414.1,415.6,70,5658
940914,414,414,414,414,0,5660
940915,412,412.9,412,412.9,597,5711
940916,414.8,414.8,414.8,414.8,50,5712
940919,414.8,414.8,414.8,414.8,12,5714
940920,419,419,418.6,418.6,307,5520
940921,420.4,420.5,419.1,419.4,333,5387
940922,419.4,421.1,419.4,420.7,354,5359
940923,421,421.4,421,421.4,706,5661
940926,421.6,421.6,419.2,419.6,1164,5712
940927,420.9,423.1,420.9,423.1,52,5739
940928,421.9,422.5,419.5,419.5,394,6032
940929,420,420.7,420,420.4,1523,7401
940930,419.3,419.3,419.3,419.3,25,7406
941003,418.2,421,418.2,420.2,28,7406
941004,418,418,417,417.7,121,7413
941005,417.7,417.7,417.4,417.4,273,7285
941006,417,417.4,417,417.3,12,7293
941007,415.9,415.9,415.9,415.9,21,7307
941010,415.9,415.9,415.6,415.6,36,7328
941011,411,412.3,411,412.3,4,7327
941012,413,413,412.7,412.7,6,7327
941013,413.1,413.1,410.3,410.6,6,7328
941014,412,412,412,412,15,7330
941017,413.2,414.1,413.2,414.1,6,7335
941018,414.5,414.5,413.2,413.5,24,7335
941019,415.8,415.8,414.5,414.5,8,7337
941020,415.3,415.9,415.3,415.9,222,7404
941021,415.7,415.7,415.7,415.7,100,7444
941024,414.3,414.4,414.3,414.3,470,7849
941025,414.2,414.2,414.2,414.2,134,7848
941026,413.9,414,412.9,414,42,7879
941027,415,415,413.3,413.3,9,7881
941028,413.3,413.3,411.6,411.6,52,7897
941031,409,409.5,407.8,407.8,120,7906
941101,408,409.5,408,408.8,25,7929
941102,408.7,408.9,408.7,408.9,132,7924
941103,408.9,408.9,407.5,407.8,30,7933
941104,408.3,408.8,408.3,408.4,521,7957
941107,407.6,407.6,407,407,21,7964
941108,408.5,408.5,408.5,408.5,506,7923
941109,408.2,408.2,408.2,408.2,1536,8091
941110,409,409.6,408.5,409.6,80,8131
941111,409,409.4,409,409.4,232,8249
941114,409.6,409.6,409,409,1413,9486
941115,411.3,411.6,411.1,411.1,169,9567
941116,409.5,411.4,409.5,410.8,23,9563
941117,410.2,410.2,410.2,410.2,261,9710
941118,408.6,408.8,408,408.8,1197,9470
941121,408,408,407,408,617,9690
941122,408.5,409,408.4,408.4,1538,10847
941123,409,410,408.8,408.8,618,11037
941128,409.3,409.3,407.4,407.4,665,11241
941129,408.2,408.6,407,407.2,512,11228
941130,408.3,408.5,405.1,405.6,669,11450
941201,405,405.5,401,403.4,3470,9423
941202,402.6,404.1,400.5,400.5,616,9259
941205,401.1,401.3,399.5,400.8,262,9328
941206,401.9,401.9,400.4,400.9,916,9462
941207,401.3,402.2,400.2,401,77,9561
941208,400.5,401.8,400.5,401.8,28,9557
941209,400.3,402,400.3,402,146,9502
941212,402.3,402.4,402,402.4,207,9342
941213,403.5,403.5,402.4,402.4,11,9341
941214,405.5,405.5,403.2,403.2,789,9445
941215,403.2,404.4,403.2,404.4,391,9567
941216,404.5,404.8,402.5,402.9,51,9506
941219,403.5,403.5,403.4,403.4,75,9526
941220,405,406,405,406,75,9492
941221,405.2,406.3,405.2,405.6,19,9491
941222,405,405.5,405,405,1430,10333
941223,404.4,404.4,404.4,404.4,100,10125
941227,404.9,405.5,404.3,405.4,390,10131
941228,406,407.8,406,407.4,56,10139
941229,406.8,408.2,406.4,406.4,438,10550
941230,405.9,407,405.9,406.7,110,10521
950103,405.4,405.6,403.2,403.2,155,10549
950104,402,402,397.1,397.1,396,10697
950105,397,398.3,397,398.3,2278,11748
950106,397.6,397.6,392.7,393.5,508,11592
950109,394.5,395,393.3,395,510,11664
950110,395.3,396.9,395.3,396.1,38,11662
950111,397.4,398.5,397.3,398.1,755,12072
950112,402,403,402,402.4,901,12623
950113,400,400,399.4,399.8,348,12872
950116,398.7,398.7,398,398.6,953,12568
950117,399.9,401.5,399.9,401.1,218,12518
950118,406,406,403,403.1,2304,12785
950119,404.3,404.4,403.7,404,127,12783
950120,405,406,405,405.8,169,12778
950123,406,406,401,401.5,202,12779
950124,402.1,402.1,401.5,401.8,564,13083
950125,402.3,402.3,400.5,400.5,338,13201
950126,401.1,401.1,400.2,400.8,100,13206
950127,398,398,394.3,395.2,243,13321
950130,395.2,395.4,394.4,395.2,19,13315
950131,393.8,393.8,393.5,393.5,84,13309
950201,394.9,395.4,394.6,394.6,320,13270
950202,394,395.1,394,395.1,70,13244
950203,394,394.1,393.5,394.1,45,13220
950206,393.5,393.8,392.5,393.5,180,13190
950207,393.4,393.4,392.4,392.5,210,13329
950208,392.9,393.5,392.3,393.5,31,13349
950209,393.7,395.4,393.7,394,600,13275
950210,394.4,394.6,393.5,393.9,325,13364
950213,392,393.4,392,393.4,293,13190
950214,394.1,394.1,393.8,393.9,535,13115
950215,395.2,395.2,393.7,393.8,509,12735
950216,394.4,394.4,393.6,393.7,356,12725
950217,396.3,396.3,395.5,395.8,38,12727
950221,396.5,396.5,395.8,395.8,12,12727
950222,396.5,397.1,396.2,396.2,973,12695
950223,395.3,396.1,395.3,395.5,99,12696
950224,396.7,396.7,392,392.5,156,12772
950227,393.3,393.3,391.4,391.9,122,12720
950228,391.3,392.2,390.8,392.2,19,12717
950301,391.3,391.3,388.5,389.8,86,12683
950302,390,391.6,389.6,391.6,65,12648
950303,392.3,392.3,391,391.6,4,12668
950306,393.5,394.4,392.4,394.2,159,12688
950307,394.8,399.9,394.8,399.2,399,12716
950308,396.4,397.4,393.3,394.4,133,12785
950309,396,397,395.3,396,145,12805
950310,396.8,397.7,396,396.7,118,12813
950313,398.2,401.5,398.2,399.5,411,12966
950314,398.8,399.9,398.8,399.7,176,12965
950315,400.5,401.7,400.4,400.4,302,12974
950316,398.8,398.8,397.1,398.6,104,12956
950317,396.8,397.4,395,397.1,740,13518
950320,395.7,397,395.7,396.4,200,13682
950321,396.5,397.2,395.6,395.6,1352,14259
950322,395,396.8,395,396.2,532,14208
950323,397,397,396.5,396.8,1645,13364
950324,397.2,397.2,394.3,395,185,13434
950327,395,395.2,394.2,394.7,141,13462
950328,395.6,395.6,395.6,395.6,1312,13992
950329,396.5,396.7,394.5,395,146,14007
950330,398.7,398.7,398.7,398.7,875,14263
950331,399.3,408.5,399.3,404.7,372,14289
950403,405,407.3,405,405.4,560,14562
950404,403.5,406.1,403.5,405.7,379,14709
950405,407.7,407.7,407.7,407.7,766,14718
950406,407.5,408.7,406.3,407,1498,15704
950407,406.5,407.5,406.2,406.2,83,15709
950410,403.1,405,402,403.1,358,15773
950411,403.5,404.3,403.4,403.4,440,15813
950412,403.2,403.5,403,403.1,116,15816
950413,402.6,403,401.6,402.7,705,15910
950417,405.2,408,405.2,406.9,113,15959
950418,406.8,408.7,405.8,408.1,741,15870
950419,408.8,410.3,407.5,407.9,375,15830
950420,406.9,406.9,404.5,405,1281,16158
950421,402.9,404,402.1,402.9,180,16184
950424,403.4,404.4,403.4,403.5,285,16393
950425,402.9,403.2,402,402.6,462,16552
950426,402,402,397.3,398.2,1461,15645
950427,398.1,400.5,398.1,399.9,1064,15422
950428,400.5,402.4,397.7,398.6,772,15500
950501,398.7,400.5,398.7,400.2,3296,16363
950502,399.7,402.3,399.7,401,1057,17175
950503,401.3,401.7,400.5,401.7,141,17178
950504,401.6,404.3,401.6,403.1,2003,16906
950505,403.2,403.2,400,402.3,1035,16186
950508,401.7,402.5,400.8,400.8,132,16193
950509,400.2,400.9,393,394.3,2173,17308
950510,394,394.7,392.8,394.1,1058,17373
950511,394.4,395,393,394.2,332,17494
950512,393.7,396,393.4,394,430,17494
950515,394.3,395.7,394.3,395.3,258,17507
950516,394.7,395.7,394.1,395.2,389,17561
950517,394.5,394.9,393.2,393.9,1357,18319
950518,393.5,394.2,392.5,393.9,953,18019
950519,394.5,394.8,392.7,392.8,194,18085
950522,390.5,393.3,390.5,392.5,397,18551
950523,392.3,393.6,392.3,393.5,501,18735
950524,393.4,395,393.2,394.2,986,18892
950525,394,397,394,395.1,664,19025
950526,395.7,397.7,395.7,395.8,861,19202
950530,396,396.5,394.1,394.3,1967,19538
950531,394.1,394.6,393,394,386,19633
950601,393.6,395.5,393,394.8,14396,31102
950602,394.3,395.3,393.2,393.4,5464,33562
950605,392.8,394.1,392.6,394,508,33598
950606,393.9,394.9,393.7,394.3,739,34018
950607,394.9,396.8,394.9,396.1,1851,33853
950608,395.8,396.2,395,396.1,544,33788
950609,396.2,398.8,396,397.9,772,33788
950612,396.5,398,396.5,397,1266,33782
950613,396.9,397.9,395.8,396.1,663,33731
950614,396.9,398.5,396.9,397.3,4153,35888
950615,397.3,401.1,397.3,400.6,2056,36800
950616,400.6,401.3,399.3,399.5,1662,37122
950619,400.1,401.2,400.1,401,579,37588
950620,400.6,400.8,399.5,400.2,367,37815
950621,400.3,400.5,399,399.2,1055,37810
950622,399.1,399.5,397.4,398.5,611,37853
950623,398.4,399.3,397.7,398.7,705,38106
950626,397.7,398.8,397.1,398.5,1459,37934
950627,398.7,398.7,397.5,397.7,362,38043
950628,397.4,398.3,394.8,395.4,817,38085
950629,395.1,396.6,395.1,396.1,460,38150
950630,395.8,395.8,391,392.2,1200,38167
950705,390.8,392.5,390.8,391.8,509,38199
950706,391.4,392.4,391.3,391.7,1750,38131
950707,392,394,391.8,393.1,3015,39093
950710,393.1,393.1,393.1,393.1,2210,40415
950711,392.9,393.4,392.1,393.2,1422,40790
950712,393.2,398.5,393.2,396.8,5900,42122
950713,397.5,397.5,395.7,395.9,3830,42044
950714,396,397.2,395.4,396.2,3090,43149
950717,395.4,397.2,395,396.6,5874,46287
950718,397.1,397.6,396,396.8,4444,47490
950719,397,399.5,392,395.1,7614,49478
950720,395.2,395.2,392.8,393,3837,50232
950721,393.8,393.9,391.5,393.2,6000,52540
950724,393.4,394.2,392.8,394,6981,55825
950725,394,394.1,392.4,392.8,6319,58784
950726,392.2,393.2,392.2,392.9,11620,64517
950727,392.5,392.9,389,389.6,44600,84606
950728,389.2,389.5,388,389.3,40665,89071
950731,389.5,389.9,388,388.4,16357,92221
950801,388.3,389.3,387.3,388.9,27411,92312
950802,388.8,389.2,388.1,388.9,13511,94311
950803,389.4,390.3,389.4,390.3,21204,96699
950804,390.4,390.5,388.9,389.3,11437,96860
950807,389.3,390.3,389.2,389.6,9864,98383
950808,390.2,391,389.7,390.4,13594,99604
950809,390.9,391.2,390,390.3,13607,99679
950810,389.8,390.3,389.4,390,11150,99004
950811,389.6,389.8,388.8,389.3,11739,100042
950814,389.3,390.2,388.8,389.9,12025,99115
950815,390,393.5,390,390.9,41571,95715
950816,389.5,389.5,386,387.9,48572,102062
950817,389.6,391,388.4,389,33205,99917
950818,389.5,390.8,388.6,389.9,18412,98352
950821,389.1,391,389.1,389.7,26646,96885
950822,389.3,389.4,387.8,388.1,18138,98077
950823,387.6,388.5,387.1,388.4,13503,98730
950824,388.8,389.4,387.6,387.9,15916,100746
950825,387.6,388.2,387.2,387.8,11538,97825
950828,387.5,388.2,387.2,387.8,6445,98496
950829,387.8,388.1,386.2,386.9,17808,99455
950830,386.3,386.9,385.3,385.8,23766,100745
950831,386,387.6,385.4,386.9,29355,98986
950901,386.6,386.6,383.2,384.7,32576,103628
950905,383.5,384.2,383.1,384.1,15440,102685
950906,383.6,384.7,383.4,384.2,16887,103243
950907,385.1,386.8,385.1,386.7,24812,103764
950908,387,387.2,385.5,385.6,15811,104700
950911,386.3,386.8,385.9,386.6,10390,105629
950912,387.5,389.7,387.1,389.1,44604,102897
950913,389.2,390,387.9,388.2,32661,98913
950914,388.1,390,388.1,389.5,23157,100406
950915,389,389.7,388.3,389,22362,101125
950918,389.1,390.6,388.7,389.7,33028,103056
950919,389.8,389.8,387.8,389.3,25024,103980
950920,388.8,389,387.3,387.7,17578,102887
950921,387,389,386.3,388.1,33716,104089
950922,387,387.9,385.6,386.1,27610,101841
950925,385.8,386.7,385.6,386.3,9304,100195
950926,386.7,387.4,386.7,386.9,12744,99957
950927,386.7,387.3,386.1,386.5,19054,99932
950928,386.8,387.4,386.2,386.4,14271,99501
950929,387.1,387.3,386.4,386.5,11766,98055
951002,386.1,386.8,384.7,384.8,25351,100194
951003,384.8,385.5,384.8,385.2,11015,100593
951004,386,386.1,385.3,385.6,15447,104238
951005,385.9,386.2,385.1,385.1,11369,102199
951006,385.5,386.5,385.2,386.1,15473,102392
951009,387.4,388,387,387.8,14396,101549
951010,387.8,388.7,387.3,387.6,25645,99934
951011,387.5,387.7,387.1,387.4,13296,98892
951012,387.2,387.5,386.8,387,11731,99522
951013,386.8,387,386,386.4,14162,98357
951016,386.5,386.7,386,386.1,6645,98331
951017,386.1,386.1,385.4,386,14065,98011
951018,385.9,386.3,385.7,385.9,10210,99197
951019,385.7,385.7,382.6,383.8,45135,106944
951020,383.5,384.3,383.4,384.1,14147,107938
951023,384.3,384.7,384,384.2,6190,107882
951024,384.2,384.5,383.8,384.2,5639,107200
951025,384.3,385.2,384.3,384.5,16620,107037
951026,384.7,384.9,384.1,384.3,14337,106046
951027,384.2,384.7,383,383.9,19358,104497
951030,383.8,384.1,383.5,383.8,7470,106315
951031,384.4,384.7,384.2,384.3,13805,105506
951101,384.2,384.3,383.5,383.8,15540,105545
951102,383.7,384.3,383.4,384.2,15820,103866
951103,384,384.6,383.6,383.7,10508,101910
951106,383.7,383.9,383.2,383.7,6185,101298
951107,383.8,387,383.6,386.6,54460,96081
951108,386.6,386.8,386,386.2,19547,92688
951109,385.8,387.8,385.7,387.4,35826,93148
951110,388,391.5,387.9,390.5,102660,89060
951113,390.5,390.7,387.2,388.1,50701,84903
951114,387.5,387.7,384.5,386.5,54460,75992
951115,386.7,387.6,385.5,385.6,32404,66758
951116,385.3,386.5,385.2,386.2,24499,58139
951117,387.1,387.7,386.7,387.5,18204,56703
951120,387,387.4,386.6,387.1,10709,54217
951121,387.5,387.8,385.3,385.4,31615,46608
951122,385.7,386,381.5,382.1,55090,40819
951127,384.6,385.1,383.8,384.9,37560,28953
951128,387.5,390.5,387.2,387.9,27813,16442
951129,388,389,387.1,387.8,14558,8156
951130,387.1,387.7,386.7,387.2,1788,6092
951201,386.5,386.5,385.8,386.1,1032,5290
951204,385.8,386.5,385.7,386,841,4670
951205,386.1,387.6,386.1,387.4,1881,3204
951206,388,390,387.8,388.9,1369,2359
951207,389,390.5,388,389,333,1729
951208,389,389.9,389,389.9,287,1405
951211,390.5,390.5,388.5,388.5,134,1407
951212,388.6,389.1,388.2,388.2,109,1348
951213,388,388.4,386.4,386.4,58,1011
951214,385.8,386.4,385.5,386,66,1008
951215,385.6,386.6,385.6,386.4,209,579
951218,387.5,387.8,387,387.6,54,449
951219,388.2,388.4,387.4,387.4,47,205
951220,388,388.8,388,388.8,28,171
951221,388.8,388.8,387.8,387.9,59,150
951222,387.1,387.5,387.1,387.4,29,111
951226,388.6,388.6,387.9,387.9,52,101
951227,387.9,388.2,387,387,1222,82
