930707,478.4,478.4,478.4,478.4,0,0
930708,476.2,476.2,476.2,476.2,0,0
930709,473,473,473,473,0,0
930712,475.8,475.8,475.8,475.8,0,0
930713,475.5,475.5,475.5,475.5,0,0
930714,471.4,471.4,471.4,471.4,0,0
930715,474,474,474,474,0,0
930716,473,473,473,473,0,0
930719,472.6,472.6,472.6,472.6,0,0
930720,472.4,472.4,472.4,472.4,0,0
930721,470,470,470,470,0,0
930722,472.2,472.2,472.2,472.2,0,0
930723,471.8,471.8,471.8,471.8,0,0
930726,475,475,475,475,0,0
930727,473.1,473.1,473.1,473.1,0,0
930728,475.7,475.7,475.7,475.7,0,0
930729,479.6,479.6,479.6,479.6,0,0
930730,489.3,489.3,489.3,489.3,0,0
930802,488.4,488.4,488.4,488.4,0,0
930803,485.5,485.5,485.5,485.5,0,0
930804,480.9,480.9,480.9,480.9,0,0
930805,456.4,456.4,456.4,456.4,0,0
930806,455.2,455.2,455.2,455.2,0,0
930809,461.8,461.8,461.8,461.8,0,0
930810,459.4,459.4,459.4,459.4,0,0
930811,453.7,453.7,453.7,453.7,0,0
930812,445.3,445.3,445.3,445.3,0,0
930813,446.6,446.6,446.6,446.6,0,0
930816,449.4,449.4,449.4,449.4,0,0
930817,448,448,448,448,0,0
930818,450,450,450,450,0,0
930819,446.8,446.8,446.8,446.8,0,0
930820,448.5,448.5,448.5,448.5,0,0
930823,447.6,447.6,447.6,447.6,0,0
930824,446.9,446.9,446.9,446.9,0,0
930825,446.8,446.8,446.8,446.8,0,0
930826,441,441,441,441,0,0
930827,442.6,442.6,442.6,442.6,0,0
930830,443.5,443.5,443.5,443.5,0,0
930831,446.3,446.3,446.3,446.3,0,0
930902,436,436,436,436,0,0
930903,435.3,435.3,435.3,435.3,0,0
930907,419.9,419.9,419.9,419.9,0,0
930908,421,421,421,421,0,0
930909,425,425,425,425,0,0
930910,420.2,420.2,420.2,420.2,0,0
930913,412.3,412.3,412.3,412.3,0,0
930914,414.7,414.7,414.7,414.7,0,0
930915,417.5,417.5,417.5,417.5,0,0
930916,422.7,422.7,422.7,422.7,0,0
930917,420.8,420.8,420.8,420.8,0,0
930920,423.5,423.5,423.5,423.5,0,0
930921,433.2,433.2,433.2,433.2,0,0
930922,424.2,424.2,424.2,424.2,0,0
930923,428.2,428.2,428.2,428.2,0,0
930924,427.6,427.6,427.6,427.6,0,0
930927,423.8,423.8,423.8,423.8,0,0
930928,425.3,425.3,425.3,425.3,0,0
930929,422.8,422.8,422.8,422.8,0,0
930930,425.5,425.5,425.5,425.5,0,0
931001,425.2,425.2,425.2,425.2,0,0
931004,422.9,422.9,422.9,422.9,0,0
931005,423,423,423,423,0,0
931006,426.4,426.4,426.4,426.4,0,0
931007,426.8,426.8,426.8,426.8,0,0
931008,429.7,429.7,429.7,429.7,0,0
931011,429.9,429.9,429.9,429.9,0,0
931012,437.5,437.5,437.5,437.5,0,0
931013,436.2,436.2,436.2,436.2,0,0
931014,435.3,435.3,435.3,435.3,0,0
931015,434.9,434.9,434.9,434.9,0,0
931018,438.3,438.3,438.3,438.3,0,0
931019,439,439,439,439,0,0
931020,442.6,442.6,442.6,442.6,0,0
931021,441.4,441.4,441.4,441.4,0,0
931022,439.9,439.9,439.9,439.9,0,0
931025,439.1,439.1,439.1,439.1,0,0
931026,438.9,438.9,438.9,438.9,0,0
931027,439.5,439.5,439.5,439.5,0,0
931028,439,439,439,439,0,0
931029,438.3,438.3,438.3,438.3,0,0
931101,430.8,430.8,430.8,430.8,0,0
931102,432.8,432.8,432.8,432.8,0,0
931103,437.2,437.2,437.2,437.2,0,0
931104,441.8,441.8,441.8,441.8,0,0
931105,448.7,448.7,448.7,448.7,0,0
931108,446.4,446.4,446.4,446.4,0,0
931109,447.5,447.5,447.5,447.5,0,0
931110,448.4,448.4,448.4,448.4,0,0
931111,447.7,447.7,447.7,447.7,0,0
931112,444.9,444.9,444.9,444.9,0,0
931115,446.9,446.9,446.9,446.9,0,0
931116,445.9,445.9,445.9,445.9,0,0
931117,448.4,448.4,448.4,448.4,0,0
931118,448.2,448.2,448.2,448.2,0,0
931119,451.9,451.9,451.9,451.9,0,0
931122,452.3,452.3,452.3,452.3,0,0
931123,452.2,452.2,452.2,452.2,0,0
931124,452,452,452,452,0,0
931129,444.1,444.1,444.1,444.1,0,0
931130,444.5,444.5,444.5,444.5,0,0
931201,449.2,449.2,449.2,449.2,0,0
931202,448.2,448.2,448.2,448.2,0,0
931203,451.2,451.2,451.2,451.2,0,0
931206,450.9,450.9,450.9,450.9,0,0
931207,452.5,452.5,452.5,452.5,0,0
931208,459,459,459,459,0,0
931209,457.7,457.7,457.7,457.7,0,0
931210,459.2,459.2,459.2,459.2,0,0
931213,462.9,462.9,462.9,462.9,0,0
931214,462.9,462.9,462.9,462.9,0,0
931215,463.6,463.6,463.6,463.6,0,0
931216,462.4,462.4,462.4,462.4,0,0
931217,463.6,463.6,463.6,463.6,0,0
931220,465.8,465.8,465.8,465.8,0,0
931221,465,465,465,465,0,0
931222,462.1,462.1,462.1,462.1,0,0
931223,461.9,461.9,461.9,461.9,0,0
931227,464,464,464,464,0,0
931228,463.4,463.4,463.4,463.4,0,0
931229,466.8,466.8,466.8,466.8,0,0
931230,467.2,467.2,467.2,467.2,0,0
940103,470.7,470.7,470.7,470.7,0,0
940104,471.2,471.2,471.2,471.2,0,0
940105,468.4,468.4,468.4,468.4,0,0
940106,466.5,466.5,466.5,466.5,0,0
940107,462.9,462.9,462.9,462.9,0,0
940110,460.8,460.8,460.8,460.8,0,0
940111,464.1,464.1,464.1,464.1,0,0
940112,462.2,462.2,462.2,462.2,0,0
940113,467.7,467.7,467.7,467.7,0,0
940114,467.3,467.3,467.3,467.3,0,0
940117,469.4,469.4,469.4,469.4,0,0
940118,470.9,470.9,470.9,470.9,0,0
940119,469.8,469.8,469.8,469.8,0,0
940120,464.9,464.9,464.9,464.9,0,0
940121,458.6,458.6,458.6,458.6,0,0
940124,458.2,458.2,458.2,458.2,0,0
940125,458.4,458.4,458.4,458.4,0,0
940126,461.5,461.5,461.5,461.5,0,0
940127,454.8,454.8,454.8,454.8,0,0
940128,452.5,452.5,452.5,452.5,0,0
940131,456.6,456.6,456.6,456.6,0,0
940201,459.3,459.3,459.3,459.3,0,0
940202,460.1,460.1,460.1,460.1,0,0
940203,463.3,463.3,463.3,463.3,0,0
940204,463.5,463.5,463.5,463.5,0,0
940207,457.2,457.2,457.2,457.2,0,0
940208,461.8,461.8,461.8,461.8,0,0
940209,463.4,463.4,463.4,463.4,0,0
940210,463.8,463.8,463.8,463.8,0,0
940211,462.3,462.3,462.3,462.3,0,0
940214,466.3,466.3,466.3,466.3,0,0
940215,466.2,466.2,466.2,466.2,0,0
940216,466,466,466,466,0,0
940217,465,465,465,465,0,0
940218,462.3,462.3,462.3,462.3,0,0
940222,460.1,460.1,460.1,460.1,0,0
940223,461.4,461.4,461.4,461.4,0,0
940224,460.4,460.4,460.4,460.4,0,0
940225,463.3,463.3,463.3,463.3,0,0
940228,466.6,466.6,466.6,466.6,0,0
940301,464.3,464.3,464.3,464.3,0,0
940302,464.1,464.1,464.1,464.1,0,0
940303,464.4,464.4,464.4,464.4,0,0
940304,465.8,465.8,465.8,465.8,0,0
940307,464,464,464,464,0,0
940308,465.1,465.1,465.1,465.1,0,0
940309,469,469,469,469,0,0
940310,478.7,478.7,478.7,478.7,0,0
940311,476.2,476.2,476.2,476.2,0,0
940314,477.5,477.5,477.5,477.5,0,0
940315,477.9,477.9,477.9,477.9,0,0
940316,475.6,475.6,475.6,475.6,0,0
940317,473,473,473,473,0,0
940318,478.9,478.9,478.9,478.9,0,0
940321,477.7,477.7,477.7,477.7,0,0
940322,481.7,481.7,481.7,481.7,0,0
940323,479.3,479.3,479.3,479.3,0,0
940324,487.2,487.2,487.2,487.2,0,0
940325,486.5,486.5,486.5,486.5,0,0
940328,483.9,483.9,483.9,483.9,0,0
940329,483.2,483.2,483.2,483.2,0,0
940330,484.8,484.8,484.8,484.8,0,0
940331,491.2,491.2,491.2,491.2,0,0
940404,490.3,490.3,490.3,490.3,0,0
940405,488.2,488.2,488.2,488.2,0,0
940406,488.3,488.3,488.3,488.3,0,0
940407,487.3,487.3,487.3,487.3,0,0
940408,487.5,487.5,487.5,487.5,0,0
940411,481.1,481.1,481.1,481.1,0,0
940412,481.5,481.5,481.5,481.5,0,0
940413,481.1,481.1,481.1,481.1,0,0
940414,481.5,481.5,481.5,481.5,0,0
940415,480.6,480.6,480.6,480.6,0,0
940418,482,482,482,482,0,0
940419,476.9,476.9,476.9,476.9,0,0
940420,477.6,477.6,477.6,477.6,0,0
940421,474.6,474.6,474.6,474.6,0,0
940422,470.3,470.3,470.3,470.3,0,0
940425,472.8,472.8,472.8,472.8,0,0
940426,472.5,472.5,472.5,472.5,0,0
940428,475.4,475.4,475.4,475.4,0,0
940429,476.7,476.7,476.7,476.7,0,0
940502,477.2,477.2,477.2,477.2,0,0
940503,477.8,477.8,477.8,477.8,0,0
940504,479,479,479,479,0,0
940505,475.9,475.9,475.9,475.9,0,0
940506,487.2,487.2,487.2,487.2,0,0
940509,486.9,486.9,486.9,486.9,100,100
940510,484.4,484.4,484.4,484.4,0,100
940511,488.4,488.4,488.4,488.4,0,100
940512,486,486,486,486,0,100
940513,486.4,486.4,486.4,486.4,0,100
940516,488.4,488.4,488.4,488.4,0,100
940517,486.7,486.7,486.7,486.7,0,100
940518,484.5,484.5,484.5,484.5,0,100
940519,482.2,482.2,482.2,482.2,0,100
940520,487.1,487.1,487.1,487.1,0,100
940523,492.8,492.8,492.8,492.8,0,100
940524,489.5,489.7,489.5,489.7,65,110
940525,489.5,489.5,489.5,489.5,0,110
940526,486.6,486.6,486.6,486.6,5,105
940527,486.5,486.5,486.5,486.5,1200,1200
940531,488.9,488.9,488.9,488.9,0,1200
940601,484.6,484.6,484.6,484.6,0,1200
940602,484.1,484.1,484.1,484.1,0,1200
940603,479.8,479.8,479.8,479.8,0,1200
940606,477.9,477.9,477.9,477.9,0,1200
940607,478.4,478.4,478.4,478.4,0,1200
940608,478.2,478.2,478.2,478.2,0,1200
940609,479.6,479.6,479.6,479.6,0,1200
940610,480.1,480.1,480.1,480.1,0,1200
940613,480.8,480.8,480.8,480.8,0,1200
940614,481.3,481.3,481.3,481.3,0,1200
940615,483.9,483.9,483.9,483.9,0,1200
940616,483.9,483.9,482.9,482.9,2,1201
940617,489.5,489.5,489.5,489.5,0,1201
940620,487.1,487.1,487.1,487.1,250,1400
940621,493.6,493.6,493.6,493.6,0,1400
940622,488.7,488.7,488.7,488.7,0,1400
940623,488.8,488.8,488.8,488.8,205,1493
940624,490.6,490.6,490.6,490.6,0,1493
940627,483.9,483.9,483.9,483.9,100,1583
940628,485.7,485.7,485.7,485.7,0,1583
940629,484.1,484.1,484.1,484.1,0,1583
940630,485.5,485.5,485.5,485.5,0,1583
940701,486.3,486.3,486.3,486.3,0,1583
940705,485.1,485.1,485.1,485.1,5,1588
940706,482.7,482.7,482.7,482.7,0,1588
940707,482.2,482.2,482.2,482.2,0,1588
940708,481.8,481.8,481.8,481.8,0,1588
940711,483.8,483.8,483.8,483.8,100,1553
940712,481.4,481.4,481.4,481.4,0,1553
940713,478.9,478.9,478.9,478.9,0,1553
940714,478.6,478.6,478.6,478.6,0,1553
940715,480,480,480,480,0,1553
940718,479.7,479.7,479.7,479.7,0,1553
940719,480.4,480.4,480.4,480.4,0,1553
940720,479.2,479.2,479.2,479.2,0,1553
940721,478,478,478,478,0,1553
940722,479,479,479,479,0,1553
940725,478.9,478.9,478.9,478.9,0,1553
940726,481.2,481.2,481.2,481.2,0,1553
940727,482.3,482.3,482.3,482.3,0,1553
940728,479.4,479.4,479.4,479.4,0,1553
940729,476.4,476.4,476.4,476.4,0,1553
940801,475.5,475.5,475.5,475.5,0,1553
940802,469.5,469.5,469.5,469.5,0,1553
940803,468.2,468.2,468.2,468.2,0,1553
940804,466.9,466.9,466.9,466.9,0,1553
940805,467.6,467.6,467.6,467.6,0,1553
940808,466.8,466.8,466.8,466.8,1,1553
940809,468.1,468.1,468.1,468.1,0,1553
940810,467.7,467.7,467.7,467.7,0,1553
940811,470.5,470.5,470.5,470.5,0,1553
940812,467.7,467.7,467.7,467.7,0,1553
940815,468.6,468.6,468.6,468.6,0,1553
940816,469.1,469.1,469.1,469.1,0,1553
940817,468.1,468.1,468.1,468.1,0,1553
940818,472.4,472.4,472.4,472.4,0,1553
940819,473.4,473.4,473.4,473.4,0,1553
940822,473.2,473.2,473.2,473.2,0,1553
940823,473,473,473,473,0,1553
940824,475,475,475,475,0,1553
940825,474.4,474.4,474.4,474.4,0,1553
940826,473.5,473.5,473.5,473.5,0,1553
940829,477.7,477.7,477.7,477.7,0,1553
940830,476.7,476.7,476.7,476.7,0,1553
940831,476.6,476.6,476.6,476.6,0,1553
940901,477.1,477.1,477.1,477.1,0,1553
940902,477.2,477.2,477.2,477.2,0,1553
940906,478.6,478.6,478.6,478.6,0,1553
940907,480.9,480.9,480.9,480.9,0,1553
940908,481.1,481.1,481.1,481.1,0,1553
940909,483,483.5,483,483.5,0,1553
940912,483,483,482.6,482.6,2,1553
940913,481.7,482,481.7,482,10,1561
940914,480.2,480.2,480.2,480.2,0,1561
940915,478.9,478.9,478.9,478.9,0,1561
940916,481.1,481.1,481.1,481.1,0,1561
940919,481.1,481.1,481.1,481.1,0,1561
940920,486.3,486.3,485.4,485.4,109,1640
940921,487,487,487,487,0,1640
940922,488.3,488.3,488.3,488.3,0,1640
940923,489.1,489.1,489.1,489.1,0,1640
940926,487.3,487.3,487.3,487.3,54,1590
940927,490.7,490.7,490.7,490.7,0,1590
940928,486.9,486.9,486.9,486.9,0,1590
940929,487.6,487.6,487.6,487.6,10,1588
940930,486.5,486.5,486.5,486.5,0,1588
941003,487.4,487.4,487.4,487.4,0,1588
941004,484.9,484.9,484.9,484.9,0,1588
941005,485.1,485.1,485.1,485.1,0,1588
941006,485,485,485,485,0,1588
941007,483.6,483.6,483.6,483.6,0,1588
941010,483.3,483.3,483.3,483.3,0,1588
941011,479.7,479.7,479.7,479.7,0,1588
941012,480.1,480.1,480.1,480.1,0,1588
941013,478,478,478,478,0,1588
941014,479.4,479.4,479.4,479.4,0,1588
941017,481.5,481.5,481.5,481.5,0,1588
941018,480.9,480.9,480.9,480.9,0,1638
941019,482,482,482,482,0,1638
941020,484.4,484.4,484.4,484.4,0,1638
941021,484.8,484.8,484.8,484.8,0,1638
941024,483.6,483.6,483.6,483.6,0,1638
941025,483.7,483.7,483.7,483.7,0,1638
941026,484.3,484.3,484.3,484.3,0,1638
941027,483.7,483.7,483.7,483.7,0,1638
941028,481.3,481.3,481.3,481.3,1,1638
941031,477.5,477.5,477.5,477.5,0,1638
941101,478.8,478.8,478.8,478.8,0,1638
941102,479.1,479.1,479.1,479.1,0,1638
941103,478.3,478.3,478.3,478.3,0,1638
941104,480,480,480,480,0,1638
941107,478.6,478.6,478.6,478.6,0,1638
941108,480.1,480.1,480.1,480.1,0,1638
941109,479.8,479.8,479.8,479.8,0,1638
941110,481.2,481.2,481.2,481.2,0,1638
941111,481,481,481,481,2,1638
941114,480.6,480.6,480.6,480.6,0,1638
941115,482.7,482.7,482.7,482.7,0,1638
941116,482.8,482.8,482.8,482.8,0,1638
941117,482.8,482.8,482.8,482.8,0,1638
941118,481.7,481.7,481.7,481.7,0,1638
941121,481.1,481.1,481.1,481.1,0,1638
941122,481.8,481.8,481.8,481.8,0,1638
941123,481.3,481.3,481.3,481.3,0,1638
941128,480.2,480.2,480.2,480.2,0,1638
941129,481.2,481.2,481.2,481.2,0,1638
941130,479.6,479.6,479.6,479.6,0,1638
941201,477.4,477.4,477.4,477.4,0,1638
941202,474.2,474.2,474.2,474.2,0,1638
941205,474.4,474.4,474.4,474.4,0,1638
941206,473.9,473.9,473.9,473.9,0,1638
941207,474.5,474.5,474.5,474.5,0,1638
941208,475.4,475.4,475.4,475.4,0,1638
941209,475.6,475.6,475.6,475.6,0,1638
941212,476.1,476.1,476.1,476.1,0,1638
941213,476.3,476.3,476.3,476.3,0,1638
941214,475.6,475.6,475.6,475.6,237,1875
941215,476.9,476.9,476.9,476.9,0,1875
941216,475.4,475.4,475.4,475.4,0,1875
941219,475.9,475.9,475.9,475.9,0,1875
941220,478.7,478.7,478.7,478.7,30,1899
941221,478.3,478.3,478.3,478.3,50,1949
941222,477.1,477.1,477.1,477.1,5,1945
941223,476.5,476.5,476.5,476.5,0,1945
941227,477.5,477.5,477.5,477.5,0,1945
941228,479.5,479.5,479.5,479.5,0,1945
941229,478.8,478.8,478.8,478.8,0,1945
941230,479.1,479.1,479.1,479.1,0,1945
950103,475.7,475.7,475.7,475.7,0,1945
950104,469,469,469,469,0,1945
950105,470.2,470.2,470.2,470.2,0,1945
950106,470,470,465.2,465.2,10,1954
950109,466.7,466.7,466.7,466.7,0,1952
950110,467.8,467.8,467.8,467.8,0,1952
950111,470,470,470,470,0,1952
950112,474.4,474.4,474.4,474.4,0,1952
950113,470.8,470.8,470.8,470.8,0,1952
950116,469.6,469.6,469.6,469.6,0,1952
950117,472.2,472.2,472.2,472.2,0,1952
950118,474.4,474.4,474.4,474.4,10,1952
950119,475.4,475.4,475.4,475.4,0,1952
950120,477.2,477.2,477.2,477.2,0,1952
950123,472.3,472.3,472.3,472.3,110,2046
950124,472.7,472.7,472.7,472.7,0,1946
950125,471.6,471.6,471.6,471.6,0,1946
950126,471.9,471.9,471.9,471.9,0,1946
950127,464.5,464.5,463.9,463.9,3,1946
950130,463.3,463.3,463.3,463.3,0,1946
950131,461.7,461.7,461.7,461.7,0,1946
950201,462.4,462.4,462.4,462.4,0,1946
950202,463.1,463.1,463.1,463.1,0,1946
950203,460.2,460.2,460.2,460.2,0,1946
950206,459.5,459.5,459.5,459.5,0,1946
950207,458.5,458.5,458.4,458.4,1,1946
950208,459.6,459.6,459.6,459.6,0,1946
950209,460.1,460.1,460.1,460.1,0,1946
950210,461,461,461,461,0,1946
950213,459.5,460.2,459.5,460.2,2,1946
950214,460.2,460.2,460.2,460.2,0,1946
950215,458.8,458.8,458.8,458.8,0,1946
950216,458.3,458.3,458.3,458.3,0,1946
950217,460.4,460.4,460.4,460.4,0,1946
950221,460.5,460.5,460.5,460.5,0,1946
950222,459,459,459,459,0,1946
950223,457.8,457.8,457.8,457.8,0,1946
950224,454.8,454.8,454.8,454.8,0,1946
950227,453.7,453.7,453.7,453.7,0,1946
950228,454,454,454,454,0,1946
950301,450.1,450.1,450.1,450.1,0,1946
950302,452.1,452.1,452.1,452.1,0,1946
950303,452.5,452.5,452.5,452.5,0,1946
950306,455.8,455.8,455.8,455.8,0,1946
950307,460.9,460.9,460.9,460.9,170,2113
950308,455.4,455.4,455.4,455.4,0,2113
950309,456.9,456.9,456.9,456.9,0,2113
950310,457.6,457.6,457.6,457.6,0,2113
950313,459.9,459.9,459.9,459.9,0,2113
950314,459,459,459,459,0,2113
950315,459.7,459.7,459.7,459.7,0,2113
950316,457.7,457.7,457.7,457.7,0,2113
950317,454.8,454.8,454.8,454.8,0,2113
950320,454.2,454.2,454.2,454.2,0,2113
950321,453.4,453.4,453.4,453.4,0,2113
950322,454.4,454.4,454.4,454.4,0,2113
950323,455.3,455.3,455.3,455.3,0,2113
950324,453.4,453.4,453.4,453.4,0,2113
950327,452.9,452.9,452.9,452.9,0,2113
950328,454.6,454.6,454.6,454.6,40,2113
950329,454.7,454.7,453.9,453.9,1,2113
950330,457.9,457.9,457.9,457.9,0,2113
950331,464.9,464.9,464.9,464.9,444,2168
950403,465.9,465.9,465.9,465.9,102,2240
950404,466,466,466,466,0,2240
950405,467.9,467.9,467.9,467.9,0,2240
950406,467.2,467.2,467.2,467.2,0,2240
950407,466.2,466.2,466.2,466.2,440,2589
950410,463,463,463,463,0,2589
950411,462.7,462.7,462.7,462.7,0,2589
950412,462.2,462.2,462.2,462.2,100,2689
950413,461.6,461.6,461.6,461.6,218,2850
950417,465.7,465.7,465.7,465.7,60,2850
950418,466.6,466.6,466.6,466.6,0,2850
950419,466.5,466.5,466.5,466.5,0,2850
950420,462.5,462.5,462.5,462.5,55,2905
950421,460.1,460.1,460.1,460.1,0,2905
950424,460.9,460.9,460.9,460.9,0,2905
950425,459.8,459.8,459.8,459.8,0,2905
950426,454.5,454.5,454.5,454.5,3,2905
950427,456.1,456.1,456.1,456.1,100,2871
950428,455.5,455.5,455.5,455.5,245,3046
950501,457.2,457.2,457.2,457.2,3,3032
950502,458,458,458,458,0,3032
950503,458.7,458.7,458.7,458.7,0,3032
950504,458.5,458.5,458.5,458.5,0,3032
950505,456.2,456.2,456.2,456.2,0,3032
950508,454.5,454.5,454.5,454.5,0,3032
950509,446.4,446.4,446.4,446.4,0,3032
950510,445.6,445.6,445.6,445.6,0,3032
950511,446.7,446.7,446.7,446.7,0,3032
950512,446.6,446.6,446.6,446.6,0,3032
950515,447.8,447.8,447.8,447.8,0,3032
950516,447.6,447.6,447.6,447.6,0,3032
950517,446.3,446.3,446.3,446.3,0,3032
950518,446.3,446.3,446.3,446.3,24,3032
950519,445.5,445.5,445.5,445.5,0,3032
950522,445.1,445.1,445.1,445.1,0,3032
950523,446,446,446,446,0,3032
950524,445.4,445.4,445.4,445.4,122,3045
950525,445.9,445.9,445.9,445.9,0,3045
950526,446.6,446.6,446.6,446.6,0,3045
950530,444.3,444.3,444.3,444.3,0,3045
950531,444,444,444,444,12,3054
950601,443.2,443.2,443.2,443.2,0,3054
950602,439.7,439.7,439.7,439.7,0,3054
950605,439.9,439.9,439.9,439.9,0,3054
950606,440.2,440.2,440.2,440.2,50,3004
950607,443.3,443.3,443.3,443.3,0,3004
950608,443.9,443.9,443.9,443.9,0,3004
950609,447,447,447,447,0,3004
950612,446.1,446.1,446.1,446.1,143,2893
950613,444.8,444.8,444.8,444.8,0,2893
950614,446,446,446,446,0,2893
950615,449.3,449.3,449.3,449.3,0,2893
950616,448.2,448.2,448.2,448.2,0,2893
950619,449.7,449.7,449.7,449.7,0,2893
950620,448.9,448.9,448.9,448.9,0,2893
950621,447.8,447.8,447.8,447.8,0,2893
950622,446.3,446.3,446.3,446.3,0,2893
950623,446.5,446.5,446.5,446.5,0,2893
950626,446.4,446.4,446.4,446.4,0,2893
950627,445.5,445.5,445.5,445.5,0,2893
950628,443.2,443.2,443.2,443.2,15,2893
950629,425.6,425.6,425.6,425.6,0,2893
950630,440.8,440.8,440.8,440.8,0,2893
950705,440.2,440.2,440.2,440.2,0,2893
950706,440,440,440,440,0,2893
950707,441.4,441.4,441.4,441.4,0,2893
950710,439.2,439.2,439.2,439.2,0,2893
950711,439.4,439.4,439.4,439.4,0,2893
950712,443.1,443.1,443.1,443.1,0,2895
950713,442.2,442.2,442.2,442.2,247,3065
950714,443.5,443.5,443.5,443.5,0,3065
950717,444,444,444,444,0,3065
950718,444.4,444.4,444.4,444.4,0,3065
950719,443,443,443,443,270,3125
950720,441.7,441.7,441.7,441.7,0,3125
950721,442.3,442.3,442.3,442.3,0,3125
950724,444.1,444.1,444.1,444.1,0,3125
950725,444,444,442.9,442.9,2,3125
950726,443,443,443,443,0,3125
950727,439.6,439.6,439.6,439.6,0,3127
950728,439.4,439.4,439.4,439.4,0,3127
950731,437.4,437.4,437.4,437.4,1026,2760
950801,437.9,437.9,437.9,437.9,40,2777
950802,437.4,437.4,437.4,437.4,0,2777
950803,438.8,438.8,438.8,438.8,0,2777
950804,437.5,437.5,437.5,437.5,0,2777
950807,437.8,437.8,437.8,437.8,0,2777
950808,438.1,438.1,438.1,438.1,0,2777
950809,438.7,438.7,438.7,438.7,0,2777
950810,438.4,438.4,438.4,438.4,0,2777
950811,438.4,438.4,438.4,438.4,0,2777
950814,439.4,439.4,439.4,439.4,0,2777
950815,440.7,440.7,440.7,440.7,0,2777
950816,437.4,437.4,437.4,437.4,6,2771
950817,439.1,439.1,439.1,439.1,0,2771
950818,439.9,439.9,439.9,439.9,0,2771
950821,439,439,439,439,0,2771
950822,437.5,437.5,437.5,437.5,200,2921
950823,437.7,437.7,437.7,437.7,0,2921
950824,436.4,436.4,436.4,436.4,105,3006
950825,435.8,435.8,435.8,435.8,283,2960
950828,435.3,435.3,435.3,435.3,0,2960
950829,434.5,434.5,434.5,434.5,0,2960
950830,433.1,433.1,433.1,433.1,0,2960
950831,433.7,433.7,433.7,433.7,0,2960
950901,430.8,430.8,430.8,430.8,0,2960
950905,430.2,430.2,430.2,430.2,0,2960
950906,429.2,429.2,429.2,429.2,0,2960
950907,431.7,431.7,431.7,431.7,0,2960
950908,430.9,430.9,430.9,430.9,0,2960
950911,431.9,431.9,431.9,431.9,0,2960
950912,433.7,433.7,433.7,433.7,0,2960
950913,432.8,432.8,432.8,432.8,0,2960
950914,433,433,433,433,0,2960
950915,432.5,432.5,432.5,432.5,0,2960
950918,433.2,433.2,433.2,433.2,160,3040
950919,432.8,432.8,432.8,432.8,0,3040
950920,431.1,431.1,431.1,431.1,0,3040
950921,431.8,431.8,431.8,431.8,0,3040
950922,429.4,429.4,429.4,429.4,0,3040
950925,429.7,429.7,429.7,429.7,0,3040
950926,430,430,430,430,0,3040
950927,429.6,429.6,429.6,429.6,0,3040
950928,429.5,429.5,429.5,429.5,0,3040
950929,429.4,429.4,429.4,429.4,0,3040
951002,427.7,427.7,427.7,427.7,0,3040
951003,428.1,428.1,428.1,428.1,0,3040
951004,428.5,428.5,428.5,428.5,0,3040
951005,427.5,427.5,427.5,427.5,0,3040
951006,428.5,428.5,428.5,428.5,0,3040
951009,430.2,430.2,430.2,430.2,0,3040
951010,429.7,429.7,429.7,429.7,0,3040
951011,429.4,429.4,429.4,429.4,0,3050
951012,429,429,429,429,0,3040
951013,428.5,428.5,427.6,427.6,1,3040
951016,427.3,427.3,427.3,427.3,0,3040
951017,426.8,426.8,426.8,426.8,0,3040
951018,426.2,426.2,426.2,426.2,0,3040
951019,423.9,423.9,423.9,423.9,0,3040
951020,424.4,424.4,424.4,424.4,0,3040
951023,424.5,424.5,424.5,424.5,0,3040
951024,424.5,424.5,424.5,424.5,0,3040
951025,424.9,424.9,424.9,424.9,0,3040
951026,424.5,424.5,424.5,424.5,0,3040
951027,424.4,424.4,424.4,424.4,0,3040
951030,424.3,424.3,424.3,424.3,0,3040
951031,424.5,424.5,424.5,424.5,0,3040
951101,423.2,423.2,423.2,423.2,0,3040
951102,422.6,422.6,422.6,422.6,0,3040
951103,422.1,422.1,422.1,422.1,0,3040
951106,422.1,422.1,422.1,422.1,0,3040
951107,425,425,425,425,0,3040
951108,423.3,423.3,423.3,423.3,0,3040
951109,424.5,424.5,424.5,424.5,0,3040
951110,427.7,427.7,427.7,427.7,0,3040
951113,424.9,424.9,424.9,424.9,0,3040
951114,423.1,423.1,423.1,423.1,0,3040
951115,420.8,420.8,420.8,420.8,0,3040
951116,421.4,421.4,421.4,421.4,0,3040
951117,423.7,423.7,423.7,423.7,0,3040
951120,423.3,423.3,423.3,423.3,0,3040
951121,421.8,421.8,421.8,421.8,0,3040
951122,418.5,418.5,418.5,418.5,0,3040
951127,418.9,418.9,418.9,418.9,1,3040
951128,421,421,421,421,0,3040
951129,421.4,421.4,421.4,421.4,0,3040
951130,421.6,421.6,421.6,421.6,0,3040
951201,420.5,420.5,420.5,420.5,0,3040
951204,420.5,420.5,420.5,420.5,0,3040
951205,422,422,422,422,0,3040
951206,422.5,422.5,422.5,422.5,1,3040
951207,421.9,421.9,421.9,421.9,0,3040
951208,422.8,422.8,422.8,422.8,0,3040
951211,421,421,421,421,0,3040
951212,420.9,420.9,420.9,420.9,0,3040
951213,419.1,419.1,419.1,419.1,130,3060
951214,418,418,418,418,0,3060
951215,418.2,418.2,418.2,418.2,1600,4460
951218,418.7,418.7,418.7,418.7,0,4460
951219,417.6,417.6,417.6,417.6,285,4440
951220,418.6,418.6,418.6,418.6,0,4440
951221,418.1,418.1,418.1,418.1,0,4440
951222,417.6,417.6,417.6,417.6,0,4440
951226,418,418,418,418,0,4440
951227,417.4,417.4,417.4,417.4,0,4440
951228,417.6,417.6,417.6,417.6,0,4440
951229,417.9,417.9,417.9,417.9,0,4440
960102,421.1,421.1,421.1,421.1,0,4440
960103,424.5,424.5,424.5,424.5,0,4440
960104,422.9,422.9,422.9,422.9,0,4440
960105,423.8,423.8,423.8,423.8,160,4475
960109,423.9,423.9,423.9,423.9,0,4485
960110,426.5,426.5,426.5,426.5,0,4485
960111,424.3,424.3,424.3,424.3,0,4485
960112,420.6,420.6,420.6,420.6,1,4485
960115,418.9,418.9,418.9,418.9,0,4485
960116,421.5,422.2,421.5,422.2,2,4487
960117,423.5,423.5,423.5,423.5,0,4487
960118,421.8,421.8,421.8,421.8,0,4487
960119,423.9,423.9,423.9,423.9,0,4487
960122,428.2,428.2,428.2,428.2,0,4487
960123,428.3,428.3,428.3,428.3,0,4487
960124,427.6,427.6,427.6,427.6,0,4487
960125,429.6,429.6,429.6,429.6,0,4487
960126,429.6,429.6,429.6,429.6,0,4487
960129,429.8,429.8,429.8,429.8,0,4487
960130,427.5,427.5,427.5,427.5,0,4487
960131,429,429,429,429,345,4650
960201,434.4,434.4,434.4,434.4,65,4585
960202,439.5,439.5,439.5,439.5,0,4585
960205,440.1,440.1,440.1,440.1,260,4769
960206,439.6,439.6,439.6,439.6,250,4631
960207,444,444,436,436,51,4626
960208,436.5,436.5,436.5,436.5,30,4616
960209,432.4,432.4,432.4,432.4,80,4651
960212,427.6,427.6,427.6,427.6,57,4634
960213,429.2,429.2,429.2,429.2,110,4714
960214,431.5,431.5,431.5,431.5,0,4714
960215,431.7,431.7,431.7,431.7,0,4714
960216,433.4,433.4,433.4,433.4,0,4714
960220,427.6,427.6,427.6,427.6,10,4704
960221,431.2,431.2,431.2,431.2,35,4703
960222,428.7,428.7,428.7,428.7,0,4703
960223,427.2,427.2,427.2,427.2,10,4703
960226,427.9,427.9,427.9,427.9,0,4703
960227,427.6,427.6,427.6,427.6,25,4696
960228,431,431,431,431,1,4696
960229,430.6,430.6,430.6,430.6,0,4696
960301,429.5,429.5,429.5,429.5,0,4696
960304,424.1,424.1,424.1,424.1,0,4696
960305,423.9,423.9,423.9,423.9,1,4695
960306,424.2,424.2,424.2,424.2,25,4705
960307,426.4,426.4,426.4,426.4,27,4723
960308,431.6,431.6,431.6,431.6,125,4813
960311,430.4,430.4,430.4,430.4,100,4885
960312,432,432,432,432,355,5114
960313,431.2,431.2,431.2,431.2,360,5225
960314,430,430,430,430,0,5225
960315,431.1,431.1,431.1,431.1,0,5225
960318,430.6,430.6,430.6,430.6,0,5225
960319,430.3,430.3,430.3,430.3,0,5225
960320,429.7,429.7,429.7,429.7,264,5235
960321,431.2,431.2,431.2,431.2,0,5235
960322,431.1,431.1,431.1,431.1,210,5376
960325,430.4,430.4,430.4,430.4,0,5376
960326,432.4,432.4,432.4,432.4,2,5376
960327,432.6,432.6,432.6,432.6,0,5376
960328,429.8,429.8,429.8,429.8,0,5376
960329,428.3,428.3,428.3,428.3,0,5376
960401,427.6,427.6,427.6,427.6,0,5376
960402,426.1,426.1,426.1,426.1,23,5373
960403,426.1,426.1,426.1,426.1,0,5373
960404,427,427,427,427,0,5373
960408,431.7,431.7,431.7,431.7,0,5373
960409,427.8,427.8,427.8,427.8,0,5373
960410,428.2,428.2,428.2,428.2,0,5373
960411,429.4,429.4,429.4,429.4,305,5563
960412,427.1,427.1,427.1,427.1,0,5563
960415,425.5,425.5,425.5,425.5,0,5563
960416,423.5,423.5,423.5,423.5,0,5563
960417,423.1,423.1,423.1,423.1,18,5563
960418,423,423,423,423,0,5569
960419,423.1,423.1,423.1,423.1,200,5739
960422,423.5,423.5,423.5,423.5,330,5521
960423,423.2,423.2,423.2,423.2,10,5531
960424,421.8,421.8,421.8,421.8,68,5549
960425,424.8,424.8,424.8,424.8,0,5549
960426,421.3,421.3,421.3,421.3,0,5549
960429,421.5,421.5,421.5,421.5,0,5549
960430,423,423,423,423,0,5549
960501,424.7,424.7,424.7,424.7,0,5549
960502,426.7,426.7,426.7,426.7,0,5549
960503,425.2,425.2,425.2,425.2,60,5514
960506,427,427,427,427,0,5514
960507,427.8,427.8,427.8,427.8,0,5514
960508,428,428,428,428,0,5514
960509,427.7,427.7,427.7,427.7,33,5531
960510,424.5,424.5,424.5,424.5,0,5531
960513,425.3,425.3,425.3,425.3,0,5531
960514,425.3,425.3,425.3,425.3,10,5531
960515,426,426,426,426,0,5531
960516,426.3,426.3,426.3,426.3,0,5531
960517,425.8,425.8,425.8,425.8,0,5531
960520,423.6,423.6,423.6,423.6,5,5526
960521,423.7,423.7,423.7,423.7,0,5526
960522,424.6,424.6,424.6,424.6,7,5526
960523,424.3,424.3,424.3,424.3,0,5526
960524,423.6,423.6,423.6,423.6,0,5526
960528,424.5,424.5,424.5,424.5,0,5526
960529,424.3,424.3,424.3,424.3,0,5526
960530,425,425,424.8,424.8,1,5525
960531,426,426,426,426,0,5525
960603,425.2,425.2,425.2,425.2,0,5525
960604,423,423,422,422,111,5475
960605,422,422,419.8,419.8,1,5476
960606,418.6,418.6,418.6,418.6,0,5476
960607,418.8,418.8,418.8,418.8,0,5476
960610,419.7,419.7,419.7,419.7,0,5486
960611,417.7,417.7,417.7,417.7,100,5426
960612,417.6,417.6,417.6,417.6,137,5326
960613,417.3,417.3,417.3,417.3,258,5196
960614,417.3,417.3,417.3,417.3,0,5196
960617,417.5,417.5,417.5,417.5,0,5196
960618,417.8,417.8,417.8,417.8,0,5196
960619,416.8,416.8,416.8,416.8,110,5106
960620,416.7,416.7,416.7,416.7,100,5110
960621,416.9,416.9,416.9,416.9,570,5116
960624,416.8,416.8,416.8,416.8,0,5116
960625,415.2,415.2,415.2,415.2,0,5116
960626,414.3,414.3,414.3,414.3,0,5116
960627,412.9,412.9,412.9,412.9,0,5116
960628,409.9,409.9,409.9,409.9,172,5120
960701,411,411,411,411,47,5091
960702,412.2,412.2,412.2,412.2,295,5081
960703,411.3,411.3,411.3,411.3,15,5093
960708,412.3,412.3,412.3,412.3,0,5093
960709,413.7,413.7,413.7,413.7,0,5093
960710,413.2,413.2,413.2,413.2,30,5109
960711,414.5,414.5,414.2,414.2,2,5111
960712,414,414,413.4,413.4,266,5111
960715,415,415,415,415,0,5111
960716,412.9,412.9,412.9,412.9,22,5111
960717,412.9,412.9,412.9,412.9,0,5111
960718,412.9,412.9,412.9,412.9,18,5107
960719,413.6,413.6,413.6,413.6,0,5107
960722,413.7,413.7,413.7,413.7,30,5109
960723,414.3,414.3,414.3,414.3,114,5066
960724,415.3,415.3,415.3,415.3,209,5054
960725,415,415,415,415,0,5054
960726,415.4,415.4,415.4,415.4,875,5504
960729,415,415,415,415,0,5504
960730,415.2,415.2,415.2,415.2,0,5504
960731,418,418,418,418,30,5495
960801,416.2,416.2,416.2,416.2,0,5495
960802,416.3,416.3,416.3,416.3,33,5474
960805,418.1,418.1,418.1,418.1,0,5474
960806,417.5,417.5,417.5,417.5,1,5475
960807,416.9,416.9,416.9,416.9,0,5475
960808,417.1,417.1,417.1,417.1,22,5467
960809,415.9,415.9,415.9,415.9,0,5467
960812,415.9,415.9,415.9,415.9,0,5467
960813,415.5,415.5,415.5,415.5,0,5467
960814,414.5,414.5,414.5,414.5,1,5467
960815,414.6,414.6,414.6,414.6,82,5426
960816,414.1,414.1,414.1,414.1,0,5426
960819,415.1,415.1,415.1,415.1,0,5426
960820,415.6,415.6,415.6,415.6,3,5429
960821,414.5,414.5,414.5,414.5,0,5429
960822,415.2,415.2,415.2,415.2,3,5432
960823,416.6,416.6,416.6,416.6,0,5432
960826,417.9,417.9,417.9,417.9,3,5435
960827,417.6,417.6,417.6,417.6,0,5435
960828,417.1,417.1,416.6,416.6,1,5435
960829,416.2,416.2,416.2,416.2,103,5486
960830,416,416,415.9,415.9,8,5494
960903,415.1,415.1,415.1,415.1,6,5499
960904,414.5,414.5,414.5,414.5,0,5499
960905,414.5,414.5,414.4,414.4,1,5499
960906,413.3,413.3,413.3,413.3,8,5499
960909,411.7,411.7,411.7,411.7,0,5499
960910,411.4,411.4,411.3,411.3,99,5604
960911,411.1,411.1,411.1,411.1,3,5607
960912,410,410,410,410,0,5607
960913,409,409,409,409,10,5607
960916,409.7,409.7,409.7,409.7,48,5655
960917,410,410,410,410,11,5651
960918,410.5,410.5,410,410.4,1020,4882
960919,409.7,409.7,409.7,409.7,0,4882
960920,407.5,407.9,407.5,407.9,1,4883
960923,408.3,408.3,408.3,408.3,0,4883
960924,409.3,409.3,409.3,409.3,492,5123
960925,408.6,408.6,408.6,408.6,0,5123
960926,406.2,406.2,406.2,406.2,0,5123
960927,405.2,405.2,405.2,405.2,95,5091
960930,402.5,402.5,402.5,402.5,0,5091
961001,403,403,403,403,216,5225
961002,404.6,404.6,404.6,404.6,0,5225
961003,404.5,405,404.5,405,14,5216
961004,404.5,404.5,404.5,404.5,0,5216
961007,405.8,405.8,404.4,404.4,1,5215
961008,405.3,405.3,405.3,405.3,41,5195
961009,405.8,405.8,405.8,405.8,104,5224
961010,406.1,406.9,406.1,406.9,1,5223
961011,405.6,405.6,405.6,405.6,8,5215
961014,406,406,406,406,0,5215
961015,405.5,405.5,405.5,405.5,0,5215
961016,405.4,405.4,405.4,405.4,11,5211
961017,404.7,404.7,404.7,404.7,0,5211
961018,404.1,404.1,404.1,404.1,0,5211
961021,405.9,405.9,405.9,405.9,0,5211
961022,408.1,408.1,408.1,408.1,4,5207
961023,408,408,408,408,11,5203
961024,407.8,407.8,407,407,5,5205
961025,406,406,406,406,105,5177
961028,405.9,405.9,405.9,405.9,0,5177
961029,402.3,402.3,402.3,402.3,0,5177
961030,401.7,402.1,401.7,402.1,11,5172
961031,399.8,399.8,399.8,399.8,230,5372
961101,399,399.7,399,399.7,16,5371
961104,400.2,400.2,400.2,400.2,0,5371
961105,400.4,400.4,400.4,400.4,10,5371
961106,399.3,399.3,399.3,399.3,0,5371
961107,400.2,400.2,400.2,400.2,0,5371
961108,400,401.1,400,401.1,6,5367
961111,403.4,403.4,403.4,403.4,0,5367
961112,404.2,404.2,403,404.1,193,5474
961113,405,405,405,405,37,5469
961114,405,405,402.6,402.6,0,5469
961115,401.5,401.5,401.5,401.5,185,5592
961118,399.9,399.9,399.9,399.9,10,5597
961119,398.5,398.5,398.5,398.5,479,5755
961120,399.5,399.5,399.5,399.5,91,5794
961121,397,397,396.8,396.8,4,5824
961122,396.4,396.4,396.4,396.4,0,5824
961125,394.6,394.6,394.6,394.6,19,5824
961126,394.5,395.1,394.5,395.1,96,5871
961127,393.6,393.6,393.6,393.6,0,5871
961202,390.8,390.8,389.3,389.3,112,5865
961203,388.6,388.6,388.6,388.6,0,5865
961204,391.1,391.1,390.7,390.7,179,5975
961205,391.3,391.3,391.3,391.3,0,5975
961206,389.4,389.4,389.4,389.4,21,5967
961209,387.8,388,387.8,388,24,5963
961210,388.4,388.8,388.4,388.8,1,5962
961211,389.2,389.2,389.2,389.2,105,5927
961212,389.5,389.5,389.5,389.5,140,5874
961213,389,389,389,389,0,5873
961216,389.1,389.1,389.1,389.1,0,5873
961217,390,390,390,390,1,5874
961218,391,391,391,391,249,5880
961219,390.8,390.8,390.8,390.8,0,5880
961220,389.7,389.7,389.7,389.7,416,5906
961223,389.9,389.9,389.9,389.9,0,5906
961224,389.9,389.9,389.9,389.9,14,5918
961226,390.4,390.4,390.4,390.4,0,5918
961227,390.4,390.4,390.4,390.4,0,5918
961230,390.5,390.5,390.5,390.5,0,5918
961231,388.5,388.5,388.5,388.5,0,5918
970102,386,386,386,386,20,5918
970103,380.9,380.9,380.9,380.9,0,5918
970106,377.1,377.1,377.1,377.1,12,5925
970107,378.1,378.1,378.1,378.1,0,5925
970108,375,375,375,375,0,5925
970109,377,377,377,377,25,5950
970110,379.1,379.1,379.1,379.1,171,6151
970113,379.2,379.2,378.5,378.7,58,6166
970114,373.6,373.6,373.6,373.6,0,6166
970115,371.8,371.8,371.8,371.8,12,6154
970116,373.9,373.9,373.9,373.9,0,6154
970117,375.2,375.2,375.2,375.2,0,6154
970120,373.2,373.2,373.2,373.2,27,6150
970121,372.5,372.5,372.5,372.5,65,6145
970122,370.8,370.9,369.8,370,205,6047
970123,370.9,370.9,370.9,370.9,5,6047
970124,372.5,372.5,372.5,372.5,0,6047
970127,376.8,376.8,376.8,376.8,25,5635
970128,372.9,372.9,372.9,372.9,0,5635
970129,370.2,370.2,370.2,370.2,0,5635
970130,366.9,366.9,364.3,364.3,0,5635
970131,362.9,362.9,362.9,362.9,367,5757
970203,365.5,365.5,365.5,365.5,0,5757
970204,363.5,363.5,363.5,363.5,0,5757
970205,362,363.1,361.5,363.1,270,5754
970206,361.9,361.9,361.9,361.9,349,5725
970207,360.8,360.8,360.8,360.8,5,5727
970210,359.9,359.9,359.9,359.9,70,5727
970211,358.4,358.4,358.4,358.4,0,5727
970212,362.4,362.4,362.4,362.4,45,5771
970213,359.8,359.8,359.8,359.8,0,5771
970214,363,363,363,363,300,6045
970218,363.8,363.8,363.8,363.8,201,6116
970219,363.7,363.7,363.7,363.7,20,6097
970220,368.8,368.8,368.8,368.8,11,6097
970221,370.4,370.4,370.4,370.4,0,6097
970224,371.5,371.5,371.5,371.5,0,6097
970225,372.5,372.5,372.5,372.5,0,6097
970226,372.8,372.8,372.8,372.8,0,6097
970227,378.6,378.6,378.6,378.6,0,6097
970228,382.8,382.8,382.8,382.8,292,6364
970303,381.3,381.3,381.3,381.3,60,6364
970304,378,378,377.7,377.7,1,6365
970305,370.2,371.2,370.2,371.2,0,6365
970306,370.5,370.5,370.5,370.5,0,6365
970307,366.7,366.7,366.7,366.7,105,6377
970310,370,370,370,370,582,5923
970311,372.1,372.1,372.1,372.1,110,5952
970312,370.6,370.6,370.6,370.6,0,5952
970313,372.2,372.2,372.2,372.2,20,5972
970314,371,371,371,371,7,5972
970317,366.3,366.3,366.3,366.3,10,5977
970318,365,369,365,368.1,385,5947
970319,370.6,370.6,370.6,370.6,101,6047
970320,369.9,369.9,369.9,369.9,77,6044
970321,370.5,370.9,370.5,370.9,32,6059
970324,368,368,368,368,75,6096
970325,365.5,365.5,365.5,365.5,0,6096
970326,369.1,369.1,369.1,369.1,0,6096
970327,368.6,368.6,368.6,368.6,126,6096
970331,369.5,370.8,369.5,370.8,14,6092
970401,371.3,371.3,371.3,371.3,263,6063
970402,368.7,368.7,368.7,368.7,0,6016
970403,367.9,367.9,367.9,367.9,0,6016
970404,368.4,371.3,368.4,368.4,4,6020
970407,367.7,367.7,367.7,367.7,79,6061
970408,368.2,368.2,367.7,367.7,95,6131
970409,366,366.9,366,366.9,10,6131
970410,367.4,367.4,367.4,367.4,0,6131
970411,366.1,366.1,366.1,366.1,30,6111
970414,365.5,365.5,365.5,365.5,0,6111
970415,359.1,360.3,359.1,360.3,10,6111
970416,356.6,359.6,355.8,359.6,395,6430
970417,360.4,360.4,360.4,360.4,310,6310
970418,359.4,359.4,359.4,359.4,0,6310
970421,360.5,361,360.5,361,1,6310
970422,359.5,359.5,359.5,359.5,98,6329
970423,358.8,359.4,358.8,359.4,3,6329
970424,358.5,358.9,358.5,358.9,60,6324
970425,360.3,360.3,360.3,360.3,0,6324
970428,357.9,357.9,357.9,357.9,20,6329
970429,357.6,357.6,357.6,357.6,219,6381
970430,357,357,357,357,51,6356
970501,357.6,357.6,357.6,357.6,5,6356
970502,357.2,357.5,357.2,357.5,39,6345
970505,360.4,360.4,360.4,360.4,635,6515
970506,357.9,357.9,357.9,357.9,359,6462
970507,359.1,359.1,359.1,359.1,556,6749
970508,361.5,361.5,361.5,361.5,102,6608
970509,363.5,365.8,363.5,365.8,25,6632
970512,368.1,368.1,365.2,365.2,39,6631
970513,367.1,367.1,367.1,367.1,201,6819
970514,367.5,367.5,364.8,364.8,21,6799
970515,365,365,365,365,7,6792
970516,362.1,362.3,361.3,361.5,13,6793
970519,358.3,358.5,358.3,358.5,5,6794
970520,359.6,359.6,359.6,359.6,320,6989
970521,359.9,359.9,359.9,359.9,10,6995
970522,359.3,359.3,359.3,359.3,25,7010
970523,359.1,359.1,359.1,359.1,22,7002
970527,360.8,360.8,360.8,360.8,24,7010
970528,361.5,361.5,359.8,361.1,74,7031
970529,361.9,361.9,361.9,361.9,2,7033
970530,363.2,363.2,360.4,360.4,75,7006
970602,359.1,359.1,359.1,359.1,1707,7854
970603,358.3,358.6,358.3,358.3,22,7874
970604,356,356,356,356,5,7874
970605,358.1,358.1,358.1,358.1,133,7874
970606,359,359,358,358,1,7875
970609,358.8,358.8,358.8,358.8,0,7875
970610,358.6,358.6,358.6,358.6,127,8002
970611,358.3,358.6,358.3,358.6,56,8003
970612,356.2,356.2,356.2,356.2,560,8073
970613,356,356,355.5,355.5,1,8073
970616,357.3,357.3,357.3,357.3,500,7983
970617,357.3,358,356.4,356.4,224,8134
970618,353.5,353.5,353.5,353.5,0,8134
970619,353,355,353,355,301,8158
970620,351.8,351.8,351.8,351.8,0,8158
970623,352.5,353.6,352.5,353.6,87,8191
970624,351.9,351.9,351.9,351.9,0,8191
970625,352.1,352.4,351.2,351.2,2,8190
970626,352.1,352.1,352.1,352.1,386,8196
970627,349,349,348.1,348.1,1,8196
970630,348,348,346.7,347.2,12,8187
970701,347.3,347.3,346.8,346.8,460,7923
970702,345,345.2,343.6,343.6,56,7772
970703,344.6,344.6,336.6,336.6,41,7775
970707,327.5,331.3,327.5,329.8,329,8059
970708,333.6,333.6,331.5,331.5,680,7814
970709,328.7,329.1,328.7,329.1,1005,7544
970710,329.8,330.9,329.8,330.9,170,7446
970711,331,332.3,331,332.3,10,7544
970714,332.3,332.3,330.7,330.7,1,7544
970715,330.3,330.3,328.9,328.9,3,7547
970716,331,331,328.6,328.6,21,7472
970717,329.8,335.7,329.8,335.1,11,7473
970718,335.2,340.1,335.2,340.1,5,7483
970721,339.5,339.5,336.6,336.6,486,7370
970722,338.2,339.7,336.3,336.3,251,7496
970723,334.3,334.3,333.6,333.6,3,7496
970724,332.2,336.8,332.2,333.6,375,7689
970725,336.4,336.4,336.4,336.4,20,7689
970728,337,339.7,337,339.7,1,7689
970729,336.1,336.1,336.1,336.1,30,7669
970730,337,337,337,337,0,7669
970731,337.7,337.7,335,335,8,7675
970801,335.5,335.5,335.5,335.5,50,7615
970804,335,335,334.7,334.7,52,7620
970805,331.1,331.1,331.1,331.1,87,7676
970806,329.5,329.5,328.9,328.9,81,7647
970807,331,332,331,332,647,7341
970808,332.8,336.8,332.8,336.6,4,7340
970811,337.5,339,337.5,338.8,6,7342
970812,336.9,336.9,336.9,336.9,35,7322
970813,336.3,336.6,336.1,336.6,8,7321
970814,335.9,335.9,333.9,333.9,75,7326
970815,333.7,335.3,333.4,335.3,369,7454
970818,332.8,333,330.3,330.3,18,7479
970819,331.5,332.1,331.5,332.1,236,7657
970820,333.7,333.7,330.1,330.1,21,7657
970821,332.3,332.3,332.3,332.3,1693,7897
970822,332.4,335.6,332.4,335.6,7,7893
970825,333.8,333.8,333.8,333.8,15,7893
970826,334.7,334.7,334.7,334.7,144,8001
970827,335,335,334.5,334.5,597,8533
970828,334.5,334.7,332.8,332.8,203,8339
970829,334.5,334.6,333.1,333.1,3,8282
970902,331.1,331.5,331.1,331.5,2,8282
970903,330,331.1,330,330.5,492,8389
970904,330,330,328.8,329.8,23,8310
970905,330,330.7,330,330.7,173,8231
970908,328.8,329.8,328.8,329.8,218,8228
970909,330,330,329.3,329.3,42,8251
970910,328.8,329.3,328.8,329.3,64,8216
970911,328.5,332.8,328.5,331.8,660,8496
970912,331.4,331.4,330.8,331.1,363,8653
970915,328.7,329.4,328.7,329.4,45,8690
970916,328.6,328.6,327.5,327.6,5,8694
970917,327.2,327.8,327,327,6,8696
970918,327.7,327.7,327.7,327.7,58,8713
970919,329.3,329.5,328,328.1,36,8715
970922,328.7,328.7,328,328.2,25,8732
970923,327.9,329.5,327.5,329.5,44,8844
970924,331,331.5,330.6,331.3,110,8810
970925,332,335,332,334.9,301,8704
970926,333.4,335,333.3,334.2,133,8834
970929,335,337.4,334.8,335.5,77,8851
970930,342,342.5,339.5,342,992,9528
971001,345.2,345.2,341.2,341.2,202,9639
971002,339.5,340.6,338.3,338.5,230,9840
971003,338,342,338,341.8,198,9917
971006,341.4,341.4,338.7,339.4,25,9926
971007,338.5,339,337.9,337.9,41,9942
971008,339.7,340.3,339,339.9,84,9947
971009,340.6,340.6,333,333.8,48,9963
971010,334.5,336,334.2,335.8,256,10036
971013,334.9,335.4,334.4,334.4,18,10042
971014,333.9,335,333.9,333.9,19,10046
971015,332,332.7,331.5,332.7,395,10053
971016,332,333.7,331.5,331.5,583,10439
971017,330.6,331.5,329.5,331.2,1659,10186
971020,330.3,330.6,329.8,329.8,152,9782
971021,329.8,330.3,329.4,329.4,918,10218
971022,329,330.2,329,329.2,536,10576
971023,331.7,331.7,330,330.2,247,10686
971024,327.8,327.8,312.5,313.7,460,10776
971027,317.2,318.5,315.5,317.2,539,10383
971028,319.5,322,317.5,321.4,506,10796
971029,319.1,320.5,318.8,319.6,290,10860
971030,321,324.2,321,322.6,783,11248
971031,319.5,319.5,317,317.3,83,11228
971103,319.5,320.3,319.1,319.6,41,11241
971104,322.5,322.5,320.3,320.3,646,11348
971105,321,321.1,320,320.1,110,11400
971106,318.4,319.4,317.2,318.6,273,11481
971107,317,317.5,314,316.6,283,11509
971110,316.5,317.4,316.4,316.4,299,11364
971111,320.1,320.5,316,316,40,11416
971112,314.5,315.5,313.3,313.9,116,11446
971113,314.8,315,313.9,314.3,142,11502
971114,307,311,306,309.6,1014,11169
971117,309.5,310.5,308.7,310,710,11447
971118,311.2,313.4,310,313,187,11521
971119,312,314,310,310.3,624,11559
971120,310,310,309,309,181,11584
971121,309.2,311.6,309.2,311.1,208,11593
971124,312.2,312.2,308.6,309.2,537,11797
971125,308.2,308.7,306.3,306.5,899,11963
971126,303.5,303.9,301.5,302.5,1040,12213
971201,300.4,300.7,298.5,299.5,711,12586
971202,299.2,301.4,299.2,299.7,486,12837
971203,298.2,299.5,297.7,298.4,843,12535
971204,294.5,296.3,292,292.4,609,12438
971205,293.5,294.8,293.5,294.4,2285,11518
971208,294,294.9,293.4,293.9,535,11902
971209,292,292.3,287,288.7,1707,11493
971210,291.3,294,288.4,292.4,377,11245
971211,291,291.1,289.6,289.8,477,11270
971212,289.2,289.3,287.8,288.5,227,11216
971215,289.8,292,289.3,290.1,518,11408
971216,289.3,291.1,289,289,952,11633
971217,294.5,296,292.2,294.8,1448,11352
971218,294.2,296.6,291.9,292.9,238,11594
971219,295,295.5,293.3,294.8,549,11938
971222,296.5,297.3,295.8,296.5,185,12014
971223,297.5,300,297.2,299.2,2320,11233
971224,301.5,302.3,300.5,301.6,134,11271
971226,301.6,301.6,299.8,299.9,58,11289
971229,298.6,299,295,296.2,564,11541
971230,295.4,295.5,294,295.3,221,11648
971231,294,294,291.7,293.6,389,11727
980102,293.5,293.7,292.4,293,1180,12257
980105,291.3,291.3,285,286.2,1443,12374
980106,286.6,288.8,285.5,285.8,1051,12412
980107,286.8,288.5,286.2,288.4,577,12258
980108,287.4,287.4,282.5,285.3,390,12217
980109,285.3,285.8,282.3,282.5,998,12360
980112,282,283.5,282,282.1,556,12251
980113,283,287.2,283,286.8,445,12270
980114,289,289.7,285.2,285.5,712,12579
980115,286.5,290.3,286,289.5,1815,12583
980116,291.8,298,291.3,294.2,325,12586
980120,294.4,297,292,294.5,370,12657
980121,295.8,296.7,294.2,296.4,240,12613
980122,299.3,299.5,293.8,294.7,903,12783
980123,295.3,305,294.8,303.9,1666,12727
980126,307.9,308.2,300.3,300.5,1341,12871
980127,304.1,304.6,302.8,304.2,1173,12957
980128,301.5,310,300.9,309.8,1563,13237
980129,309.5,310.8,306.3,306.8,4691,14067
980130,307.4,309.4,304,306.5,1064,14277
980202,306.6,307.1,305.1,307,320,14182
980203,304.5,304.9,297.7,299.1,3826,15228
980204,299.5,303.8,299.5,303.1,964,15271
980205,307.5,308,299.5,302.5,751,15350
980206,303.3,303.6,301.5,301.9,1086,15784
980209,304,305.4,303.1,303.5,475,15749
980210,305.2,305.3,302.7,304.2,1817,16012
980211,302.8,304.3,301.8,303.7,1743,15911
980212,303.5,303.8,300.8,302.2,568,15972
980213,301.8,303.6,301.8,303.4,337,15999
980217,303.3,303.7,300.5,301.3,940,16175
980218,300.6,302.4,300.6,300.9,487,16111
980219,301.2,302.5,301,302.3,1163,16358
980220,302.2,302.2,299.5,300.6,909,16545
980223,298.5,299,295.3,296.5,1105,16454
980224,295,295.5,293.9,294.6,1132,16783
980225,295.6,296,294.4,294.9,1608,16974
980226,295.5,297.3,295.4,297.2,1109,17020
980227,300,303.2,299.2,301.9,2238,16692
980302,303.4,303.5,300.5,302.3,850,16934
980303,300.5,301,298.7,300.3,1241,16974
980304,300.7,300.9,298,298.7,1127,17311
980305,297.2,297.7,295.5,295.9,2262,17390
980306,296.3,298,296.2,297,1067,17554
980309,296.7,297.2,295.8,296.7,1576,17495
980310,296.7,298.5,296.7,298.2,1798,17967
980311,297.2,297.2,296.2,296.9,2215,19352
980312,296.9,297.2,296,296.9,2744,20609
980313,297.6,298,296.8,297.7,1206,21395
980316,297,297.3,296.2,296.9,4323,22440
980317,296.5,296.8,293.3,294.1,3561,23539
980318,290.5,293.7,290,293.2,33794,37935
980319,293.1,294.5,293,293.6,17899,45039
980320,293,295.5,293,293.8,6220,47175
980323,295.6,301.5,295,301.2,11557,54053
980324,303,304.5,301.6,301.8,36757,48762
980325,301.1,302.6,300,301.3,21373,57016
980326,301.8,303.9,301.5,303.7,34928,68520
980327,304.6,306.8,303.6,305,45548,75280
980330,304.5,306,303.6,303.9,25868,76897
980331,303.4,304.9,302.6,303.3,20119,79498
980401,303.9,304,301.6,301.9,28002,80328
980402,302,305.4,301.8,304.2,32603,81975
980403,309,310.8,306.6,310.3,61838,84084
980406,315.5,316.8,311,311.4,69795,99128
980407,311.2,312.1,308.5,312,33586,98203
980408,311.5,312.2,309.4,311.1,24646,96733
980409,310,311.7,308.9,310.2,28960,98534
980413,312.2,313.1,311.5,312.9,16881,101626
980414,311.4,312,309.7,310,22675,100624
980415,309.6,310,308.1,309,23014,100458
980416,307.8,310.5,307.6,309.8,21629,99234
980417,310.1,310.5,308.3,309.4,19537,99113
980420,309.2,310.2,309,309.6,8771,99673
980421,309.5,314.3,309,312.6,37013,102164
980422,313.5,315.9,313,314.9,42955,102284
980423,315.7,316,313.8,315.8,26372,102571
980424,314.6,315.2,313.5,314.2,14907,103145
980427,313.2,313.2,310.5,311.2,31852,102600
980428,309.8,310.4,308,309.4,32139,98462
980429,309.1,312.8,308.6,311.6,29616,98447
980430,311.9,312.7,306.5,307.9,43184,96563
980501,307.8,308.4,302.5,303.6,47253,88839
980504,305.2,306.9,304.1,305.4,23502,87549
980505,305.4,306,303.7,304.6,22567,86553
980506,303.9,304.6,300.7,301.6,42794,80251
980507,298.5,300.2,297.8,299.6,60537,64144
980508,301.7,301.8,300,300.7,19457,63649
980511,299.7,302.1,299.1,301.2,24517,64146
980512,300.7,300.8,297.9,298.9,40185,64895
980513,296.3,300.7,296.3,299.2,34994,63174
980514,297.5,299.9,295.9,299.7,39876,66945
980515,302.9,303.4,300.9,301.9,31263,65082
980518,300.8,302,299.3,300.2,28360,58689
980519,300.3,301,299,299.3,17098,53952
980520,299.3,301.5,299,299.9,29910,48605
980521,300.6,301.6,300.6,301.1,19830,44251
980522,300.9,301,299.4,300,19468,38202
980526,299,299.1,294.9,295.6,49010,30893
980527,292.1,294.5,291.8,293.7,35566,22007
980528,293.2,294.2,292.3,292.7,27089,11083
980529,292.5,293.9,291.2,292.3,5978,5135
980601,291.2,291.5,287.5,287.9,1520,2275
980602,289,291.7,288.8,290.6,695,1494
980603,292.3,293.2,289.7,292.7,218,906
980604,290.6,293.3,290.6,293.2,230,780
980605,291.8,292.1,290.9,291.2,91,669
980608,291.8,296,290.7,296,192,577
980609,297,299,293.1,293.2,176,547
980610,293.5,294.4,292.5,292.9,123,451
980611,292.5,292.7,286.5,286.7,104,418
980612,288,288.3,285,285.3,731,512
980615,284.6,286.3,284.6,284.6,25,313
980616,285.8,288.6,285.8,288.1,68,158
980617,290.5,293,290.5,293,274,189
980618,292.5,293,291.2,292.8,71,176
980619,297,300.1,296.6,299,51,145
980622,294.5,295.5,294.5,295.4,6,107
980623,294.5,294.8,294,294.8,12,102
980624,294,294,292.7,292.7,57,50
980625,292.7,294.5,292.7,293.8,32,37
980626,293.1,293.7,293.1,293.7,16,30
