590701,70.5,70.6,70.2,70.6,835,5950
590702,70.6,71.2,70.1,70.4,970,6182
590706,70.6,70.7,69.6,69.7,1457,6532
590707,69.5,70.2,69.5,69.6,954,6581
590708,69.6,69.6,69.1,69.6,924,6755
590709,69.4,69.6,69.1,69.1,1056,6784
590710,69.1,69.4,69,69.2,940,6926
590713,70.4,71,70,70.1,1214,7351
590714,70.2,70.5,70,70.3,1730,6976
590715,70.2,70.3,69.6,69.7,892,7087
590716,69.4,69.6,69.3,69.3,1107,7382
590717,69.3,69.4,69,69,770,7616
590720,68.7,69.5,68.7,69.5,1279,7902
590721,69.5,70.3,69.5,69.6,1185,8423
590722,69.5,69.6,69.2,69.3,1340,8691
590723,69.2,69.2,69.1,69.1,677,8959
590724,69.1,69.4,69,69.2,334,9008
590727,69.1,69.6,69.1,69.4,801,9353
590728,69.4,69.5,69.1,69.1,985,9968
590729,69.1,69.4,69,69.2,889,10390
590730,69.2,70.6,69.2,70.5,349,10535
590731,70.5,71.3,70.4,71.3,2436,11660
590803,71.3,71.3,70.5,70.6,2299,12257
590804,70.6,70.7,70.4,70.5,1454,12540
590805,70.6,71.6,70.5,71.1,1111,13009
590806,71.2,71.4,71,71.2,1772,13420
590807,71.1,71.2,70.5,70.6,1006,13633
590810,70.5,70.7,70.4,70.5,628,13770
590811,70.5,70.7,70.4,70.6,980,14344
590812,70.6,70.7,70.2,70.2,623,14599
590813,70.1,70.2,69.6,70,862,14729
590814,69.7,70.3,69.6,69.7,1625,14904
590817,69.6,70,69.5,69.6,800,15192
590818,69.5,69.6,69.3,69.5,710,15278
590819,69.5,69.7,69.4,69.5,856,15368
590820,69.4,70.1,69.4,69.7,749,15588
590821,69.7,69.7,69,69,706,15722
590824,69,69.3,68.7,69,1826,16062
590825,69,69.1,68.5,69.1,1613,16059
590826,69,69.2,68.6,69,1089,16103
590827,69,69.6,68.7,69.5,560,16247
590828,69.6,70.1,69.5,69.7,1011,16361
590831,70,70.2,69.6,70,972,16401
590901,70.1,70.3,70,70.3,1366,16632
590902,70.3,71,70.2,70.6,1193,16958
590903,71,71.1,70.5,70.6,1420,17097
590904,70.7,70.7,70.4,70.4,862,17017
590908,70.4,70.6,70.3,70.4,474,17108
590909,70.4,70.4,70.1,70.3,900,17117
590910,70.1,70.4,70,70.2,1285,17155
590911,70.1,70.1,69.5,69.6,868,17134
590914,69.5,69.5,69.1,69.2,1117,17192
590915,69,69.3,69,69.2,1128,17186
590916,69.3,69.6,69.2,69.6,1039,17161
590917,69.5,69.6,69.4,69.6,664,17026
590918,69.7,69.7,69.5,69.6,300,16936
590921,69.3,69.4,69.2,69.3,327,16766
590922,69.3,69.4,69.2,69.3,563,16696
590923,69.3,70,69.3,70,89,16472
590924,70,70.4,70,70.2,541,16411
590925,70.1,70.5,69.7,70.4,1237,16125
590928,70.6,71,70.5,71,1312,15853
590929,71.1,71.2,70.5,70.6,1672,15374
590930,70.4,71,70.4,71,723,15229
591001,70.6,71.2,70.4,71,564,15315
591002,71.1,71.4,71,71.3,939,15178
591005,71.4,72,71.3,72,935,15046
591006,71.7,72.3,71.7,72.3,2086,14876
591007,72.2,72.6,72.1,72.6,1671,14217
591008,72.6,72.6,72.3,72.6,1492,14247
591009,72.4,72.5,72.1,72.2,1013,13984
591012,71.7,72.2,71.5,72.2,829,13934
591013,72.3,73.1,72.3,73,762,13844
591014,73,73.3,72.6,72.7,1760,13329
591015,73.1,73.2,73,73.1,1291,12885
591016,73.2,73.6,73.2,73.6,559,12817
591019,74,74.1,73.5,73.7,2240,12409
591020,73.7,74.2,73.6,74.1,1323,11886
591021,74.3,74.7,74.2,74.6,660,11649
591022,74.5,74.7,74.2,74.4,756,11404
591023,74.3,74.5,74,74.4,912,11235
591026,74.6,75,74.4,74.6,605,11095
591027,74.7,74.7,74.3,74.3,918,10842
591028,74.4,74.6,74.3,74.6,709,10627
591029,74.6,75.1,74.6,74.6,617,10502
591030,74.5,76,74.5,75.7,611,10329
591102,76,76.4,75.6,76.4,1087,9936
591103,76.2,76.6,76.2,76.5,851,9708
591104,77,77.3,76.5,77,672,9436
591105,77.1,77.2,76.6,77.1,1027,9121
591106,76.7,76.7,76,76.3,1281,8934
591109,76.4,77,76.2,76.6,1162,8522
591110,77,78.7,76.7,78.7,713,8260
591111,78.5,79,78.3,78.6,1345,7697
591112,78.7,78.7,77.3,78.4,829,7549
591113,78.5,78.6,78.4,78.6,919,7313
591116,78.6,78.6,77,77.2,537,7100
591117,77.3,77.3,76.7,77.1,1050,6698
591118,77.1,78.4,77,78.2,800,6500
591119,78.2,78.2,77,77.1,602,6393
591120,77,77,76.2,76.6,437,6250
591123,76.6,76.7,76.2,76.4,675,6053
591124,76.4,77,76.4,76.7,849,5897
591125,77,77.1,76.6,76.6,494,5880
591127,76.6,77,76.4,76.5,468,5588
591130,76.4,76.5,76.2,76.3,588,5301
591201,76.6,77.3,76.6,77.2,660,5045
591202,77.4,77.6,77.2,77.6,525,4680
591203,77.6,77.6,77.2,77.6,482,4522
591204,77.5,78.1,77.4,78,259,4368
591207,78,78.1,77.6,77.7,240,4313
591208,78.1,78.1,77.4,77.4,102,4241
591209,78,78,76.6,77,383,3954
591210,76.5,77.4,76.5,77.2,787,3584
591211,77.2,77.2,76.6,77.1,364,3470
591214,77,77,76.2,76.2,421,3240
591215,76.2,76.4,76.2,76.4,399,2971
591216,76.4,76.4,75.5,75.7,177,2841
591217,75.6,75.6,74.4,74.7,536,2582
591218,74.6,76.5,74.6,76.3,583,2030
591221,76.7,76.7,76,76.4,560,1590
