660606,72,72,71.7,71.7,0,0
660607,71.4,71.6,71.2,71.2,5,5
660608,70.4,71,70.4,71,10,15
660609,71,71,71,71,15,30
660610,71.1,71.1,71.1,71.1,0,30
660613,71.2,71.2,71.2,71.2,0,30
660614,71.2,71.2,71.2,71.2,0,30
660615,71.6,72,71.6,72,0,30
660616,72.6,73,72.6,72.7,15,40
660617,73.2,73.2,73,73.2,30,50
660620,74.2,76.6,74.2,76.2,5,55
660621,77.6,78,75,76,140,145
660622,75.7,75.7,75.7,75.7,55,160
660623,76,78.6,76,78.4,0,160
660624,78.6,78.6,76.4,77.6,17,152
660627,79,79.4,78.6,79.2,40,192
660628,79.2,79.2,78.2,78.4,15,197
660629,78.2,80.3,78,80.2,50,197
660630,80,81.2,79.7,80.4,69,231
660701,79.7,79.7,78.6,79.2,80,246
660705,79,80.3,79,80.2,75,271
660706,79,79.6,78.4,79,30,271
660707,79.4,79.6,76.6,77.2,62,271
660708,76.6,78.7,76.2,77.6,96,242
660711,79.4,80.4,78.2,80,115,267
660712,80.4,81.6,80.4,81.2,45,267
660713,82,82.2,80.6,81,158,376
660714,81.1,81.2,80.2,80.3,250,581
660715,80.2,80.4,79.6,79.7,82,616
660718,80.6,82.2,80.6,82.2,120,721
660719,81.6,82.7,81.6,81.7,137,771
660720,80.6,81.6,80.6,81.2,117,808
660721,80.6,81,78.6,79.2,190,883
660722,79,79,78,78.1,762,1473
660725,78.2,79.5,78.2,79.5,225,1563
660726,80,80.2,78.6,79,770,2103
660727,78.4,78.4,77.7,78.1,415,2223
660728,78.3,78.7,78,78.2,182,2303
660729,78.1,78.2,77.5,78,150,2363
660801,78.4,79.1,78.2,79.1,195,2458
660802,78.6,79.6,78.1,79.4,545,2798
660803,79.4,79.6,78.7,79,435,3003
660804,78.7,78.7,78.6,78.7,95,2988
660805,78.7,78.7,78.6,78.6,120,3028
660808,78.6,78.7,78.4,78.6,40,3023
660809,78.7,79.2,78.5,79.1,140,3098
660810,79.2,79.2,78.5,79.1,270,3303
660811,79.7,82.2,79.7,81.4,260,3448
660812,81.7,81.7,81.1,81.1,601,3573
660815,81.3,82.6,80.6,82.6,130,3613
660816,84,85,83.4,85,510,3803
660817,84.6,85.3,83.6,84.5,690,4038
660818,84.7,84.7,83.4,84.2,1455,4488
660819,84.2,85.4,83.6,85.1,950,4888
660822,85.6,86.5,85,86,1897,5993
660823,86.3,87,85.2,85.6,1695,6993
660824,85.5,86.1,85.2,85.7,1355,7658
660825,85.6,85.7,84.4,84.6,875,7993
660826,84.4,84.4,83.5,83.6,565,8098
660829,83.5,84,82.2,82.3,605,8213
660830,82.3,82.4,80.4,81,610,8348
660831,81.2,81.6,80.4,80.4,710,8238
660901,81.2,82.4,81.2,82.2,1159,7843
660902,82.4,82.5,81.7,82,620,7993
660906,82.2,82.7,82.1,82.7,435,8038
660907,83,84.3,82.7,83.4,345,8193
660908,83.2,83.4,82.4,82.6,695,8888
660909,83.4,83.7,82.4,83.6,355,8408
660912,82.6,82.6,81.3,81.4,330,8368
660913,81.3,82.4,81.2,82.3,985,8518
660914,82.4,82.6,82.2,82.6,625,8448
660915,82.6,82.6,82.2,82.4,355,8523
660916,82.1,82.3,81.4,82.2,545,8928
660919,81.3,81.5,80.5,81,735,8978
660920,80.7,80.7,79.4,79.7,800,9078
660921,80.1,80.1,77.1,77.3,1215,9038
660922,77.3,78,75.4,76.5,1160,8833
660923,77.2,77.6,77,77.4,1757,8983
660926,77.7,78.7,77,78.4,707,8991
660927,78.6,79.1,78.1,78.1,710,9081
660928,78,78,77.1,77.2,735,9296
660929,77.2,78.1,76.6,77.5,350,9291
660930,78.1,78.5,77.7,78.3,435,9391
661003,78.5,78.5,78,78.1,455,9471
661004,77.7,78,77,77.2,180,9486
661005,77.1,78.1,76.5,77.7,530,9461
661006,77.4,78.1,77.4,77.6,545,9556
661007,78.2,78.2,77.6,78.1,310,9671
661010,78.4,78.5,78.1,78.4,390,9681
661011,78.7,79.2,78.6,78.7,500,9706
661012,78.3,78.5,77.4,77.5,700,9906
661013,77.5,77.7,76.2,76.6,645,9951
661014,76.6,78,76.4,77.7,1695,9438
661017,77.7,79,77.7,78.6,1155,9286
661018,78.6,78.6,77.3,77.7,837,9404
661019,77.6,78,77.2,77.7,697,9512
661020,78,78.4,77.7,78.4,570,9677
661021,78.5,78.6,78,78.4,325,9757
661024,78.4,78.6,77.4,77.6,445,9787
661025,77.7,78.7,77.7,78.7,477,9865
661026,80,80,79.1,79.1,810,9995
661027,79.1,79.4,79,79,1120,10120
661028,78.6,79.1,78.4,79.1,625,10270
661031,79,79.7,79,79.6,315,10310
661101,79.7,80.1,78.6,78.6,565,10410
661102,78.5,79.2,78.2,79.2,760,10495
661103,79.5,80.1,79.4,80.1,1190,10670
661104,80.2,80.2,79.4,79.5,1255,10535
661107,79.4,79.7,79.1,79.4,760,10370
661109,79.5,79.6,79.2,79.4,620,10350
661110,79.3,79.6,79.2,79.6,340,10240
661111,79.3,80.2,79.3,80.1,400,10240
661114,80.2,80.7,80.1,80.4,625,10235
661115,80.3,80.4,80,80,765,10290
661116,80,80,78.5,79.1,365,10250
661117,79,79.4,78.5,79.2,805,10210
661118,79.2,79.4,79.1,79.2,435,10255
661121,79.1,79.7,78.7,79.5,210,10280
661122,79.6,80.1,79.4,79.7,960,10250
661123,79.4,80.2,79.4,79.5,365,10285
661125,80,80.4,79.6,79.6,510,10290
661128,80,80.1,79.4,79.6,420,10285
661129,80,80.1,79.6,80,295,10265
661130,80,80,79.2,79.2,455,10250
661201,79.4,80,79.2,79.7,610,10320
661202,80,80.2,79.5,79.5,910,10380
661205,79.5,79.6,79.4,79.4,785,10270
661206,80,80.3,79.4,79.4,705,10395
661207,79.5,79.6,79.2,79.2,955,10645
661208,79.2,79.5,78.6,78.7,1545,11420
661209,78.7,78.7,78.2,78.5,2060,11230
661212,78.3,78.6,78.2,78.5,1025,11405
661213,78.6,79,78.5,78.6,875,11460
661214,78.6,78.6,77.6,78.1,840,11265
661215,77.7,78,77.3,77.7,1235,11385
661216,78,78.4,78,78.4,635,11300
661219,78.3,78.5,77.7,78,575,11330
661220,78,78.4,77.6,78.1,205,11280
661221,78.2,78.2,77.4,77.5,530,11055
661222,77.4,77.4,77,77.1,675,11115
661223,77.3,77.4,77.1,77.2,760,11300
661227,77,77,76.5,76.6,245,11335
661228,76.7,77.5,76.7,77.4,385,11335
661229,77.3,77.5,77,77.1,285,11305
661230,77.1,77.2,76.6,77,450,11170
670103,77.2,77.4,77.1,77.2,570,11125
670104,77.2,77.2,77,77.2,375,11045
670105,77,77.1,77,77,370,10915
670106,77,77.4,77,77.4,335,10770
670109,77.7,78.1,77.5,78.1,130,10785
670110,78.2,78.3,78.1,78.2,510,10950
670111,78.6,78.6,78.2,78.5,405,10900
670112,78.5,78.6,77,77.3,700,10780
670113,77.2,77.3,76.5,76.5,675,10680
670116,76.2,76.3,75.4,75.5,430,10695
670117,75.4,75.7,74.6,75,1185,10535
670118,75.1,75.5,75.1,75.2,785,10280
670119,75.3,75.4,75,75.4,395,10170
670120,75.3,75.3,75,75.3,275,10100
670123,75.2,75.2,74.6,75.1,310,10010
670124,75,75.2,74.7,75.1,295,10065
670125,75.7,76,75.5,76,545,10260
670126,76.1,76.1,75.2,75.5,625,10375
670130,76.1,76.1,75.6,75.7,430,10525
670131,75.4,75.5,75,75,355,10640
670201,74.6,75.2,74.4,75.2,335,10580
670202,75.4,75.4,75.2,75.4,665,10440
670203,75.5,75.5,74.7,75.3,230,10490
670206,75.2,75.2,74.7,74.7,485,10715
670207,74.5,74.6,74,74.3,205,10650
670208,74.1,74.3,72.2,72.5,645,10640
670209,72.7,73.2,72.5,73,1125,10635
670210,73.1,73.1,72.3,72.5,1195,10420
670213,72.4,72.4,71.2,71.3,615,10295
670214,71.2,71.4,70.2,70.4,900,10185
670215,70.4,71.1,69.7,70,1070,10110
670216,69.7,71,69.7,70.7,1180,10110
670217,71.3,71.7,71.2,71.7,805,10280
670220,71.6,73,71.5,73,750,10375
670221,72.7,73.4,72.5,73.2,710,10370
670223,73.5,75,73.5,74,685,10445
670224,74,74.2,73.5,74.1,1105,10405
670227,74.1,74.1,72.4,72.4,650,10505
670228,72.4,73.6,72.3,73.5,1055,10775
670301,73.5,74.2,72.7,74.2,1225,11210
670302,74.1,75,74,74.3,950,11345
670303,74.3,74.4,73.6,74,1010,11255
670306,74.2,74.5,74,74.2,630,11480
670307,74.2,74.2,73.4,74,540,11545
670308,73.4,73.6,72.6,73.1,535,11585
670309,73,73,71.6,72,565,11610
670310,71.4,72.5,71.4,72,2150,12235
670313,72.4,73,72.3,72.6,920,12515
670314,73,73.1,72.5,73,565,12600
670315,73,73.4,73,73.2,545,12655
670316,73.1,73.6,73,73.6,585,12745
670317,73.6,73.7,73.2,73.6,740,12820
670320,73,73.2,72.4,72.6,825,12865
670321,73.3,74,73,73.7,655,12905
670322,74,74,73,73.1,980,13250
670323,73.2,73.3,72.6,73.2,505,13190
670327,73.2,73.7,73.2,73.6,515,13205
670328,74,74,73.3,73.4,420,13240
670329,73.1,73.1,72.7,73,570,13125
670330,73.1,73.2,73,73.2,215,13095
670331,73.1,73.5,73.1,73.4,325,13240
670403,73.1,73.5,73,73.4,360,13110
670404,73.5,73.7,73.4,73.7,415,13005
670405,73.7,74.4,73.6,74.3,570,12695
670406,74.4,74.4,74.1,74.3,1375,11955
670407,74.2,74.4,74,74.3,915,11655
670410,74.3,74.7,74.2,74.7,365,11595
670411,73.7,74.3,73,73.4,480,11355
670412,73.3,73.3,72.4,72.4,800,11035
670413,72.4,73.2,72.1,73.2,580,10825
670414,73.2,73.2,72.4,72.7,505,10605
670417,72.3,72.3,71,71.7,385,10255
670418,71.4,72.2,71.4,72.2,845,9860
670419,72.2,72.3,71.6,72.2,660,9585
670420,71.7,72.4,71.7,72.3,415,9420
670421,72.5,72.6,72.1,72.1,485,9230
670424,72,72.1,71.6,72.1,360,8980
670425,71.4,71.6,70.2,70.4,785,8655
670426,70.2,70.6,70.1,70.6,1250,7915
670427,71,71,70.3,70.5,1155,7225
670428,70.4,70.5,70,70.1,1245,6390
670501,70,70.7,69.7,70.4,2220,5110
670502,70.4,71,70.2,70.6,720,3885
670503,70.5,71.1,70.5,71,655,3495
670504,71,71.4,70.7,71.1,785,2920
670505,71.3,71.4,71,71,470,2615
670508,71,72.1,71,71.3,300,2490
670509,71.1,71.2,70.4,70.5,1035,2805
670510,70.3,70.5,70.1,70.1,65,2075
670511,70.1,70.5,70,70.2,1075,1140
670512,70.4,70.7,70,70.1,375,840
670515,70.2,70.3,70,70,275,690
670516,69.6,70.1,69.5,70,360,635
670517,69.6,69.7,69.4,69.6,475,540
670518,69.4,69.5,69.2,69.3,185,300
670519,69.3,69.6,69,69.2,400,430
