740621,147,149,147,149,0,0
740624,155,155,155,155,5,5
740625,150.4,150.4,150.4,150.4,0,5
740626,150,157.4,150,157,0,5
740627,155.4,155.4,155.4,155.4,35,25
740628,153,153,153,153,0,25
740701,159,159,159,159,0,25
740702,159,159,159,159,0,25
740703,159,159,159,159,0,25
740705,159,159,159,159,5,25
740708,165,165,165,165,0,25
740709,165,165,163.4,163.4,5,25
740710,159,159,159,159,25,50
740711,160,160,160,160,0,50
740712,165.4,165.4,165.4,165.4,0,50
740715,171.4,171.4,171.4,171.4,0,50
740716,171.4,172,169,169,0,50
740717,167,167,167,167,20,60
740718,171,173,171,173,20,60
740719,179,179,175,177.4,5,65
740722,175,175,175,175,80,65
740723,181,181,181,181,10,75
740724,184,187,184,187,0,75
740725,193,193,191.4,192.2,55,110
740726,198,198.4,195,198,145,215
740729,204,204,204,204,95,260
740730,208,208.4,198,198,135,320
740731,201,202.4,196.2,202,400,470
740801,198,199.4,196,196,205,535
740802,190,190,190,190,295,670
740805,188,194,184,184.2,85,705
740806,187,190.2,179,189.4,250,795
740807,192.5,195.5,192.5,195,190,760
740808,191.5,191.5,189,189,275,855
740809,183.5,184.25,183,183,190,755
740812,177,177,177,177,60,775
740813,183,183,183,183,0,775
740814,189,189,189,189,20,785
740815,183,187.5,183,183,310,930
740816,188,188,181,185,225,990
740819,182,187,181,181,150,1055
740820,180,181,175,175,525,1045
740821,172,174,169,172,330,1065
740822,175,178,170,178,430,1065
740823,183,183,175,175.5,120,1105
740826,176.5,176.5,170,170,140,1135
740827,167,167,164,165,690,1230
740828,161,170,161,169,400,1185
740829,167,168.5,165.75,166.75,100,1165
740830,167.5,168.5,166.5,168.25,165,1125
740903,170,172.5,162.25,163,345,1225
740904,160,169,157,169,300,1220
740905,164,172,164,170,220,1220
740906,170,175,169.5,173.25,135,1225
740909,170,179.25,170,179.25,155,1240
740910,178,178.5,173.5,173.5,330,1405
740911,174,178.5,174,177.5,90,1415
740912,183.5,183.5,174,174,350,1490
740913,172,177.25,172,177,125,1525
740916,172,172,171,171,80,1495
740917,169,170.5,165,167.5,125,1505
740918,168.5,172,167,169.75,235,1515
740919,168.5,170,168,170,30,1520
740920,170,172.5,168.5,168.5,95,1535
740923,174.5,174.5,172,174.5,155,1555
740924,172.5,180.5,172.5,180.5,270,1595
740925,180,185.5,178.5,184.5,850,1590
740926,184,190.5,184,190.5,730,1625
740927,196.5,196.5,192,195.5,535,1650
740930,198,201.5,198,201.5,240,1755
741001,205,205.5,195.5,195.5,660,1925
741002,196.5,198,192.5,198,340,1965
741003,202,204,202,204,85,1945
741004,206.5,206.5,198,203.25,450,1935
741007,197.25,197.25,197.25,197.25,15,1925
741008,191.25,199,191.25,191.5,385,1865
741009,196,197.5,194.5,195,615,1800
741010,197,200,195.5,199.75,425,1800
741011,197.5,202.5,193.75,195.25,485,1895
741014,192,201.25,190.5,201.25,435,1890
741015,203.25,204.5,198.5,200.5,755,2030
741016,200,200,197,198.25,555,2150
741017,195,197.5,193.5,195.75,405,2180
741018,198,198,196.25,197,125,2225
741021,197,199,195.5,197.5,175,2260
741022,197,198.75,196,196.5,235,2335
741023,196.5,197,191.5,193,300,2240
741024,189.5,192.25,189.5,190,325,2165
741025,186,187.5,184,184.5,265,2160
741028,183.5,187,183.5,184.5,185,2185
741029,187.5,190.25,187.25,190.25,510,2280
741030,190,190.5,187,189.5,260,2280
741031,190,193,189.5,192.75,270,2230
741101,192,192,190,190.5,185,2285
741104,191,195.5,191,193.5,425,2395
741106,196.5,197.5,195,195.75,375,2470
741107,194.75,194.75,192,193.25,180,2480
741108,195.5,195.5,191.5,193.75,180,2460
741111,199.25,199.75,193.5,194,255,2525
741112,190.25,193,188,188,475,2500
741113,186,187.5,182,185.25,620,2420
741114,186,187.5,185,185,415,2580
741115,183,184.5,180,180,750,2335
741118,178,178,174,174,350,2420
741119,168,172.5,168,172.25,585,2415
741120,174.5,178.25,174.25,178.25,555,2485
741121,177,177,172.25,172.25,590,2450
741122,169,175.75,169,175,265,2395
741125,174.5,177,174,174.25,240,2470
741126,173.5,180.25,173.5,180.25,620,2595
741127,179.5,184,178,184,505,2615
741129,188,189,184.5,187.75,620,2910
741202,187.5,188,182,182,290,2935
741203,181,186.5,179.5,186,635,3120
741204,186,186,180,182,600,3130
741205,185,185.5,183,184,405,3175
741206,183,183,179,179,510,3100
741209,177.5,179.5,173.5,177,820,3240
741210,178.5,179.5,176.75,176.75,610,3375
741211,177,180,176,179,530,3510
741212,179.5,180,178,178.25,530,3585
741213,179,181,178,178.25,695,3730
741216,179.5,181.5,176,176,390,3765
741217,175,175.75,172.5,172.5,830,3935
741218,173,175,172,174.75,535,3920
741219,176,177,172,172.25,765,3865
741220,171,171.75,168.5,170.25,1375,3805
741223,171,171,167,167.25,450,3730
741224,165,166,163,165.5,705,3735
741226,164,166.75,159.5,160.5,1240,3660
741227,161,165,159.5,164.25,1075,3695
741230,163.75,163.75,160,163,710,3680
741231,162,166,162,166,515,3795
750102,165,168,165,166.5,625,3805
750103,167.5,169.75,164,164.25,1280,4140
750106,163.5,168,161,167.25,1200,4220
750107,166.5,166.75,162.5,163,765,4230
750108,161,163.5,159.5,163.5,1615,4310
750109,164,164.5,161,161,760,4280
750110,162,163,162,162.25,605,4325
750113,165.5,165.75,160.5,162,1200,4380
750114,163,164.25,159.5,162.5,865,4390
750115,161,163.5,161,163.5,705,4345
750116,162,162.75,157.5,158,1505,4545
750117,152,152.5,152,152,1415,4445
750120,146.5,150,146,149,1570,4175
750121,153,154,150.25,151.75,1460,4145
750122,150.5,151,146,146.25,1370,4160
750123,143,152.25,143,152.25,1645,4250
750124,151.5,158.25,151,158,1695,4135
750127,157,158,152.5,153,1570,4100
750128,151.5,156.75,150,156.75,1425,4095
750129,155,162.75,154.5,160.75,2775,3680
750130,161,162.5,157.5,160.5,1610,3770
750131,159.5,159.5,155.5,156.5,1000,3665
750203,154,156.25,152.5,156.25,825,3730
750204,158.5,161.25,157,160,1385,3835
750205,158,158.75,155.25,155.75,800,3885
750206,155.25,158,155,156,650,3915
750207,157,158.75,156.75,157.25,920,3860
750210,158.5,158.75,156.5,157,785,4035
750211,156.5,157,155.25,156.75,1005,4175
750212,158,159.75,156.5,157.5,1020,4135
750213,157,163.5,156,161.5,1920,4105
750214,162,162,157.75,158.75,1400,4230
750218,159,159,155.5,155.75,1770,4125
750219,154.25,155.5,149.75,151.25,2555,4305
750220,150,153,149,152.25,1930,4140
750221,153,155,151.75,152.5,1690,3900
750224,151.5,152.5,148.5,150.25,1855,4025
750225,151.5,151.75,149.5,149.75,1190,4180
750226,143.75,147,143.75,144,1810,4310
750227,143,146,139,140,2270,4335
750228,135.5,138,134,135.5,1565,4255
750303,134.5,136.5,129.5,136,2355,4495
750304,135,139.5,131.5,136.5,2505,4275
750305,136.5,139,136,137.5,1100,4415
750306,140,143.5,139.5,143.5,2530,4105
750307,145,146.5,139,140.25,1630,3920
750310,139.5,140,137.5,139.75,1105,3955
750311,140,145,139.5,144.5,2305,4065
750312,145,146,142,146,1465,4175
750313,145,145,140,140,1870,4195
750314,139,140,137.25,138.5,1330,4110
750317,138,142.5,137.75,142,1510,4400
750318,143.5,143.5,138,138.5,1205,4325
750319,136,139,135.5,139,1630,4555
750320,139.5,141.5,136,138.25,1260,4395
750321,139,144,138,143.5,1960,4485
750324,144,146.25,141.25,144,1385,4265
750325,145,145,142.25,145,800,4275
750326,146,151,145.5,151,1900,4155
750327,151.5,157,149,154.5,1845,4185
750331,155,160,155,158,1500,4180
750401,158,159,155.25,157.25,875,4240
750402,158.5,158.5,155,155.75,725,4185
750403,155.5,156,151,151.75,915,4135
750404,151.5,154.5,151.25,154.25,590,4185
750407,154.5,155,152.25,154.75,645,4250
750408,155,158,154,156.25,1130,4195
750409,156.5,159,156,158.75,980,4185
750410,159,159,152.75,152.75,1265,4030
750411,151.5,154.75,151.25,153.25,780,3920
750414,152.75,156,152.25,154.25,820,3715
750415,155,156.75,154,154.5,1000,3730
750416,155,157.25,154.25,156,795,3750
750417,156,161,156,160.5,1320,3740
750418,161.5,162,159.75,159.75,880,3745
750421,159.5,161.75,157,161.75,870,3830
750422,162.5,167.75,161.75,165.75,1470,3870
750423,167,170,165,167.5,1335,3690
750424,169,169.5,166,166.5,1060,3485
750425,168.75,170,167,167.75,935,3130
750428,169,171,166.5,169.25,920,2860
750429,168,168.5,164,164.25,1580,2340
750430,164,167.5,158.5,164.5,835,2330
750501,164,164,159,161,840,2220
750502,160,163,159,161,715,2085
750505,160.5,160.5,155,155.5,475,1850
750506,154.5,159,154.5,157.75,420,1910
750507,159,162,158,158,245,1800
750508,159.5,164,159.5,160,175,1810
750509,159,164,159,162.25,290,1715
750512,166.75,168.25,164,168.25,350,1640
750513,169.25,173.25,169.25,173,530,1365
750514,172.5,173,169.5,170,320,1230
750515,168.5,173.5,168,172.5,225,1160
750516,172,178,171.5,178,510,875
750519,178,184,177,184,695,375
750520,187.5,190,187.5,190,310,145
