840727,171,171,171,171,5,5
840730,173,173,173,173,0,25
840731,175,175,175,175,0,25
840801,175,175,175,175,0,25
840802,175.5,176.5,174.5,176.5,15,15
840803,178,178.5,177,177,45,35
840806,177,177.25,176.5,176.5,10,35
840807,177,177,177,177,0,35
840808,176,176,176,176,0,35
840809,176.5,176.5,176.5,176.5,0,35
840810,176.25,176.25,176.25,176.25,0,35
840813,176,176,176,176,25,60
840814,175.5,175.5,175.5,175.5,0,60
840815,175.25,175.25,173.25,173.25,45,105
840816,173.5,174.25,173.5,173.75,80,185
840817,172.5,173.25,172.25,172.25,165,350
840820,172,173.75,171,171,15,360
840821,173,173,173,173,5,365
840822,172.75,172.75,172.25,172.25,20,380
840823,173,173,171.75,171.75,85,395
840824,173,173,171.25,171.25,45,435
840827,172,172,171.25,171.25,20,435
840828,172,172.25,171.5,171.5,480,705
840829,172.5,172.5,170.25,170.5,85,790
840830,170,172,169.5,171.25,265,775
840831,171,171.5,170,170,440,540
840904,170.5,171.5,170,171.5,30,560
840905,171.5,171.5,171,171,5,565
840906,171.5,171.5,171.25,171.25,30,575
840907,170.75,170.75,170.75,170.75,5,570
840910,171,171.5,171,171.5,25,590
840911,170.25,170.25,170.25,170.25,10,590
840912,170.5,171,170.5,171,10,580
840913,170,170.25,169.5,169.75,10,590
840914,170.5,170.5,170.5,170.5,0,590
840917,170.5,170.5,170.5,170.5,35,615
840918,171,171,171,171,0,615
840919,171,171,171,171,0,615
840920,171.25,171.25,171.25,171.25,0,615
840921,171.5,171.5,170.75,170.75,10,615
840924,170.5,171,170.5,171,100,715
840925,170.5,171.25,170.5,171.25,185,900
840926,171,171,171,171,145,1015
840927,171,172,171,172,55,1015
840928,172,172,172,172,5,1020
841001,173,173.25,172.5,172.5,40,990
841002,174.25,174.25,173.75,173.75,105,965
841003,173.75,173.75,173.75,173.75,0,965
841004,173.75,173.75,173.5,173.5,10,965
841005,174,174,173.25,173.25,65,970
841008,173.75,174,173,173.25,85,945
841009,174,174,173.5,173.5,20,945
841010,174,174.25,174,174.25,10,935
841011,174,174,174,174,15,940
841012,175,175,175,175,0,940
841015,176,176.5,176,176.25,30,965
841016,176.5,176.75,176.25,176.25,20,985
841017,176.5,177,175.25,175.25,30,1015
841018,175.25,175.25,175.25,175.25,10,1020
841019,175.5,175.5,175.5,175.5,0,1020
841022,176,176,174.5,174.5,40,1060
841023,174.5,174.5,174.5,174.5,0,1060
841024,175.5,175.75,174.5,174.5,30,1080
841025,174.75,174.75,174.5,174.5,5,1080
841026,174.75,174.75,173.75,173.75,5,1080
841029,173.5,173.5,173,173,10,1075
841030,174,176,174,176,20,1075
841031,175.5,175.5,175.5,175.5,5,1075
841101,176.5,177,176.25,176.25,40,1085
841102,176.25,176.5,176.25,176.5,10,1095
841105,176.5,177,176.5,176.75,10,1105
841106,177,177,177,177,5,1100
841107,177.5,177.5,177,177,25,1125
841108,177.25,177.25,177.25,177.25,5,1130
841109,177.5,177.75,175.75,175.75,225,1205
841112,175.5,176,175.5,176,65,1235
841113,176.5,176.5,175.5,175.5,35,1270
841114,175.75,176,175.75,175.75,45,1300
841115,175.75,176,175.5,175.5,50,1315
841116,176,176.5,175.75,175.75,20,1325
841119,175.75,176,175.75,176,5,1320
841120,176.5,176.75,176.5,176.75,5,1325
841121,176.5,176.5,176.25,176.25,10,1335
841123,175.5,175.5,175.5,175.5,5,1330
841126,175.5,175.5,173.5,173.5,85,1370
841127,173,174,173,173.5,30,1380
841128,173.75,177,173.75,177,70,1390
841129,177,177,175.5,175.5,60,1385
841130,176.5,177,176,176.75,90,1420
841203,177,177,176.5,176.5,35,1450
841204,177,177,176.75,176.75,40,1465
841205,176,177,176,176,60,1520
841206,175.75,175.75,175.5,175.75,15,1525
841207,175,175.25,174.75,175,100,1575
841210,175,175,173.75,174.5,85,1535
841211,174.25,174.25,174.25,174.25,0,1535
841212,174,174.25,172,172,515,1600
841213,170.5,171,169,169.25,110,1560
841214,169.75,170,169.75,170,15,1545
841217,169,170.25,169,170.25,60,1540
841218,170.5,171,170.5,170.75,10,1540
841219,170.5,171,170.5,171,75,1545
841220,171,172,171,172,15,1535
841221,173,173,172,172,30,1545
841224,173.5,173.5,173.5,173.5,0,1545
841226,174,174.25,174,174.25,40,1550
841227,174,174.25,173,173,85,1535
841228,173.5,173.5,172.25,172.25,5,1540
841231,172.25,172.25,172.25,172.25,10,1530
850102,172.5,172.5,172,172.25,95,1535
850103,172,172.5,172,172,25,1525
850104,171.75,172.5,171.5,172.25,120,1465
850107,172,172.5,171.25,172.5,60,1460
850108,172,172,171,171.25,35,1455
850109,171.5,171.5,171.5,171.5,0,1455
850110,172,172,171.5,171.5,125,1360
850111,170,170,169.25,170,30,1375
850114,170,170.5,169,169,125,1410
850115,169.5,169.5,169,169.5,60,1400
850116,169.5,169.75,169.5,169.5,105,1445
850117,170,170,169.5,169.5,35,1445
850118,170,171,170,171,25,1440
850121,171.25,171.5,171,171.5,185,1390
850122,171.25,171.5,170.5,170.5,120,1440
850123,169.75,170,169.75,170,200,1450
850124,170,170,169.5,169.5,90,1490
850125,169.25,169.5,168.25,168.5,295,1665
850128,168.5,168.75,168.5,168.75,60,1660
850129,168.5,168.75,168.5,168.5,780,1995
850130,169,169,168.5,168.5,505,1980
850131,169.5,169.5,168.5,168.75,45,1990
850201,169,169,168.25,168.75,225,2085
850204,168.25,169,168.25,169,40,2120
850205,169,169.25,169,169.25,60,2135
850206,169.5,169.5,169,169.25,390,2290
850207,168.75,168.75,168.75,168.75,45,2315
850208,168.5,168.5,168.25,168.5,45,2325
850211,167.75,168,167.5,167.5,235,2420
850212,167.75,168.5,167.75,167.75,60,2455
850213,167.75,167.75,166.5,166.75,185,2550
850214,166,166.5,164.25,164.25,345,2590
850215,165,165.75,164.75,165.5,165,2580
850219,165,165,164.25,164.75,75,2585
850220,164.5,165,164.25,165,75,2590
850221,164.5,165.25,164.5,165.25,150,2635
850222,164.75,165.75,164.5,165.75,350,2625
850225,164,164,163,163.25,255,2730
850226,164.25,164.5,163.75,163.75,250,2770
850227,164,164.75,163.5,163.75,280,2885
850228,163.75,164.75,163.5,164.75,55,2895
850301,165,165.75,165,165.5,145,2880
850304,165.75,166,165.75,165.75,70,2895
850305,165.75,165.75,165.5,165.5,60,2860
850306,166,166.5,166,166,30,2920
850307,166.25,166.25,165,165,895,3665
850308,164.75,165,163.5,164.75,205,3685
850311,164.75,165.75,164.75,165.75,30,3705
850312,166.5,167,166.5,167,35,3700
850313,167.5,167.75,167,167.75,230,3645
850314,167.75,168,167.75,167.75,45,3655
850315,168,168,166.5,166.75,225,3645
850318,167,167.25,167,167.25,65,3685
850319,167.5,169.5,167.5,169.5,665,3630
850320,169.25,169.25,167.5,167.75,870,3610
850321,169.5,169.5,167.75,168,165,3620
850322,167.5,168,167.5,168,285,3770
850325,167.5,168,167.5,167.75,10,3770
850326,168.5,169,168.25,168.25,120,3740
850327,168.75,168.75,167.5,167.75,180,3745
850328,166.5,166.75,165,165,400,3875
850329,164,165.25,164,164.5,395,3915
850401,163.5,165.5,163.25,165.5,75,3940
850402,166,166,165,165.25,100,3950
850403,166,166,165.75,165.75,225,4075
850404,166,166,165.25,165.5,110,4100
850408,165,165.5,165,165.25,220,4220
850409,165.25,165.5,163.5,163.75,270,4350
850410,164.25,164.75,163.5,164,485,4555
850411,165,165,164.75,165,215,4630
850412,164.75,164.75,164.5,164.5,70,4665
850415,165.5,165.5,164.5,164.75,375,4835
850416,164.5,164.75,164.5,164.75,60,4865
850417,164.75,165,163.75,164.25,225,4925
850418,164.5,164.5,163.5,163.75,375,5105
850419,163.25,164,163.25,164,410,5310
850422,164,164.25,163.5,163.5,235,5445
850423,162.75,163,161.5,162,1360,5940
850424,162.25,162.75,161.75,162,945,6430
850425,162,162.25,160.25,161.5,445,6500
850426,161.5,161.5,159.25,159.5,1245,6880
850429,159.25,159.5,158,159,910,7000
850430,158.75,159,157.75,158,910,7310
850501,158,158.75,158,158,675,7580
850502,157.75,159.75,157.25,157.75,665,7720
850503,158.25,159,157.75,158,425,7785
850506,158,158.75,157.25,158.5,440,7900
850507,159.5,159.5,158.25,158.75,490,7755
850508,158.75,159.75,158.75,159.25,405,7915
850509,159.75,160.75,159.25,159.5,505,8010
850510,159.75,159.75,159.5,159.75,245,8045
850513,160,160,158,158,595,7970
850514,158,158.25,156.5,156.75,570,8020
850515,155.75,156.5,155.5,155.5,735,8030
850516,154.75,155,153.5,154,525,7955
850517,154.25,154.5,154,154.25,305,7980
850520,155.25,155.75,154.75,155.75,360,8030
850521,156,156.25,154.5,154.5,520,8220
850522,154,154.25,152,152.25,805,8145
850523,152,152.5,152,152.25,690,7920
850524,152.5,152.75,152.5,152.5,165,7890
850528,151.75,151.75,149.75,150,1235,7710
850529,150.5,150.5,148,148,675,7725
850530,148.25,148.75,147.75,148.5,1190,7180
850531,149,151,149,150.75,920,7170
850603,151,152.5,150.75,151,575,6945
850604,150.5,152.75,150,152.75,675,6795
850605,154,154,153,153,235,6695
850606,153.75,153.75,152.75,153,355,6625
850607,153.5,154,153,154,695,6415
850610,152.5,153,152,152.5,190,6400
850611,151.5,152.25,151.25,152.25,835,6325
850612,152.5,153,152.25,152.5,420,6335
850613,153,153.5,152,153.5,270,6315
850614,154,154,152.5,152.5,630,6210
850617,151,152.25,151,152,640,6170
850618,152,152,150.25,150.5,420,6025
850619,150.25,150.5,148.5,149.25,485,5810
850620,149,151.5,149,150.5,685,5670
850621,150.5,152,150.25,151,1360,5175
850624,151,151,150,150.5,665,4835
850625,149.75,150,149.5,149.75,510,4965
850626,149.75,149.75,146.25,146.5,1935,4280
850627,146.5,147.75,145.5,145.75,1125,3835
850628,146.5,149.25,146.5,148.75,420,3640
850701,148.5,150.75,148.5,149.75,765,3285
850702,148.75,151.25,148.75,150.5,895,2830
850703,151,151.5,149,149,350,2780
850705,150,150.75,149.25,149.75,355,2650
850708,149.75,150,148.5,148.5,390,2550
850709,148.5,149.5,148,149,1035,2195
850710,148.75,149,147.5,148.25,640,2010
850711,147.5,147.5,145,145.75,505,1775
850712,147,147,145.5,145.5,460,1610
850715,144.5,144.5,142.75,142.75,295,1490
850716,142,142.75,141.5,142.75,475,1370
850717,143,143.75,142.5,142.5,670,1065
850718,142.75,142.75,142,142,175,980
850719,141.25,142,140,141.5,645,725
850722,141.75,144,140,144,1280,65
