960924,182,182,182,182,5,5
960925,183,183,183,183,0,5
960926,183,183,183,183,0,5
960927,181,181,181,181,0,5
960930,180,180,180,180,0,5
961001,183,183,183,183,0,5
961002,185,185,185,185,0,5
961003,180,180,180,180,0,5
961004,180.5,180.5,180.5,180.5,0,5
961007,182.75,182.75,182.75,182.75,0,5
961008,183,183,183,183,0,5
961009,182,182,182,182,0,5
961010,182,182,182,182,0,5
961011,175,175,175,175,0,5
961014,174,174,174,174,0,5
961015,175,175,175,175,0,5
961016,176,176,176,176,0,5
961017,177,177,177,177,0,5
961018,178.5,178.5,178.5,178.5,0,5
961021,180.25,180.25,180.25,180.25,0,5
961022,179,179,179,179,0,5
961023,176.5,176.5,176.5,176.5,0,5
961024,173.5,173.5,173.5,173.5,0,5
961025,170.5,170.5,170.5,170.5,0,5
961028,170.5,170.5,170.5,170.5,0,5
961029,170.5,170.5,170.5,170.5,0,5
961030,167.5,167.5,167.5,167.5,0,5
961031,165.5,165.5,165.5,165.5,0,5
961101,165.5,165.5,165.5,165.5,0,5
961104,168,168,168,168,0,5
961105,167,167,167,167,0,5
961106,170,170,170,170,0,5
961107,169.5,169.5,169.5,169.5,0,5
961108,168.5,168.5,168.5,168.5,0,5
961111,168,168,168,168,0,5
961112,170,171,170,171,5,5
961113,171,171,171,171,5,10
961114,171,171,171,171,0,10
961115,170.5,170.5,170.5,170.5,0,10
961118,169,169,167,167,0,10
961119,164,164,164,164,15,20
961120,167.75,167.75,167.75,167.75,0,20
961121,168.75,168.75,168.75,168.75,0,20
961122,170,170,170,170,0,20
961125,171.5,171.5,170.5,170.5,5,20
961126,170,170,170,170,5,20
961127,168.75,168.75,168.75,168.75,0,20
961129,168,168,168,168,0,20
961202,163.5,163.5,163.5,163.5,0,20
961203,163.5,163.5,163.5,163.5,0,20
961204,161.5,161.5,161.5,161.5,0,20
961205,162.5,162.5,162.5,162.5,0,20
961206,163.5,163.5,163.5,163.5,0,20
961209,162,162,162,162,0,20
961210,161.5,161.5,161.5,161.5,0,20
961211,162.25,162.25,162.25,162.25,15,30
961212,163.5,163.5,163.5,163.5,0,30
961213,163.75,163.75,163.75,163.75,0,30
961216,164,164,164,164,0,30
961217,165,165,165,165,0,30
961218,165,165,165,165,0,30
961219,163.5,163.5,163.5,163.5,5,35
961220,155.75,163.25,155.75,163.25,160,140
961223,162.5,162.5,162.5,162.5,0,140
961224,163,163,163,163,0,140
961226,163.25,163.25,163.25,163.25,0,140
961227,161,161,161,161,0,140
961230,160.5,160.5,160.5,160.5,0,140
961231,160,160,160,160,0,140
970102,162,162,162,162,0,140
970103,160,160,160,160,50,155
970106,161,162.25,161,162.25,30,165
970107,163,164,163,164,75,215
970108,162.25,162.25,162.25,162.25,0,215
970109,160.5,160.5,160.5,160.5,0,215
970110,164,164,163.5,163.5,20,225
970113,163.5,163.75,163.5,163.5,50,205
970114,162.5,162.5,162.5,162.5,0,205
970115,163,163,163,163,5,205
970116,160.5,160.5,160.5,160.5,0,205
970117,159.5,159.5,159.5,159.5,5,205
970120,155.25,155.25,155.25,155.25,0,205
970121,155,155,155,155,10,215
970122,155,156,155,156,50,255
970123,156.5,156.5,156.5,156.5,0,255
970124,157,158,157,158,25,255
970127,157,157,157,157,0,255
970128,157.5,158,157.5,158,80,305
970129,157,158,157,157,50,355
970130,153,153,151,151,50,355
970131,151,152,151,152,25,355
970203,151.5,151.5,151.5,151.5,25,365
970204,152.5,152.5,152.5,152.5,0,365
970205,154.5,154.5,154.5,154.5,0,365
970206,153,153,153,153,0,365
970207,156,156,156,156,5,365
970210,156.5,156.5,156,156,20,375
970211,154,157,154,157,1450,1235
970212,155.5,159,155,159,335,1520
970213,159,159.5,158,159.5,555,1920
970214,159.5,161,159.5,160.5,440,2265
970218,159,162.5,159,161,630,2835
970219,160.5,162,160.5,161.5,295,3095
970220,161,164.5,161,164.5,505,3505
970221,164.5,165.5,161,165.5,300,3750
970224,165,165,160.5,160.5,1140,4640
970225,160.5,164.25,160.5,164.25,200,4675
970226,164.25,164.25,160.5,161,120,4700
970227,162.75,165.5,162.75,165.5,100,4765
970228,163.5,167,163.5,166.5,110,4795
970303,168,169.5,167,169,600,5010
970304,168,171,167.5,170,500,5400
970305,169,169,166.75,166.75,315,5450
970306,166.5,169.5,166,168.5,1825,6550
970307,169.5,169.5,166.5,169,515,6805
970310,169,169.5,168,169,295,6825
970311,166.5,170,166.5,170,260,6830
970312,170,170,168,168.5,305,6910
970313,168,168.5,167,168.25,275,6945
970314,170,171.5,169.5,169.5,1295,7590
970317,171.75,173,170,170.5,560,7815
970318,169,173.5,169,173.5,780,8115
970319,173,174,173,173.5,325,8170
970320,173.5,174.75,173.5,174,660,8590
970321,172,173,172,172,140,8465
970324,171,172,171,172,345,8585
970325,172,172,171.25,171.5,455,8705
970326,172,172,169,169.75,285,8845
970327,171.5,173,171,173,420,8755
970331,172,172,171,171.5,305,8670
970401,174,174.25,172.5,173.75,485,8800
970402,173.25,173.25,172.5,173,160,8780
970403,170.5,171,169,169,485,8735
970404,166,167,159.5,159.5,2410,10480
970407,162,163,162,163,530,8755
970408,162.75,166,162.5,164.5,520,8770
970409,163.5,165,163,164.25,585,8810
970410,165,166.5,165,166.5,360,8805
970411,168.75,169,168,168.5,565,9165
970414,172.5,174,171.5,172.75,555,9325
970415,171.5,171.5,168.5,169,830,9595
970416,168.5,168.5,165.5,165.5,300,9570
970417,166.5,169.5,165,168.25,485,9680
970418,168.5,169.75,166.5,168.75,325,9625
970421,169.75,170,168.5,168.5,405,9730
970422,168,169,168,168,265,9855
970423,167.5,167.5,165.5,166,350,9985
970424,166,166.5,165,165,585,10145
970425,165.5,166.5,165,165,225,10120
970428,162.5,164,162,162,905,10445
970429,161.5,162.75,160.5,160.5,370,10470
970430,162.5,164.5,162.5,164,560,10715
970501,163.5,165,163.5,164.25,265,10685
970502,163,165,162,162,550,10900
970505,163.5,163.5,160,160.5,575,11090
970506,158.5,159,157.5,158.5,2155,11240
970507,160,160.5,159.5,160.25,185,11280
970508,159.75,160,159,160,430,11210
970509,160.75,162.5,160.75,162.5,1250,11870
970512,162,162,160,160.5,545,11960
970513,160.25,160.5,159.25,160,1390,12630
970514,160.25,160.25,158,158.25,500,12545
970515,157.75,158.25,155.75,156.5,925,12375
970516,155,155.5,154.5,154.75,1910,12340
970519,154.5,156,153.75,156,465,12390
970520,156.5,156.75,153,153,3195,13685
970521,153,154,152,153.5,2730,14035
970522,154.25,155,153.5,153.75,2100,14875
970523,152.75,153,151.75,151.75,600,14700
970527,151.25,152.25,150.75,151,2590,15105
970528,151.25,157,151.25,157,2345,15710
970529,157.25,160.75,157.25,159,2465,16270
970530,161,161,157.25,158,605,16415
970602,158.5,160,158.5,160,1465,17070
970603,161,162.25,160.25,162.25,1070,17380
970604,162.25,162.25,157.75,159,1745,17435
970605,159,161,159,160.75,1125,17790
970606,160.75,161.5,160,161.5,465,17805
970609,159,161.5,158.5,161.5,860,18265
970610,161.5,163,160,160,825,18240
970611,160.5,162.25,160.25,162.25,420,18210
970612,161.5,163,160.75,161.25,830,17800
970613,161.75,161.75,159,159.5,980,18015
970616,157,157,150,150,2620,18520
970617,150.25,152.5,148.75,150.5,2550,18690
970618,151,151,148.25,148.25,2970,19000
970619,148.5,149,148,148.25,1210,19270
970620,148.5,151.5,148.25,151.5,2930,20540
970623,149,150.5,148,148,3185,21430
970624,148,149.25,147.75,149,1460,21465
970625,149,149,147.5,148,1165,21615
970626,147.5,149,147,147.5,2735,22435
970627,147.5,148.25,146.25,147,1530,22275
970630,146.75,147.5,145,146.25,1675,22275
970701,146.5,147.25,143.25,143.25,4660,23405
970702,144.75,146.5,144.5,145,2355,23640
970703,146,146.75,144.5,146.75,1070,24000
970707,145.5,145.75,143.5,143.5,1220,24495
970708,144.5,145,143.75,144,1985,24950
970709,145,146.5,144.5,146.25,2040,25545
970710,146.25,146.25,145.25,146,1145,25485
970711,145.75,147.5,145.5,146.5,2935,25755
970714,153,154.5,150.5,154.5,6010,24985
970715,154.75,155.75,153,154,2685,24175
970716,153,153,149.5,149.75,3215,24405
970717,151.5,152,149,149.25,1245,24485
970718,150.25,152.75,150.25,151.75,1670,25395
970721,147,149.75,146.75,149.75,2050,25105
970722,151.5,154,150.5,153.25,1895,24890
970723,154,156,153,153.5,3385,24790
970724,152.75,153.5,152,153.25,1095,24630
970725,152.75,153.75,152.5,153.25,515,24600
970728,155.5,156,154.75,155,940,24695
970729,156,161.5,156,161.5,7560,25445
970730,165.5,166,161,164.5,6970,24845
970731,163.75,169.25,162.5,169.25,6965,26735
970801,168.5,169,166,167,6495,27095
970804,170.25,170.25,164.5,166.25,3730,27620
970805,164.75,165.75,162.75,162.75,3320,28245
970806,163.5,165,163,164.25,2500,27985
970807,163.25,164,161.75,162.75,3270,28130
970808,163.5,165,162.75,162.75,1260,28290
970811,160,161,159,160.5,2815,28540
970812,168.5,170.5,167.75,170.5,7225,30155
970813,169.75,169.75,164,165.75,4395,30150
970814,163.75,164.75,163,164.75,2950,30705
970815,164,164.75,163.25,163.5,2145,30195
970818,163.25,165.25,163,164.75,1765,30595
970819,165.75,165.75,164.75,165,1555,30570
970820,162.5,164,162.5,163,2565,29920
970821,163.75,165.75,163.5,165.5,3625,31085
970822,165.5,165.5,162.75,163.75,3555,31310
970825,163,163.25,161.25,163.25,5055,29745
970826,161,163.25,161,162.25,5015,30500
970827,163.25,164.75,163,164.25,7070,30570
970828,165,165,163,164.75,5340,31820
970829,164.75,166.5,164.5,165.5,4095,32430
970902,166.5,166.5,165,166,3980,32400
970903,166.75,166.75,165,165.75,4620,32535
970904,164,164,161,163.75,5865,32210
970905,163.75,164,162.5,163,4430,32280
970908,160.5,161.75,160,160.5,6135,31645
970909,161.25,162,160,161.75,3860,32165
970910,162.75,163,162,163,2075,31100
970911,162.25,164.5,162.25,164,2295,30860
970912,164,164,161,161.25,1700,30770
970915,160.25,161,160,160.25,3345,31050
970916,161.25,162,160.5,160.5,3825,30805
970917,158.75,159.75,158.5,158.75,6155,30685
970918,159.25,159.5,158.5,159.25,3945,30285
970919,159.25,159.5,157.75,158.5,4215,30140
970922,157.5,157.75,155,155.25,7725,30315
970923,155.5,156.5,155,156.5,3590,30740
970924,157.25,157.75,156,156.25,6450,32020
970925,157.25,157.25,156.25,157,1710,31885
970926,156.5,156.5,155.5,155.75,2815,31760
970929,155,156.25,155,155.5,3230,31500
970930,156.5,158,155.75,156.5,2310,32105
971001,155,156,153.75,154.5,9975,33865
971002,153.75,155,153.5,154.75,4900,33580
971003,155.25,157,154.75,156,6825,35165
971006,156.25,157.5,156.25,157,1770,35185
971007,156.5,161,156,161,11435,35490
971008,162,163,160.75,162.25,9635,31765
971009,162,162,160.5,160.5,6295,32765
971010,165,165.5,162.25,162.25,9215,33490
971013,163.25,164.5,163,163.25,2460,33185
971014,162.75,163.5,162,162.5,3060,32705
971015,162.5,164,162.5,163,4050,32020
971016,163,163.5,162.75,163,2050,31625
971017,162.75,165,162.75,163.25,4555,31835
971020,163.25,166,163,165,2980,32110
971021,167,169,165.75,168.25,9140,34410
971022,168.75,172,168.75,170,13670,36765
971023,169,169.25,165.75,166.5,7165,37745
971024,166.5,166.5,164.5,166,10175,36260
971027,166.5,167.5,164.5,165.5,2230,35920
971028,163.5,165,162.75,163.75,4610,35440
971029,164,164.25,161.25,161.5,2930,34820
971030,159.25,159.75,156.5,156.75,11270,32180
971031,156,157.25,155.75,156.5,5280,31230
971103,156.5,159.5,156.25,159.25,6280,30775
971104,158.75,158.75,156,156.25,4585,30650
971105,156,156.25,154.75,155,7375,28335
971106,153.5,155.25,153.5,154,6350,29330
971107,154.25,155,153.75,154,940,29260
971110,152,152.5,150.5,150.75,9195,28715
971111,151,153.25,150.75,151.5,2795,27525
971112,151,152.75,150.75,152.25,2370,26600
971113,152.5,153,151,151.25,2070,26015
971114,152.5,152.5,150.5,150.75,1810,25830
971117,149.5,151,149.5,150.25,3500,24710
971118,150.75,151.25,148,148,6215,22760
971119,149.5,149.5,147.5,147.5,5560,20815
971120,148,150.25,148,148.75,2590,20250
971121,149.25,150.75,149.25,150.25,1995,19050
971124,151,151.25,149,149.5,7175,16675
971125,149.25,149.5,148,148.25,7925,13905
971126,148.75,149.5,148,148.25,10180,8665
971128,147.5,148,146.5,147,7995,4175
971201,146.75,148,145.5,147,3115,2970
971202,146.5,147,146.5,146.75,1215,1690
971203,147,151,147,148.75,515,675
971204,149.5,149.5,147.75,147.75,255,485
971205,147.5,150,147.5,149.5,10,355
971208,152,153,152,152.5,150,335
971209,152.25,152.25,152,152.25,35,250
971210,151.5,151.5,151.5,151.5,60,220
971211,152.75,152.75,150,150,2230,1295
971212,150.25,150.5,149.5,149.5,30,120
971215,149,149.75,149,149.75,150,50
971216,150.5,150.5,147,147,55,35
971217,146.5,147,146.5,147,20,40
971218,147.5,147.5,144.5,144.5,30,20
971219,144.25,145,143.25,145,80,50
