800428,84.4,84.5,84.4,84.5,20,45
800429,84,84.25,83.75,83.75,14,56
800430,83.89,83.89,83.89,83.89,1,56
800501,83.8,83.8,83.5,83.5,5,58
800502,83.5,83.5,83.35,83.35,3,61
800505,83.05,83.05,82.9,83.05,9,59
800506,83.4,83.44,83.1,83.3,14,73
800507,83.5,83.5,83.4,83.4,16,79
800508,83.65,84.15,83.65,84.15,1,78
800509,84.45,84.45,84.2,84.3,60,76
800512,84.6,84.6,84.59,84.59,21,93
800513,84.6,84.8,84.6,84.8,5,92
800514,85.02,85.02,85,85,11,82
800515,84.95,84.95,84.95,84.95,0,82
800516,84.95,85.25,84.95,85.25,2,83
800519,84.8,85.2,84.8,85.2,10,93
800520,85.5,85.5,85.5,85.5,1,94
800521,86.25,86.25,86.25,86.25,2,96
800522,85.9,86.1,85.9,86.1,7,94
800523,86.1,86.1,86.1,86.1,1,94
800527,86.1,86.1,86.1,86.1,0,93
800528,86.1,86.1,86.1,86.1,0,92
800529,86.1,86.1,86.1,86.1,0,92
800530,86.2,86.2,86.2,86.2,1,83
800602,86,86,86,86,1,83
800603,85.75,86,85.65,86,4,83
800604,86.02,86.02,86.02,86.02,2,83
800605,86.02,86.02,86.02,86.02,0,83
800606,86.08,86.1,86.02,86.02,3,84
800609,86.02,86.1,86,86.1,20,101
800610,86.15,86.35,86.15,86.26,3,101
800611,86.25,86.4,86.25,86.4,9,102
800612,86.42,86.42,86.01,86.01,16,113
800613,86,86.3,86,86.07,14,125
800616,86.25,86.3,86,86,19,139
800617,86,86,85.9,85.91,1,140
800618,85.9,86.16,85.89,85.97,11,135
800619,86.2,86.2,86.06,86.06,3,137
800620,86.03,86.03,86.03,86.03,0,137
800623,86.14,86.14,86.11,86.11,3,138
800624,86.11,86.11,86.11,86.11,0,138
800625,86,86.01,85.94,85.94,17,140
800626,86,86,86,86,1,140
800627,86.22,86.35,86.2,86.2,6,141
800630,86.35,86.35,86.16,86.16,3,143
800701,86.37,86.5,86.34,86.34,7,149
800702,86.55,86.8,86.55,86.7,31,159
800703,86.85,87.03,86.74,87.03,38,183
800707,87.15,87.25,87.06,87.06,30,180
800708,86.85,87.1,86.8,86.8,22,188
800709,86.65,86.7,86.65,86.7,20,194
800710,86.55,86.55,86.55,86.55,3,195
800711,86.43,86.43,86.15,86.25,22,191
800714,86.36,86.36,86.3,86.3,3,193
800715,86.06,86.1,85.9,85.9,24,208
800716,86.05,86.15,86.05,86.05,2,206
800717,86.23,86.4,86.1,86.1,10,213
800718,86.1,86.18,85.9,85.9,12,220
800721,86.05,86.09,85.86,85.9,29,223
800722,85.9,85.93,85.82,85.82,65,283
800723,85.8,85.81,85.8,85.81,3,283
800724,85.81,85.9,85.6,85.6,25,283
800725,85.6,85.65,85.4,85.45,30,307
800728,85.2,85.2,84.85,84.85,25,314
800729,85,85.34,85,85.06,13,320
800730,85.11,85.25,85,85.01,22,333
800731,85.35,85.5,85.35,85.5,26,307
800801,85.85,86.16,85.85,85.92,115,282
800804,85.92,85.92,85.92,85.92,8,286
800805,86.05,86.09,86,86,13,277
800806,86,86.3,86,86.2,20,278
800807,86.15,86.15,86.05,86.05,28,302
800808,86.2,86.2,86.11,86.11,2,296
800811,86.25,86.25,85.92,85.92,5,297
800812,86.2,86.25,86.15,86.15,18,285
800813,86.2,86.25,86.15,86.18,40,262
800814,86.2,86.2,86.2,86.2,0,262
800815,86.23,86.23,86.23,86.23,0,262
800818,86.05,86.05,85.9,85.9,9,265
800819,86.05,86.3,86.05,86.3,5,264
800820,86.32,86.48,86.3,86.4,17,265
800821,86.3,86.44,86.3,86.3,2,267
800822,86.4,86.65,86.4,86.65,7,260
800825,86.62,86.78,86.62,86.7,2,261
800826,86.8,86.8,86.8,86.8,3,262
800827,86.8,86.9,86.8,86.89,64,296
800828,87.1,87.12,87.05,87.1,50,307
800829,87,87.25,87,87.25,6,304
800902,87.25,87.3,87.25,87.3,29,320
800903,87.2,87.2,86.99,87,30,296
800904,86.75,86.75,86.7,86.74,3,292
800905,86.51,86.52,86.51,86.52,5,292
800908,86.45,86.55,86.37,86.55,4,292
800909,86.6,86.6,86.5,86.6,5,295
800910,86.6,86.6,86.5,86.5,18,313
800911,86.56,86.7,86.55,86.7,2,314
800912,86.65,86.65,86.65,86.65,8,314
800915,86.45,86.55,86.38,86.5,98,328
800916,86.35,86.35,86.2,86.25,10,331
800917,86.15,86.15,85.83,85.84,43,342
800918,85.95,86.05,85.83,85.95,19,359
800919,86.06,86.06,86.06,86.06,0,352
800922,86,86.25,86,86.23,187,451
800923,86.4,86.65,86.4,86.41,10,455
800924,86.3,86.35,86.2,86.35,46,477
800925,86.39,86.4,86.05,86.28,16,488
800926,86.12,86.4,86.05,86.05,7,483
800929,85.99,86.2,85.99,86.14,4,483
800930,86.05,86.28,86.05,86.21,7,481
801001,86.4,86.4,86.1,86.1,37,496
801002,85.95,86.2,85.08,86.2,32,507
801003,86.25,86.45,86.05,86.45,85,564
801006,86.34,86.44,86.2,86.35,102,636
801007,86.09,86.35,86.09,86.35,99,708
801008,86.1,86.14,86,86,19,714
801009,86.15,86.35,86.15,86.35,31,735
801010,86.55,86.6,86.3,86.3,33,765
801013,86.5,86.55,86.5,86.54,9,767
801014,86.35,86.45,86.3,86.35,13,776
801015,86.3,86.35,86.16,86.23,18,784
801016,86.17,86.22,86.11,86.13,11,792
801017,86.2,86.24,86.2,86.22,5,792
801020,86.3,86.4,86.3,86.3,1,791
801021,86.25,86.25,86.25,86.25,1,792
801022,86.45,86.45,86.25,86.25,42,788
801023,86.09,86.2,86.02,86.18,112,775
801024,86.12,86.22,85.89,85.92,15,776
801027,86,86,85.8,85.8,21,772
801028,85.8,86.1,85.8,86.07,46,764
801029,86.05,86.1,85.69,85.87,156,747
801030,85.7,85.7,85.45,85.57,131,697
801031,85.7,85.73,85.63,85.63,13,689
801103,85.67,85.89,85.6,85.75,44,696
801105,85.52,85.7,85.51,85.69,32,680
801106,85.57,85.63,85.35,85.4,42,669
801107,85.45,85.55,85.29,85.29,71,655
801110,85.49,85.61,85.49,85.53,52,658
801111,85.76,85.8,85.3,85.45,61,675
801112,85.32,85.5,85.32,85.43,13,665
801113,85.35,85.36,85.3,85.3,85,612
801114,85.24,85.3,85.24,85.3,56,561
801117,85.38,85.39,85.2,85.39,14,560
801118,85.35,85.6,85.35,85.6,236,753
801119,85.64,85.75,85.46,85.58,85,801
801120,85.36,85.45,85.36,85.45,62,816
801121,85.5,85.6,85.47,85.47,136,947
801124,85.4,85.52,85.13,85.23,22,943
801125,85.28,85.3,85.21,85.3,108,945
801126,85.38,85.38,85.24,85.27,26,959
801128,85.37,85.37,85,85,42,961
801201,85.01,85.15,84.85,84.89,101,932
801202,84.98,85.05,84.87,84.92,189,976
801203,84.95,85.05,84.8,84.8,31,995
801204,84.85,84.95,84.64,84.65,41,1002
801205,84.7,84.7,84.61,84.7,35,1007
801208,84.65,84.8,84.65,84.66,18,1005
801209,84.63,84.7,84.6,84.61,153,1073
801210,84.63,84.8,84.51,84.6,359,878
801211,84.5,84.55,84.35,84.35,112,821
801212,84.35,84.6,83.95,84.03,218,799
801215,84.4,84.4,83.88,83.88,49,804
801216,83.85,83.9,83.6,83.9,54,808
801217,83.89,84.13,83.65,83.87,209,825
801218,84.02,84.35,84,84.02,106,851
801219,84.43,84.77,84.43,84.63,87,865
801222,84.55,84.6,84.3,84.48,50,846
801223,84.48,84.6,84.18,84.3,114,864
801224,84.3,84.35,84.2,84.24,13,886
801229,84.35,84.79,84.35,84.71,123,814
801230,84.67,84.7,84.33,84.33,115,895
801231,84.31,84.31,83.96,83.98,114,934
810102,83.98,84.15,83.93,84.01,29,955
810105,84.28,84.38,84.08,84.1,216,967
810106,84.25,84.33,84.15,84.22,74,990
810107,84.58,84.62,84.36,84.42,168,1051
810108,84.25,84.42,84.2,84.36,39,1041
810109,84.71,84.84,84.48,84.51,64,1051
810112,84.62,84.67,84.39,84.49,86,1073
810113,84.43,84.63,84.39,84.56,113,1085
810114,84.5,84.56,84.36,84.37,66,1117
810115,84.5,84.55,84.3,84.31,144,1113
810116,84.4,84.55,84.4,84.5,16,1111
810119,84.54,84.7,84.54,84.58,52,1129
810120,84.5,84.75,84.46,84.64,51,1159
810121,84.64,84.7,84.6,84.6,17,1163
810122,84.45,84.52,84.3,84.39,58,1152
810123,84.3,84.5,84.29,84.41,183,1092
810126,84.4,84.5,84.4,84.47,53,1115
810127,84.38,84.48,84.19,84.22,330,1198
810128,84.05,84.08,83.56,83.59,503,1251
810129,83.5,83.8,83.42,83.7,319,1315
810130,83.75,83.95,83.75,83.89,180,1318
810202,83.87,83.92,83.7,83.78,84,1297
810203,83.8,83.82,83.5,83.55,206,1333
810204,83.65,83.79,83.6,83.73,132,1357
810205,83.75,83.77,83.45,83.51,105,1402
810206,83.45,83.75,83.38,83.63,145,1407
810209,83.53,83.6,83.43,83.45,149,1392
810210,83.35,83.5,83.27,83.42,252,1436
810211,83.45,83.59,83.41,83.53,221,1524
810212,83.41,83.51,83.37,83.45,138,1602
810213,83.41,83.45,83.3,83.33,544,2028
810217,83.2,83.25,82.95,83.08,455,2020
810218,83.24,83.45,83.16,83.43,493,2070
810219,83.35,83.61,83.25,83.53,499,2152
810220,83.7,83.76,83.58,83.72,817,2287
810223,83.58,83.6,83.44,83.48,466,2350
810224,83.4,83.54,83.28,83.45,857,2598
810225,83.45,83.47,83.35,83.35,338,2666
810226,83.16,83.29,83.02,83.11,1020,3031
810227,83.1,83.25,83.02,83.08,588,3117
810302,83,83.04,82.83,82.84,1392,3762
810303,82.94,83.22,82.9,83.17,878,3810
810304,83.28,83.3,83.03,83.04,796,3881
810305,83.13,83.23,83.05,83.15,1061,4166
810306,83.17,83.35,83.12,83.26,2083,4501
810309,83.38,83.45,83.31,83.39,3223,5475
810310,83.42,83.53,83.24,83.26,1781,5594
810311,83.25,83.3,83.15,83.27,1580,5739
810312,83.2,83.38,83.11,83.34,1009,5927
810313,83.42,83.66,83.41,83.62,2450,6414
810316,83.58,83.91,83.55,83.85,4625,8099
810317,84,84.13,83.97,83.99,3826,8536
810318,84.35,84.47,84.15,84.33,2729,8979
810319,84.13,84.2,84,84.05,1791,8811
810320,84.05,84.42,84.05,84.33,1102,8988
810323,84.19,84.27,84.12,84.23,1144,8631
810324,84.06,84.18,84,84.03,1144,8557
810325,84.11,84.39,84.04,84.37,2096,8801
810326,84.17,84.26,83.82,83.9,3516,8331
810327,83.75,83.97,83.69,83.77,1443,8148
810330,83.85,84.04,83.78,83.9,1193,8416
810331,83.95,84.11,83.8,83.91,1286,8199
810401,84.1,84.16,83.96,84.07,750,8245
810402,84.09,84.25,84.04,84.13,525,8276
810403,84.1,84.11,83.95,84.07,1035,8189
810406,83.93,83.98,83.78,83.81,2033,7215
810407,83.9,84.28,83.9,84.19,1706,7080
810408,84.24,84.32,84.01,84.05,1559,7098
810409,84.07,84.26,83.98,84.25,616,7107
810410,84.2,84.23,84.01,84.07,352,7007
810413,83.75,83.83,83.6,83.62,2260,6657
810414,83.75,83.8,83.38,83.42,3834,6452
810415,83.54,83.54,83.28,83.29,3189,6540
810416,83.36,83.52,83.28,83.42,1154,6473
810420,83.28,83.64,83.21,83.54,1532,6434
810421,83.59,83.72,83.52,83.7,639,6549
810422,83.63,83.67,83.54,83.59,600,6651
810423,83.45,83.6,83.4,83.59,866,6682
810424,83.56,83.69,83.48,83.51,820,6594
810427,83.7,83.78,83.55,83.58,1034,6513
810428,83.6,83.65,83.48,83.63,764,6399
810429,83.38,83.47,83.36,83.41,1157,6498
810430,83.4,83.5,83.37,83.42,1166,6383
810501,83.5,83.58,83.34,83.37,679,6339
810504,83.2,83.41,83.12,83.36,1710,6291
810505,83.2,83.33,83.18,83.29,425,6200
810506,83.5,83.57,83.37,83.38,626,6153
810507,83.26,83.42,83.22,83.37,481,5908
810508,83.48,83.56,83.32,83.34,416,5890
810511,83.33,83.38,83.17,83.21,403,5849
810512,83.2,83.28,83.15,83.25,330,5735
810513,83.27,83.38,83.21,83.24,405,5570
810514,83.07,83.34,82.99,83.26,907,5535
810515,83.33,83.4,83.17,83.21,531,5329
810518,83.42,83.52,83.36,83.51,746,5333
810519,83.43,83.44,83.17,83.2,592,5260
810520,83.26,83.32,83.2,83.24,414,5004
810521,83.18,83.2,83.04,83.11,201,5004
810522,83.18,83.32,83.18,83.24,243,4960
810526,83.18,83.28,83.17,83.23,528,4751
810527,83.14,83.22,83.11,83.12,492,4609
810528,83.03,83.22,83,83.19,556,4444
810529,83.23,83.23,82.99,83.01,780,4278
810601,83.17,83.17,82.68,82.69,1114,3962
810602,82.65,82.87,82.65,82.68,750,3565
810603,82.78,82.83,82.73,82.75,372,3491
810604,82.63,82.65,82.46,82.6,343,3306
810605,82.67,82.81,82.62,82.7,199,3144
810608,82.8,83,82.8,82.86,210,3033
810609,82.97,82.97,82.86,82.88,738,2601
810610,83.1,83.15,82.99,83.02,296,2407
810611,82.89,83,82.81,82.85,158,2352
810612,83,83.02,82.85,82.94,333,2181
810615,83.1,83.19,83.09,83.11,185,2098
