850325,70.7,71.64,70.7,71.64,0,0
850326,72.12,72.12,72.12,72.12,1,1
850327,72.6,72.6,72.49,72.49,0,1
850328,72.39,72.39,72.39,72.39,1,2
850329,72.68,72.68,72.68,72.68,0,2
850401,72.52,72.52,72.52,72.52,0,2
850402,72.28,72.28,72.28,72.28,0,2
850403,72.16,72.16,72.16,72.16,0,2
850404,72.14,72.14,72.14,72.14,0,2
850408,72.49,72.49,72.49,72.49,0,2
850409,72.24,72.24,72.24,72.24,0,2
850410,72.24,72.24,72.24,72.24,0,2
850411,72.68,72.68,72.68,72.68,0,2
850412,72.79,72.79,72.79,72.79,0,2
850415,72.92,72.92,72.92,72.92,0,2
850416,73.1,73.1,73.1,73.1,0,2
850417,73.11,73.11,73.11,73.11,0,2
850418,73.45,73.45,73.45,73.45,0,2
850419,73.51,73.51,73.51,73.51,0,2
850422,73.5,73.5,73.28,73.28,15,17
850423,72.79,72.79,72.79,72.79,0,17
850424,72.38,72.38,72.38,72.38,0,17
850425,72.45,72.45,72.45,72.45,0,17
850426,72.47,72.47,72.44,72.44,1,18
850429,72.49,72.49,72.49,72.49,0,18
850430,72.41,72.41,72.41,72.41,0,18
850501,72.35,72.35,72.35,72.35,0,18
850502,71.95,71.95,71.95,71.95,0,18
850503,71.86,71.86,71.3,71.3,1,19
850506,71.24,71.24,71.24,71.24,0,19
850507,71.59,71.59,71.59,71.59,0,19
850508,71.27,71.27,71.27,71.27,0,19
850509,71.68,71.68,71.68,71.68,0,19
850510,71.73,71.73,71.73,71.73,0,19
850513,71.8,71.8,71.8,71.8,0,19
850514,71.75,71.88,71.75,71.88,1,20
850515,72.4,72.4,72.2,72.2,1,20
850516,72.06,72.06,72.06,72.06,0,20
850517,72.1,72.1,72.1,72.1,0,20
850520,72.5,72.5,72.25,72.25,1,21
850521,72.18,72.18,72.18,72.18,0,21
850522,72.15,72.15,72.15,72.15,0,21
850523,71.95,71.95,71.95,71.95,0,21
850524,71.79,71.79,71.79,71.79,0,21
850528,71.54,71.54,71.54,71.54,0,21
850529,71.4,71.5,71.4,71.4,5,26
850530,71.62,71.62,71.62,71.62,0,26
850531,72,72.3,72,72.3,1,26
850603,72.3,72.3,72.3,72.3,1,27
850604,72.26,72.26,72.12,72.12,2,29
850605,72.02,72.02,72.02,72.02,0,29
850606,71.95,71.95,71.95,71.95,0,29
850607,71.95,71.95,71.76,71.76,48,77
850610,71.98,71.98,71.83,71.83,1,78
850611,72.04,72.04,72.04,72.04,0,78
850612,72.1,72.1,72.1,72.1,0,78
850613,71.95,71.95,71.86,71.86,2,80
850614,72.1,72.1,72.1,72.1,0,80
850617,71.9,71.9,71.9,71.9,0,80
850618,72.21,72.21,72.21,72.21,0,80
850619,72.18,72.18,72.18,72.18,0,80
850620,72.24,72.24,72.24,72.24,0,80
850621,72.21,72.21,72.21,72.21,0,80
850624,72.34,72.34,72.34,72.34,0,80
850625,72.39,72.39,72.39,72.39,0,80
850626,72.48,72.48,72.48,72.48,0,80
850627,72.48,72.48,72.48,72.48,0,80
850628,72.72,72.72,72.72,72.72,0,80
850701,72.85,72.85,72.79,72.79,1,81
850702,72.83,72.83,72.83,72.83,0,81
850703,72.85,72.85,72.85,72.85,0,81
850705,72.92,72.95,72.81,72.81,2,83
850708,72.85,72.85,72.85,72.85,0,83
850709,73.03,73.03,72.94,72.94,1,84
850710,73.22,73.22,73.14,73.14,1,85
850711,73.06,73.15,72.98,72.98,3,88
850712,73.2,73.2,73.14,73.14,2,90
850715,73.23,73.23,73.23,73.23,0,90
850716,73.25,73.25,73.23,73.23,1,91
850717,73.37,73.37,73.37,73.37,0,91
850718,73.55,73.55,73.46,73.46,1,92
850719,73.57,73.57,73.57,73.57,0,92
850722,73.6,73.6,73.58,73.58,1,93
850723,73.52,73.52,73.52,73.52,0,93
850724,73.31,73.31,73.31,73.31,0,93
850725,73.5,73.5,73.37,73.37,1,94
850726,73.42,73.42,73.42,73.42,1,95
850729,73.45,73.45,73.45,73.45,0,97
850730,73.36,73.36,73.36,73.36,0,95
850731,73.46,73.46,73.3,73.33,63,97
850801,73.33,73.49,73.33,73.49,62,97
850802,73.48,73.48,73.48,73.48,0,97
850805,73.4,73.4,73.4,73.4,0,97
850806,73.25,73.25,73,73,5,112
850807,73,73,72.75,72.8,4,115
850808,72.8,73.06,72.8,73.06,3,118
850809,73,73,73,73,0,116
850812,72.95,73.03,72.95,73.03,5,121
850813,73.19,73.19,73.19,73.19,0,111
850814,73.17,73.17,73.17,73.17,0,111
850815,73.3,73.5,73.3,73.35,3,114
850816,73.45,73.5,73.32,73.4,2,116
850819,73.41,73.41,73.24,73.24,7,121
850820,73.33,73.33,73.26,73.26,1,122
850821,73.3,73.3,73.25,73.25,1,122
850822,73.28,73.28,73.28,73.28,0,122
850823,73.28,73.28,73.28,73.28,0,122
850826,73.3,73.3,73.07,73.07,1,122
850827,72.8,72.97,72.8,72.93,9,131
850828,72.97,73,72.93,72.93,30,161
850829,72.92,72.92,72.85,72.85,4,160
850830,72.8,72.8,72.59,72.59,1,161
850903,72.35,72.4,72.27,72.27,10,167
850904,72.51,72.51,72.51,72.51,0,165
850905,72.54,72.57,72.35,72.36,6,171
850906,72.45,72.48,72.45,72.48,7,176
850909,72.4,72.4,72.4,72.4,0,176
850910,72.3,72.3,72.3,72.3,0,176
850911,72.25,72.25,72.25,72.25,0,176
850912,72.3,72.3,72.3,72.3,0,176
850913,72.4,72.4,72.3,72.3,1,177
850916,72.3,72.3,72.2,72.2,2,178
850917,72.16,72.25,72.11,72.11,5,183
850918,72.05,72.05,71.98,71.98,5,188
850919,71.9,71.96,71.9,71.91,14,198
850920,72.15,72.16,72.15,72.16,1,199
850923,73.05,73.05,72.66,72.82,34,231
850924,72.95,73.12,72.95,73.06,2,231
850925,73.25,73.25,73.18,73.18,1,230
850926,73.16,73.16,72.9,72.97,14,243
850927,72.8,72.8,72.6,72.71,3,246
850930,72.4,72.4,72.37,72.37,4,249
851001,72.69,72.69,72.69,72.69,0,248
851002,72.8,72.8,72.77,72.77,1,247
851003,72.6,72.75,72.5,72.74,3,250
851004,72.81,72.81,72.81,72.81,0,250
851007,72.69,72.74,72.69,72.74,0,250
851008,72.73,72.74,72.73,72.73,10,251
851009,72.84,72.84,72.73,72.8,1,250
851010,72.73,72.73,72.73,72.73,0,250
851011,72.7,72.83,72.67,72.67,2,248
851014,72.5,72.5,72.5,72.5,0,248
851015,72.67,72.67,72.67,72.67,0,248
851016,72.64,72.66,72.64,72.66,1,247
851017,72.9,72.96,72.9,72.96,1,247
851018,73.02,73.02,73.02,73.02,0,247
851021,73.08,73.08,73.08,73.08,0,247
851022,73.05,73.05,73.04,73.04,2,248
851023,73.05,73.05,73.03,73.03,1,248
851024,73.05,73.05,72.87,72.87,4,252
851025,72.87,72.87,72.87,72.87,0,252
851028,72.96,72.96,72.91,72.91,4,256
851029,73,73.06,73,73.06,4,256
851030,73.08,73.08,72.88,72.88,7,263
851031,73,73,72.81,72.81,5,268
851101,72.78,72.9,72.78,72.85,4,271
851104,72.75,72.76,72.71,72.71,1,272
851105,72.68,72.68,72.26,72.3,47,259
851106,72.3,72.42,72.3,72.42,1,260
851107,72.42,72.42,72.42,72.42,0,260
851108,72.35,72.35,72.35,72.35,0,260
851111,72.37,72.4,72.32,72.32,10,270
851112,72.18,72.23,72.18,72.23,163,375
851113,72.17,72.17,72.17,72.17,0,375
851114,72.28,72.28,72.28,72.28,0,375
851115,72.29,72.34,72.29,72.34,10,375
851118,72.34,72.35,72.33,72.33,2,376
851119,72.38,72.4,72.35,72.35,233,474
851120,72.35,72.35,72.17,72.17,88,518
851121,72.24,72.37,72.24,72.37,1,517
851122,72.3,72.42,72.3,72.37,37,532
851125,72.27,72.29,72.18,72.19,10,533
851126,72.17,72.25,72.15,72.2,2,533
851127,72.13,72.18,72.13,72.17,2,534
851129,72,72,71.8,71.8,12,544
851202,71.8,71.8,71.46,71.46,70,591
851203,71.49,71.57,71.42,71.52,32,598
851204,71.65,71.65,71.46,71.46,6,577
851205,71.33,71.4,71.3,71.35,30,594
851206,71.25,71.35,71.2,71.26,24,602
851209,71.1,71.14,71.03,71.03,79,629
851210,71.04,71.23,71.04,71.23,26,635
851211,71.23,71.7,71.22,71.63,70,693
851212,71.66,71.76,71.55,71.56,45,700
851213,71.62,71.62,71.51,71.52,46,738
851216,71.4,71.4,71.32,71.35,13,743
851217,71.23,71.25,71.16,71.16,6,747
851218,71.2,71.34,71.15,71.15,23,754
851219,71.1,71.18,71.05,71.05,15,767
851220,71.3,71.31,71.27,71.3,18,781
851223,71.4,71.4,71.07,71.07,22,789
851224,71.12,71.18,70.86,70.9,32,804
851226,70.85,71,70.81,70.91,12,810
851227,71.12,71.18,70.97,71.07,28,815
851230,71.14,71.18,71.03,71.18,13,831
851231,71.26,71.26,70.99,70.99,33,844
860102,71,71,70.88,70.88,2,845
860103,70.95,71,70.51,70.51,27,848
860106,70.54,70.76,70.51,70.76,249,952
860107,70.75,71.35,70.75,71.06,97,934
860108,70.86,70.89,70.81,70.84,35,946
860109,70.93,71.44,70.92,71.39,97,963
860110,71.35,71.6,71.22,71.23,67,968
860113,71.1,71.1,70.8,70.8,123,1056
860114,70.75,70.81,70.5,70.53,76,1112
860115,70.58,70.7,70.15,70.41,114,1144
860116,70.76,70.95,70.56,70.58,223,1236
860117,70.81,70.9,70.72,70.84,94,1214
860120,70.79,70.89,70.64,70.74,33,1222
860121,70.7,70.7,70.52,70.56,20,1222
860122,70.64,70.72,70.6,70.69,10,1222
860123,70.72,70.72,70.54,70.58,88,1295
860124,70.41,70.41,70.1,70.14,175,1331
860127,70.28,70.29,69.8,69.83,216,1398
860128,69.92,70,69.65,69.75,75,1410
860129,69.9,70.12,69.9,70.02,205,1416
860130,69.96,69.97,69.63,69.74,131,1470
860131,69.5,69.74,69.46,69.62,140,1469
860203,69.26,69.26,68.9,68.99,315,1585
860204,68.59,68.9,68.45,68.53,251,1651
860205,68.77,69.75,68.68,69.71,526,1688
860206,69.8,70.48,69.8,70.46,448,1626
860207,70.42,70.44,70.15,70.34,317,1552
860210,70.32,70.88,70.32,70.8,251,1564
860211,70.78,71.13,70.58,70.65,388,1706
860212,70.65,70.84,70.64,70.71,128,1715
860213,70.41,70.68,70.38,70.63,634,1868
860214,70.75,70.96,70.68,70.9,488,1942
860218,70.73,70.88,70.72,70.76,254,2022
860219,70.73,71.15,70.65,71,512,2156
860220,71.03,71.23,71,71,341,2132
860221,71.05,71.3,71.05,71.24,642,2321
860224,71.4,71.45,71.27,71.31,325,2455
860225,71.35,71.35,70.88,70.96,640,2590
860226,70.92,71.09,70.73,70.92,399,2647
860227,70.4,70.42,69.55,69.66,1959,3000
860228,69.05,69.74,68.65,69.4,2453,3833
860303,69.23,69.43,69.2,69.28,1548,4200
860304,69.05,69.95,69.05,69.87,2655,5203
860305,69.8,70.22,69.69,69.76,4392,7579
860306,69.73,70.05,69.7,69.87,2148,8743
860307,69.99,70.64,69.95,70.5,2075,9020
860310,70.7,71.03,70.67,70.93,5027,7743
860311,70.8,70.86,70.69,70.79,2242,7984
860312,71.08,71.09,70.79,70.86,2631,8521
860313,71,71.15,70.87,70.94,2625,8585
860314,71.02,71.55,70.97,71.34,6364,8169
860317,71.51,71.7,71.37,71.59,5240,8151
860318,71.32,71.63,71.31,71.5,3087,8900
860319,71.52,71.56,71.4,71.41,1314,8767
860320,71.19,71.25,70.97,71.03,2107,8416
860321,70.85,71.17,70.77,71.05,2675,8369
860324,71.06,71.06,70.75,70.79,1881,8218
860325,70.62,70.87,70.58,70.75,2061,8444
860326,70.67,70.82,70.54,70.75,1649,8083
860327,71.09,71.23,70.94,71.22,2138,8202
860331,70.98,71.16,70.85,71.13,1449,8247
860401,71.33,71.51,71.28,71.43,3156,8569
860402,71.4,71.46,71.2,71.43,1868,8702
860403,71.38,71.4,71.26,71.34,1523,8593
860404,71.62,71.93,71.43,71.75,4669,9980
860407,71.75,72.02,71.7,71.97,6245,11297
860408,71.82,72.03,71.75,71.92,3841,11407
860409,72.05,72.09,71.94,72.01,2985,12128
860410,71.8,71.84,71.45,71.66,5861,10231
860411,71.63,71.64,71.29,71.59,4690,9361
860414,71.16,71.19,70.94,71.02,6004,9319
860415,71.19,71.5,71.09,71.44,3219,9317
860416,71.68,71.75,71.51,71.52,1334,9233
860417,71.62,71.62,71.45,71.5,1317,9246
860418,71.77,71.91,71.69,71.81,2378,9573
860421,71.72,71.98,71.7,71.9,1619,10019
860422,71.83,71.83,71.56,71.64,2274,9852
860423,71.51,71.6,71.35,71.53,1878,9629
860424,71.92,71.94,71.79,71.85,1935,9821
860425,71.84,72.31,71.82,72.19,4898,11041
860428,72.25,72.44,72.2,72.39,3312,11286
860429,72.25,72.4,72.12,72.29,2618,11116
860430,72.31,72.65,72.31,72.45,3177,11438
860501,72.37,72.45,72.12,72.29,2643,10948
860502,72.27,72.53,72.27,72.32,2027,10884
860505,72.6,72.7,72.53,72.55,1267,11019
860506,72.43,72.49,72.3,72.47,2654,10986
860507,72.37,72.4,72.16,72.21,2255,11037
860508,72.26,72.5,72.26,72.41,2111,11107
860509,72.38,72.4,72.22,72.28,2112,11121
860512,72.35,72.46,72.27,72.4,1476,11134
860513,72.45,72.48,72.33,72.39,1847,10866
860514,72.41,72.62,72.41,72.46,2642,11210
860515,72.76,72.76,72.54,72.61,1906,11365
860516,72.58,72.65,72.51,72.55,1233,11258
860519,72.64,72.67,72.5,72.63,1890,11520
860520,72.62,73,72.46,72.96,5555,12146
860521,73.09,73.17,72.99,73.05,2916,12251
860522,73.23,73.28,73.13,73.14,2554,12269
860523,73.07,73.14,72.97,73.08,1693,12248
860527,72.85,72.89,72.58,72.6,4543,11305
860528,72.41,72.73,72.32,72.59,5123,10072
860529,72.58,72.67,72.5,72.54,2526,9648
860530,72.43,72.56,72.25,72.3,2536,9085
860602,71.98,72.17,71.64,71.71,5073,8682
860603,72.05,72.05,71.65,71.68,4168,7684
860604,71.72,71.88,71.57,71.74,2482,7390
860605,71.74,71.85,71.55,71.65,1448,7112
860606,71.53,71.75,71.43,71.58,809,6992
860609,71.66,71.88,71.66,71.88,682,6694
860610,71.95,72.13,71.91,72.03,973,6248
860611,72.02,72.04,71.93,71.99,448,6042
860612,72.09,72.17,72.04,72.14,509,5753
860613,72.16,72.35,72.12,72.32,1244,5033
860616,72.25,72.29,72.11,72.2,290,4766
