900504,81.49,81.49,81.49,81.49,1,1
900507,81.43,81.43,81.43,81.43,0,1
900508,81.39,81.39,81.39,81.39,0,1
900509,81.11,81.11,81.11,81.11,0,1
900510,80.95,80.95,80.95,80.95,0,1
900511,80.65,80.65,80.25,80.25,0,1
900514,80.21,80.21,80.21,80.21,2,13
900515,80.34,80.34,80.34,80.34,0,2
900516,80.45,80.45,80.45,80.45,0,2
900517,81,81,80.6,80.63,1,3
900518,80.37,80.37,80.37,80.37,0,3
900521,80.55,80.55,80.55,80.55,0,3
900522,80.15,80.15,79.85,79.85,3,6
900523,79.85,80.06,79.78,79.78,2,8
900524,79.73,79.73,79.73,79.73,1,9
900525,79.79,79.79,79.79,79.79,0,9
900529,80.01,80.01,80.01,80.01,0,9
900530,80.68,80.68,80.68,80.68,0,9
900531,80.88,80.88,80.88,80.88,0,9
900601,80.97,80.97,80.97,80.97,0,9
900604,80.7,80.9,80.7,80.9,2,7
900605,80.65,80.65,80.65,80.65,0,7
900606,81,81.22,81,81.22,2,9
900607,81.46,81.46,81.46,81.46,0,9
900608,81.12,81.12,81.12,81.12,0,9
900611,81.5,81.5,81.47,81.47,2,11
900612,81.29,81.29,81.29,81.29,0,11
900613,81.29,81.29,81.29,81.29,0,11
900614,81.26,81.26,81.26,81.26,0,11
900615,81.17,81.17,81.17,81.17,0,11
900618,80.98,80.98,80.86,80.86,2,13
900619,80.88,80.88,80.88,80.88,0,13
900620,81,81,81,81,0,13
900621,80.73,80.73,80.73,80.73,0,13
900622,80.56,80.56,80.56,80.56,0,13
900625,80.74,80.74,80.74,80.74,0,13
900626,81.21,81.21,81.21,81.21,0,13
900627,81.47,81.47,81.47,81.47,0,13
900628,81.51,81.51,81.51,81.51,0,13
900629,81.75,81.97,81.75,81.97,4,11
900702,81.9,81.99,81.9,81.99,50,55
900703,81.8,81.96,81.8,81.96,24,79
900705,81.8,81.8,81.8,81.8,502,576
900706,81.94,81.94,81.94,81.94,100,676
900709,82.14,82.14,82.14,82.14,0,676
900710,82.35,82.35,82.23,82.23,20,676
900711,82.08,82.08,82.08,82.08,0,676
900712,82.18,82.18,82.18,82.18,0,676
900713,82.23,82.23,82.15,82.15,1,676
900716,82.05,82.05,82.05,82.05,0,676
900717,82.48,82.48,82.48,82.48,0,676
900718,82.49,82.49,82.49,82.49,0,676
900719,82.45,82.66,82.45,82.66,6,676
900720,82.36,82.36,82.36,82.36,0,676
900723,82.46,82.46,82.46,82.46,0,676
900724,82.5,82.5,82.43,82.43,1,676
900725,82.77,82.77,82.77,82.77,0,676
900726,82.77,82.77,82.77,82.77,0,685
900727,82.88,82.88,82.88,82.88,0,685
900730,82.87,82.87,82.87,82.87,0,676
900731,82.91,82.91,82.91,82.91,0,676
900801,82.9,82.92,82.9,82.92,6,682
900802,82.99,82.99,82.99,82.99,0,682
900803,83.02,83.1,82.93,82.93,3,683
900806,83.18,83.18,83.18,83.18,1,682
900807,83.35,83.35,83.3,83.3,350,1032
900808,83.48,83.48,83.48,83.48,0,1032
900809,83.59,83.59,83.59,83.59,0,1032
900810,83.4,83.58,83.4,83.58,202,1134
900813,83.7,83.7,83.7,83.7,0,1134
900814,83.83,83.95,83.83,83.95,100,1234
900815,84.1,84.12,83.99,83.99,2,1236
900816,83.71,83.71,83.71,83.71,0,1236
900817,84.29,84.29,84.22,84.22,2,1236
900820,84.29,84.29,84.29,84.29,0,1236
900821,84.5,84.5,84.5,84.5,0,1236
900822,84.92,84.92,84.92,84.92,0,1236
900823,85.3,85.42,85.3,85.42,3,1239
900824,85.03,85.03,85.03,85.03,2,1239
900827,84.47,84.47,84.47,84.47,0,1239
900828,84.6,84.7,84.37,84.37,1,1239
900829,84.5,84.5,84.5,84.5,1,1239
900830,84.02,84.02,84.02,84.02,0,1239
900831,83.27,83.35,83.19,83.19,22,1239
900904,83.13,83.13,83.13,83.13,3,1239
900905,83.7,83.7,83.7,83.7,0,1239
900906,83.49,83.49,83.49,83.49,10,1249
900907,83.2,83.2,82.93,82.93,6,1250
900910,82.75,82.75,82.75,82.75,0,1249
900911,83.22,83.22,83.22,83.22,0,1249
900912,83.23,83.23,83.23,83.23,0,1249
900913,83.48,83.48,83.48,83.48,0,1249
900914,83.12,83.12,83.12,83.12,0,1249
900917,83.71,83.71,83.71,83.71,0,1249
900918,83.61,83.61,83.61,83.61,0,1249
900919,83.85,83.85,83.85,83.85,0,1249
900920,84,84,84,84,1,1249
900921,84.12,84.12,84.12,84.12,0,1249
900924,84.27,84.35,84.27,84.35,1,1249
900925,84.21,84.21,84.21,84.21,0,1249
900926,83.88,83.88,83.88,83.88,0,1257
900927,83.51,83.51,83.51,83.51,0,1249
900928,83.62,83.62,83.62,83.62,0,1249
901001,83.83,83.83,83.83,83.83,0,1249
901002,83.95,83.97,83.81,83.81,65,1288
901003,83.85,83.9,83.85,83.88,1,1288
901004,84.07,84.07,84.07,84.07,0,1288
901005,84.01,84.08,83.79,83.79,9,1285
901008,84.03,84.03,84.03,84.03,0,1285
901009,84.05,84.05,84.05,84.05,0,1285
901010,84.25,84.25,84.19,84.19,3,1285
901011,84.42,84.42,84.42,84.42,0,1285
901012,84.42,84.42,84.42,84.42,0,1285
901015,83.9,83.9,83.9,83.9,0,1285
901016,83.74,83.74,83.74,83.74,0,1285
901017,82.9,82.9,82.79,82.79,2,1285
901018,82.6,82.66,82.15,82.66,4,1287
901019,82.8,82.8,82.44,82.44,2,1287
901022,82.44,82.44,82.16,82.16,1,1287
901023,82.37,82.56,82.23,82.56,2,1288
901024,82.75,82.75,82.75,82.75,0,1287
901025,83,83,82.9,82.95,1,1286
901026,83.09,83.09,83.09,83.09,0,1286
901029,83.22,83.22,83.22,83.22,1,1286
901030,82.9,82.94,82.9,82.94,5,1291
901031,82.7,82.97,82.7,82.97,10,1291
901101,83.18,83.18,83.18,83.18,0,1291
901102,83.03,83.18,83.03,83.18,6,1296
901105,83.68,83.68,83.57,83.57,2,1296
901106,83.41,83.41,83.41,83.41,0,1296
901107,83.44,83.44,82.97,82.97,3,1298
901108,83.15,83.16,82.97,82.97,1,1299
901109,83.16,83.16,83.15,83.15,5,1304
901112,83.4,83.4,83.4,83.4,2,1304
901113,83.32,83.32,83.32,83.32,6,1304
901114,83.56,83.56,83.56,83.56,6,1304
901115,83.65,83.66,83.62,83.62,4,1307
901116,83.52,83.63,83.52,83.63,2,1307
901119,83.6,83.63,83.6,83.63,6,1331
901120,83.86,83.9,83.86,83.9,5,1332
901121,84,84.1,84,84.07,4,1316
901123,83.9,83.9,83.9,83.9,1,1316
901126,83.92,83.92,83.92,83.92,0,1316
901127,83.69,83.69,83.69,83.69,0,1316
901128,83.68,83.68,83.68,83.68,0,1316
901129,83.71,83.71,83.71,83.71,1,1316
901130,83.62,83.62,83.62,83.62,0,1316
901203,83.53,83.53,83.53,83.53,2,1317
901204,83.71,83.71,83.71,83.71,3,1320
901205,83.76,83.76,83.76,83.76,1,1320
901206,83.78,83.78,83.78,83.78,2,1322
901207,83.97,84.15,83.95,84.15,52,1319
901210,84.06,84.06,84.06,84.06,5,1324
901211,83.95,83.95,83.7,83.7,6,1324
901212,83.74,83.74,83.74,83.74,0,1324
901213,83.9,83.9,83.83,83.83,21,1344
901214,83.9,84.02,83.9,84.02,1,1344
901217,84.02,84.12,84,84.12,1,1344
901218,84.29,84.29,84.29,84.29,0,1344
901219,84.08,84.08,84.08,84.08,2,1346
901220,84.11,84.11,84.11,84.11,0,1346
901221,84.08,84.08,84.08,84.08,0,1346
901224,84.06,84.06,84.06,84.06,0,1346
901226,84.11,84.11,84.11,84.11,0,1346
901227,84.02,84.02,84.02,84.02,0,1346
901228,84.11,84.11,84.11,84.11,0,1346
901231,84.1,84.1,84.1,84.1,0,1346
910102,84.4,84.43,84.4,84.43,1,1346
910103,84.45,84.66,84.45,84.66,1,1347
910104,84.83,84.83,84.83,84.83,0,1347
910107,84.71,84.71,84.71,84.71,0,1347
910108,84.77,84.77,84.77,84.77,0,1347
910109,84.79,84.79,84.79,84.79,0,1347
910110,84.75,84.75,84.75,84.75,0,1347
910111,84.9,84.9,84.9,84.9,300,1595
910114,85.26,85.26,85.26,85.26,110,1672
910115,85.26,85.3,85.26,85.26,32,1683
910116,85.45,85.45,85.16,85.16,5,1684
910117,84.46,84.46,84.46,84.46,0,1684
910118,84.55,84.55,84.55,84.55,0,1684
910121,84.65,84.65,84.55,84.55,2,1686
910122,84.45,84.54,84.3,84.54,10,1696
910123,84.59,84.69,84.55,84.69,10,1704
910124,84.76,84.77,84.55,84.55,35,1709
910125,84.3,84.37,84,84.34,206,1691
910128,84.5,84.55,84.46,84.46,16,1691
910129,84.72,84.72,84.64,84.64,483,1620
910130,84.6,84.6,84.6,84.6,0,1620
910131,84.51,84.51,84.51,84.51,70,1580
910201,84.58,84.7,84.58,84.7,126,1600
910204,84.8,84.8,84.76,84.76,334,1621
910205,84.74,84.9,84.74,84.9,65,1631
910206,84.9,84.98,84.85,84.98,203,1670
910207,84.76,84.79,84.76,84.79,70,1679
910208,84.88,84.92,84.88,84.92,3,1680
910211,85,85.11,85,85.11,3,1682
910212,85.18,85.26,85.15,85.24,8,1681
910213,85.13,85.22,85.13,85.22,15,1696
910214,85.28,85.28,85.2,85.27,102,1696
910215,85.35,85.4,85.25,85.34,16,1690
910219,85.23,85.36,85.23,85.36,6,1691
910220,85.38,85.38,85.38,85.38,3,1691
910221,85.35,85.65,85.35,85.65,11,1700
910222,85.57,85.57,85.43,85.48,30,1715
910225,85.45,85.45,85.43,85.43,2,1715
910226,85.37,85.58,85.37,85.58,18,1727
910227,85.74,85.74,85.55,85.58,54,1730
910228,85.6,85.77,85.6,85.77,3,1731
910301,85.56,85.65,85.53,85.65,6,1715
910304,85.31,85.4,85.28,85.35,9,1717
910305,85.1,85.4,85.1,85.19,8,1717
910306,85.04,85.04,84.93,85.02,4,1718
910307,85.05,85.05,85.02,85.04,3,1718
910308,84.73,84.98,84.73,84.94,18,1722
910311,85,85.32,85,85.32,109,1779
910312,85.38,85.45,85.28,85.45,38,1800
910313,85.39,85.5,85.35,85.44,28,1781
910314,85.3,85.33,85.3,85.33,10,1784
910315,85.19,85.21,85.17,85.21,12,1789
910318,85.38,85.44,85.37,85.37,148,1761
910319,85.32,85.32,85.32,85.32,84,1751
910320,85.19,85.19,85.04,85.16,16,1764
910321,85.25,85.3,85.25,85.3,76,1798
910322,85.08,85.17,85.08,85.17,52,1850
910325,84.95,84.95,84.85,84.85,19,1846
910326,84.9,85.02,84.9,84.99,101,1886
910327,84.75,84.99,84.75,84.99,19,1880
910328,85.1,85.14,85.07,85.14,50,1885
910401,85.13,85.13,85.1,85.13,3,1878
910402,85.23,85.4,85.23,85.38,51,1887
910403,85.45,85.45,85.3,85.34,233,1995
910404,85.36,85.37,85.33,85.35,54,2045
910405,85.45,85.55,85.43,85.5,8,2043
910408,85.46,85.5,85.46,85.5,12,2044
910409,85.59,85.61,85.57,85.6,21,2042
910410,85.52,85.7,85.52,85.68,19,2043
910411,85.63,85.88,85.61,85.81,59,2044
910412,85.85,85.89,85.63,85.77,145,2065
910415,85.86,85.93,85.84,85.92,32,2080
910416,85.93,85.97,85.87,85.91,77,2134
910417,85.88,85.88,85.73,85.8,42,2149
910418,85.64,85.7,85.57,85.69,25,2157
910419,85.45,85.52,85.45,85.51,45,2191
910422,85.18,85.21,85.12,85.19,76,2187
910423,85.37,85.46,85.31,85.36,78,2184
910424,85.61,85.63,85.52,85.58,29,2198
910425,85.7,85.78,85.64,85.68,11,2198
910426,85.85,85.85,85.75,85.79,147,2253
910429,85.7,85.73,85.7,85.73,22,2265
910430,85.93,85.95,85.68,85.73,70,2246
910501,85.87,85.9,85.78,85.81,19,2257
910502,85.9,86.06,85.9,86.03,121,2244
910503,85.86,85.9,85.86,85.88,28,2247
910506,85.85,86.01,85.85,85.94,97,2293
910507,86.04,86.04,85.9,85.94,116,2282
910508,85.85,85.92,85.85,85.91,92,2317
910509,85.76,85.87,85.75,85.85,115,2377
910510,85.9,86.01,85.9,85.93,32,2384
910513,86.11,86.13,86.07,86.08,160,2433
910514,86.08,86.11,85.99,86.02,160,2531
910515,86.07,86.22,86.06,86.18,96,2519
910516,86.19,86.27,86.05,86.14,98,2585
910517,86.1,86.21,86.1,86.17,55,2596
910520,86.2,86.23,86.2,86.22,16,2603
910521,86.3,86.34,86.25,86.26,193,2648
910522,86.33,86.33,86.13,86.14,287,2771
910523,85.89,86.32,85.89,86.3,390,2884
910524,86.29,86.29,86.21,86.27,69,2874
910528,86.49,86.57,86.45,86.5,320,2895
910529,86.55,86.55,86.43,86.51,1378,3423
910530,86.41,86.62,86.36,86.57,601,3668
910531,86.73,86.73,86.59,86.65,755,3842
910603,86.62,86.74,86.6,86.73,528,4072
910604,86.68,86.76,86.66,86.73,2492,5275
910605,86.62,86.77,86.6,86.7,1880,6211
910606,86.67,86.67,86.55,86.61,1221,6768
910607,86.63,86.66,86.5,86.5,2204,7943
910610,86.42,86.62,86.41,86.56,2290,8908
910611,86.76,86.83,86.7,86.82,8527,11744
910612,86.86,86.92,86.85,86.92,9703,17641
910613,86.82,86.96,86.82,86.93,7536,23416
910614,87,87.02,86.87,86.96,4863,24060
910617,86.98,87.05,86.96,87.04,2603,25373
910618,86.95,87.06,86.94,87.03,1823,26095
910619,86.94,87.05,86.91,86.94,2038,25985
910620,87.05,87.12,87.03,87.08,1575,25670
910621,87.05,87.06,86.94,86.97,1380,25502
910624,86.97,87.05,86.95,87.04,2496,26841
910625,87.06,87.1,87.04,87.06,726,26758
910626,87.09,87.13,87.01,87.03,1052,26717
910627,86.99,87.09,86.98,87.06,1244,26682
910628,87.14,87.18,87.06,87.12,2224,27044
910701,87.09,87.11,86.97,87.01,2402,26228
910702,86.94,87.09,86.84,87.06,5740,24328
910703,87.14,87.15,87.07,87.08,2283,24642
910705,87.05,87.11,86.98,87.01,1173,24250
910708,86.97,87.01,86.88,86.9,3833,23535
910709,86.77,86.78,86.61,86.66,7491,22262
910710,86.74,86.83,86.69,86.7,5307,23219
910711,86.72,86.79,86.5,86.66,4902,22438
910712,86.72,86.76,86.63,86.65,2237,22250
910715,86.85,86.88,86.83,86.86,2994,21560
910716,86.91,86.92,86.76,86.77,1619,21637
910717,86.75,86.81,86.71,86.72,1179,21892
910718,86.38,86.46,86,86.05,11467,21065
910719,86.25,86.26,85.63,85.67,13455,23250
910722,85.87,86.25,85.87,86.22,7467,22583
910723,86.23,86.3,85.99,86.28,4968,22498
910724,86.32,86.46,86.27,86.37,4040,22470
910725,86.45,86.63,86.43,86.45,5881,21220
910726,86.8,86.81,86.62,86.74,4878,20020
910729,86.75,86.78,86.65,86.73,2780,19414
910730,86.58,86.58,86.41,86.43,3679,19459
910731,86.44,86.58,86.36,86.57,2649,18911
910801,86.65,86.72,86.62,86.67,1839,18721
910802,86.64,86.7,86.61,86.66,1382,18845
910805,86.68,86.77,86.67,86.7,3370,18573
910806,86.84,86.84,86.76,86.82,2940,19165
910807,86.92,87,86.86,86.91,3783,19333
910808,86.96,87,86.91,86.94,1923,20086
910809,86.95,86.98,86.91,86.95,2708,20072
910812,86.93,86.99,86.92,86.98,1138,20011
910813,87.05,87.07,86.96,87.01,1678,19371
910814,87.05,87.28,87.02,87.26,9147,21004
910815,87.25,87.31,87.2,87.26,3738,21965
910816,87.16,87.22,87.14,87.16,2398,20979
910819,87.06,87.35,87.04,87.32,3811,21146
910820,87.31,87.5,87.3,87.44,3571,21781
910821,87.29,87.34,87.18,87.2,3195,22002
910822,87.16,87.35,87.12,87.29,4247,21664
910823,87.31,87.33,87.15,87.24,2153,21605
910826,87.22,87.31,87.2,87.29,858,21329
910827,87.41,87.5,87.38,87.47,2193,22115
910828,87.49,87.6,87.47,87.56,3033,21640
910829,87.5,87.62,87.42,87.61,2719,21744
910830,87.52,87.53,87.37,87.5,2833,21489
910903,87.62,87.65,87.51,87.51,2315,21115
910904,87.48,87.54,87.41,87.5,2953,21107
910905,87.58,87.6,87.52,87.55,1785,20472
910906,87.62,87.79,87.57,87.72,3996,20665
910909,87.78,87.78,87.68,87.69,5037,18898
910910,87.64,87.7,87.59,87.67,8156,16262
910911,87.79,87.88,87.79,87.83,6631,14090
910912,87.91,87.97,87.9,87.91,1471,13107
910913,88.01,88.08,87.98,88.01,1741,12400
910916,88.09,88.13,88.07,88.08,1212,11975
