940126,76,76,75.93,75.93,1,1
940127,75.94,75.94,75.94,75.94,0,1
940128,75.36,75.36,75.36,75.36,0,1
940131,75,75,74.99,74.99,4,5
940201,75.03,75.03,75.03,75.03,0,5
940202,75.21,75.21,75.21,75.21,0,5
940203,75.22,75.22,75.15,75.15,1,6
940204,75.05,75.05,74.3,74.49,0,6
940207,74.18,74.18,74.18,74.18,0,7
940208,74.31,74.31,74.31,74.31,0,7
940209,74.31,74.31,74.31,74.31,0,7
940210,74.48,74.48,74.48,74.48,0,7
940211,74.34,74.34,74.34,74.34,0,7
940214,73.75,73.85,73.75,73.85,4,11
940215,73.74,73.74,73.72,73.72,1,12
940216,73.91,73.91,73.91,73.91,0,12
940217,74.63,74.63,74.63,74.63,0,12
940218,74.44,74.44,74.44,74.44,0,12
940222,74.53,74.53,74.53,74.53,0,12
940223,74.42,74.42,74.42,74.42,0,12
940224,74.01,74.01,74.01,74.01,0,12
940225,73.8,73.8,73.79,73.79,1,13
940228,73.7,73.7,73.7,73.7,0,13
940301,73.85,73.85,73.85,73.85,0,13
940302,73.51,73.51,73.51,73.51,0,13
940303,73.54,73.54,73.54,73.54,0,13
940304,73.33,73.33,73.29,73.29,1,14
940307,73.41,73.41,73.41,73.41,0,14
940308,73.4,73.5,73.4,73.5,1,15
940309,73.61,73.61,73.61,73.61,0,15
940310,73.29,73.29,73.29,73.29,0,15
940311,72.95,73.1,72.92,72.95,3,18
940314,73.05,73.05,73.05,73.05,0,0
940315,72.86,72.86,72.86,72.86,0,0
940316,72.84,72.84,72.84,72.84,0,0
940317,72.56,72.56,72.56,72.56,0,0
940318,72.5,72.5,72.37,72.37,1,19
940321,72.51,72.51,72.51,72.51,0,0
940322,72.31,72.31,72.31,72.31,0,0
940323,72.48,72.48,72.48,72.48,0,0
940324,72.05,72.05,71.91,71.91,2,0
940325,71.7,71.75,71.69,71.69,3,0
940328,71.75,71.75,71.75,71.75,0,0
940329,71.62,71.62,71.44,71.44,2,0
940330,71.15,71.2,71.15,71.16,2,0
940331,70.87,70.87,70.87,70.87,0,0
940401,70.6,70.6,70.55,70.55,1,0
940404,69.98,70.06,69.9,70.06,2,0
940405,70.8,71.15,70.8,71,7,58
940406,70.72,70.77,70.72,70.77,2,0
940407,70.9,71.12,70.9,71.12,1,61
940408,71.2,71.3,71.09,71.09,1,62
940411,70.82,70.9,70.82,70.85,3,65
940412,71.45,71.5,71.45,71.45,15,70
940413,71.6,71.75,71.6,71.75,5,75
940414,71.45,71.45,71.38,71.38,6,76
940415,71.07,71.07,71.07,71.07,0,76
940418,70.8,70.8,70.73,70.73,9,85
940419,70.88,70.88,70.88,70.88,0,85
940420,71.03,71.03,71.03,71.03,0,85
940421,71,71.11,71,71.11,1,86
940422,71.3,71.39,71.3,71.39,5,86
940425,71.52,71.52,71.52,71.52,0,86
940426,71.75,71.75,71.75,71.75,1,86
940428,71.45,71.45,71.2,71.2,6,92
940429,71.2,71.2,71.2,71.2,0,92
940502,71.23,71.23,71.23,71.23,0,92
940503,71.23,71.23,71,71,6,98
940504,71.1,71.1,70.94,70.94,10,98
940505,71.23,71.23,71.23,71.23,3,101
940506,71.18,71.18,71.12,71.12,2,103
940509,71.19,71.19,71.19,71.19,0,103
940510,71.52,71.52,71.52,71.52,0,103
940511,71.58,71.58,71.48,71.48,1,104
940512,71.28,71.28,71.28,71.28,0,104
940513,71.57,71.57,71.57,71.57,0,104
940516,71.7,71.73,71.7,71.73,5,104
940517,71.65,71.65,71.65,71.65,0,104
940518,71.77,71.77,71.77,71.77,0,104
940519,71.83,71.83,71.83,71.83,0,104
940520,71.55,71.55,71.55,71.55,0,104
940523,71.71,71.71,71.71,71.71,0,104
940524,71.64,71.64,71.64,71.64,0,104
940525,71.28,71.28,71.26,71.26,2,106
940526,71.11,71.11,71.11,71.11,17,108
940527,71.11,71.11,71,71,2,110
940531,71,71.13,71,71.13,1,111
940601,71,71,70.95,70.95,5,116
940602,70.9,71.01,70.9,70.99,2,118
940603,71,71.35,71,71.35,5,119
940606,71.75,71.79,71.65,71.79,8,121
940607,71.85,71.85,71.74,71.79,15,128
940608,71.62,71.62,71.62,71.62,5,133
940609,71.63,71.63,71.63,71.63,0,133
940610,71.62,71.64,71.62,71.64,2,131
940613,71.35,71.35,71.14,71.14,51,152
940614,70.9,70.96,70.85,70.96,12,147
940615,70.41,70.41,70.41,70.41,3,150
940616,70.15,70.4,70.15,70.38,32,155
940617,70.3,70.3,70.15,70.18,11,156
940620,69.9,70.2,69.9,70.2,1,157
940621,70.28,70.28,70.28,70.28,37,155
940622,70.58,70.58,70.58,70.58,14,169
940623,70.57,70.57,70.57,70.57,0,169
940624,70.31,70.31,70.31,70.31,0,169
940627,70.53,70.53,70.53,70.53,0,169
940628,70.54,70.54,70.54,70.54,250,419
940629,70.67,70.8,70.67,70.79,49,438
940630,70.8,70.9,70.8,70.8,24,422
940701,70.91,70.91,70.91,70.91,0,422
940705,70.6,70.65,70.6,70.65,5,427
940706,70.85,70.85,70.85,70.85,0,427
940707,70.8,70.8,70.69,70.69,2,427
940708,70.65,70.65,70.65,70.65,1,428
940711,70.79,70.79,70.79,70.79,0,428
940712,71.1,71.1,71.05,71.05,1,428
940713,71.39,71.39,71.39,71.39,0,428
940714,71.25,71.4,71.25,71.4,2,428
940715,71.5,71.56,71.5,71.56,17,422
940718,71.52,71.63,71.52,71.63,3,422
940719,71.2,71.57,71.2,71.57,6,427
940720,71.44,71.44,71.25,71.28,3,430
940721,71.5,71.55,71.15,71.52,10,430
940722,71.45,71.45,71.45,71.45,20,430
940725,71.25,71.4,71.25,71.4,1,431
940726,71.39,71.39,71.39,71.39,64,434
940727,71.34,71.34,71.34,71.34,0,434
940728,71.36,71.42,71.36,71.41,58,486
940729,71.25,71.26,71.11,71.11,13,489
940801,71,71.05,70.97,70.97,12,501
940802,71.02,71.02,70.98,70.98,2,503
940803,71.07,71.07,71.07,71.07,0,503
940804,71.25,71.26,71.25,71.26,251,377
940805,71.27,71.27,71.27,71.27,0,377
940808,71.62,71.88,71.62,71.88,21,382
940809,72,72.2,72,72.2,11,386
940810,72,72.03,71.95,72.03,11,385
940811,71.8,71.9,71.61,71.61,6,388
940812,71.65,71.65,71.59,71.59,5,389
940815,71.75,71.75,71.69,71.69,3,392
940816,71.88,71.88,71.88,71.88,0,375
940817,72.05,72.05,72.05,72.05,0,375
940818,72,72,71.92,71.92,1,375
940819,72.05,72.05,72.05,72.05,1,375
940822,72.05,72.13,72,72.13,11,371
940823,71.98,72.13,71.98,72.13,5,371
940824,72.25,72.59,72.25,72.43,17,384
940825,72.43,72.43,72.43,72.43,0,384
940826,72.6,72.68,72.59,72.59,16,382
940829,72.5,72.65,72.5,72.64,6,387
940830,72.6,72.6,72.6,72.6,2,385
940831,72.5,72.64,72.3,72.64,14,389
940901,72.6,72.62,72.6,72.62,1,390
940902,72.66,72.66,72.66,72.66,0,0
940906,72.45,72.45,72.45,72.45,2,391
940907,72.4,72.45,72.4,72.45,193,360
940908,72.32,72.32,72.25,72.32,71,419
940909,72.25,72.53,72.25,72.52,14,421
940912,72.75,72.77,72.6,72.6,8,421
940913,73.4,73.71,73.4,73.71,10,423
940914,73.55,73.69,73.55,73.69,42,440
940915,73.57,73.65,73.55,73.65,6,439
940916,73.8,73.8,73.7,73.79,7,444
940919,73.76,73.76,73.76,73.76,0,444
940920,74,74.32,74,74.28,13,454
940921,74.28,74.3,74.2,74.3,9,460
940922,74.26,74.26,74.26,74.26,90,484
940923,74.2,74.23,74.15,74.23,119,553
940926,73.99,73.99,73.99,73.99,3,555
940927,74.08,74.12,73.95,74.12,10,562
940928,74.4,74.5,74.3,74.37,10,561
940929,74.3,74.3,74.27,74.3,3,561
940930,74.4,74.45,74.39,74.41,14,558
941003,74.34,74.34,74.34,74.34,0,558
941004,74.3,74.35,74.3,74.35,1,559
941005,74,74.18,73.9,74.18,15,567
941006,74,74.1,74,74.06,7,566
941007,73.9,74.07,73.9,74.04,1,565
941010,74.06,74.13,74.06,74.13,5,570
941011,74.25,74.25,74.25,74.25,0,570
941012,74.15,74.15,74,74.11,9,567
941013,73.93,74.08,73.8,73.85,70,572
941014,73.68,73.7,73.65,73.66,78,629
941017,73.55,73.67,73.45,73.61,66,686
941018,73.64,73.72,73.64,73.72,22,698
941019,73.71,73.71,73.71,73.71,60,758
941020,73.67,73.67,73.56,73.58,2,756
941021,73.5,73.95,73.5,73.94,10,764
941024,73.9,73.9,73.85,73.9,6,766
941025,74,74.07,73.8,74.07,11,758
941026,74.2,74.2,74.09,74.09,67,816
941027,74.05,74.06,74.02,74.06,1,816
941028,73.98,74,73.96,73.96,10,821
941031,73.86,73.86,73.8,73.85,51,864
941101,73.6,73.65,73.6,73.65,24,0
941102,73.66,73.66,73.66,73.66,0,880
941103,73.5,73.6,73.42,73.55,127,999
941104,73.57,73.57,73.57,73.57,0,999
941107,73.75,73.75,73.6,73.6,25,1024
941108,73.61,73.66,73.61,73.66,1,1023
941109,73.73,73.73,73.73,73.73,4,1023
941110,73.55,73.55,73.55,73.55,0,1023
941111,73.51,73.55,73.51,73.55,2,1021
941114,73.65,73.65,73.52,73.52,2,1022
941115,73.38,73.38,73.22,73.22,42,1025
941116,73.19,73.19,73.19,73.19,0,1023
941117,73.3,73.3,73.2,73.21,230,1106
941118,73.1,73.1,73.1,73.1,112,1208
941121,73.17,73.25,72.93,72.98,20,1202
941122,72.72,72.75,72.67,72.75,52,1218
941123,72.7,72.75,72.7,72.7,38,1181
941125,72.66,72.7,72.64,72.7,5,1182
941128,72.55,72.55,72.5,72.55,19,1168
941129,72.55,72.59,72.5,72.5,54,1193
941130,72.58,72.71,72.58,72.63,111,1266
941201,72.69,72.8,72.58,72.59,50,1289
941202,72.88,73.01,72.84,72.96,153,1356
941205,72.9,72.9,72.88,72.89,30,1357
941206,72.87,72.87,72.82,72.83,20,1358
941207,72.6,72.6,72.3,72.32,45,1372
941208,72.26,72.34,72.15,72.31,47,1380
941209,72.15,72.15,71.95,72.09,53,1374
941212,72,72,71.75,71.81,38,1386
941213,71.86,71.95,71.76,71.76,81,1412
941214,71.52,71.82,71.52,71.82,237,1486
941215,71.84,71.84,71.71,71.71,31,1502
941216,71.9,71.9,71.45,71.52,25,1509
941219,71.6,71.61,71.43,71.45,23,1521
941220,71.51,71.54,71.45,71.54,24,1509
941221,71.54,71.59,71.43,71.5,87,1518
941222,71.36,71.39,71.21,71.22,191,1656
941223,71.22,71.23,71.18,71.2,73,1614
941227,71.15,71.18,71.15,71.15,39,1634
941228,70.98,71.04,70.9,70.98,112,1667
941229,70.85,70.85,70.67,70.71,147,1679
941230,70.9,71.14,70.85,71.08,40,1681
950103,71.35,71.35,70.86,70.9,104,1716
950104,70.89,71.13,70.85,71.11,163,1772
950105,71.05,71.27,71,71.14,134,1799
950106,71.28,71.28,71.14,71.2,34,1802
950109,71.07,71.07,70.77,70.79,77,1856
950110,70.75,70.84,70.4,70.56,185,1971
950111,70.43,70.54,70.38,70.51,330,2155
950112,70.2,70.3,70,70.04,260,2204
950113,70.12,70.61,70.1,70.51,381,2235
950116,70.53,70.53,70.37,70.41,65,2236
950117,69.77,70.1,69.74,70.06,197,2223
950118,69.63,69.92,69.6,69.9,353,2120
950119,70.03,70.03,69.63,69.71,78,2117
950120,69.68,69.84,69.48,69.7,209,2161
950123,69.95,69.96,69.77,69.96,97,2205
950124,70.11,70.27,69.97,70.17,100,2217
950125,70.07,70.3,70.03,70.26,44,2231
950126,70.23,70.4,70.12,70.27,107,2258
950127,70.19,70.36,70.18,70.23,48,2253
950130,70.32,70.32,69.95,70,70,2268
950131,69.98,70.65,69.98,70.57,364,2181
950201,70.59,70.8,70.42,70.65,140,2229
950202,70.73,70.8,70.65,70.71,151,2272
950203,70.82,71.14,70.82,71.05,381,2399
950206,71.07,71.4,71.07,71.32,418,2529
950207,71.33,71.4,71.2,71.21,233,2536
950208,71.21,71.39,71.07,71.26,272,2430
950209,71.23,71.23,71,71.15,2244,3634
950210,70.9,70.97,70.8,70.95,320,3531
950213,70.84,71.02,70.79,70.94,332,3625
950214,71.14,71.16,70.91,70.94,129,3634
950215,70.88,70.95,70.74,70.8,236,3671
950216,71.3,71.3,70.33,70.44,516,3642
950217,70.32,70.84,70.3,70.81,388,3620
950221,71.1,71.24,70.93,70.95,379,3656
950222,71.09,71.29,71.03,71.14,340,3714
950223,71.41,71.52,71.32,71.39,837,4027
950224,71.44,71.52,71.26,71.51,1073,4359
950227,71.17,71.39,71,71.28,1231,4589
950228,71.63,71.75,71.45,71.57,1691,5195
950301,71.39,71.48,71.26,71.36,2271,6737
950302,71.09,71.13,70.65,70.87,3330,7576
950303,70.99,71.12,70.6,70.72,4101,8595
950306,70.32,70.32,70.05,70.18,10658,13243
950307,70,70.1,69.8,70.04,9345,16530
950308,70.7,70.79,70.4,70.52,6369,16839
950309,70.54,70.54,70.22,70.49,7131,20205
950310,70.76,70.9,70.55,70.76,6306,21511
950313,70.55,70.6,70.31,70.32,4269,21462
950314,70.18,70.38,70.18,70.35,3507,21797
950315,70.47,70.49,70.23,70.43,4426,22550
950316,70.25,70.4,70.18,70.35,2951,22718
950317,70.22,70.59,69.98,70.47,6900,23752
950320,70.6,70.82,70.56,70.76,4230,23346
950321,70.65,71.1,70.58,70.99,7804,23951
950322,71.05,71.12,70.9,70.99,3965,24025
950323,70.68,70.81,70.65,70.69,2899,23445
950324,70.84,71.1,70.83,71.03,4440,24238
950327,71.18,71.24,71.01,71.17,4196,24211
950328,70.98,71.03,70.86,70.92,2494,23779
950329,70.85,71.01,70.84,70.91,2228,24025
950330,71.32,71.35,71.06,71.17,4235,24846
950331,71,71.28,70.9,71.21,3885,25566
950403,71.05,71.24,70.99,71.21,2494,25884
950404,71.34,71.65,71.26,71.52,10456,29321
950405,71.47,71.69,71.46,71.54,9921,33931
950406,71.56,71.77,71.52,71.72,4702,35745
950407,71.67,71.7,71.55,71.62,3793,36146
950410,72,72.3,71.92,72.27,13703,41600
950411,72.38,72.39,71.96,72.02,6410,41880
950412,72.15,72.46,72,72.33,5241,43009
950413,72.47,72.63,72.36,72.55,4256,43003
950417,72.77,73.12,72.76,72.93,5412,43908
950418,72.78,72.93,72.72,72.79,2715,43969
950419,72.73,72.75,72.55,72.57,3301,43529
950420,72.82,72.87,72.65,72.8,2875,43921
950421,72.9,72.97,72.7,72.74,2575,43697
950424,72.71,73.19,72.67,73,5156,44458
950425,73.17,73.17,72.93,73.04,3717,44083
950426,73.15,73.26,73.08,73.18,2409,44359
950427,73.11,73.23,73.03,73.16,1518,44191
950428,73.2,73.56,73.19,73.47,4188,44850
950501,73.59,73.66,73.44,73.57,3281,44839
950502,73.55,73.57,73.45,73.49,4153,44582
950503,73.4,73.42,73.08,73.23,5387,44203
950504,73.24,73.27,73.12,73.23,3208,43806
950505,73.66,73.83,73.66,73.76,7020,45016
950508,73.64,73.66,73.47,73.61,3614,44725
950509,73.57,73.75,73.46,73.47,4472,44042
950510,73.52,73.79,73.36,73.7,4520,45125
950511,73.79,74,73.75,73.93,5094,44852
950512,73.76,73.85,73.58,73.81,4335,44460
950515,73.67,73.67,73.36,73.48,6070,41959
950516,73.36,73.69,73.35,73.58,5315,41274
950517,73.51,73.78,73.44,73.74,5348,40620
950518,73.5,73.75,73.5,73.71,2437,40091
950519,73.68,73.73,73.52,73.67,1997,40050
950522,73.5,73.53,72.95,72.96,11130,37947
950523,73,73.25,72.97,73.2,4961,36833
950524,73.2,73.28,73.1,73.18,3592,35533
950525,73.07,73.15,72.88,72.89,6257,33414
950526,72.86,72.89,72.72,72.75,4012,31981
950530,73.03,73.07,72.81,72.84,6474,28933
950531,72.85,73.06,72.77,72.9,3002,28515
950601,72.79,72.89,72.63,72.79,3930,27869
950602,72.87,72.9,72.45,72.54,6705,28343
950605,72.53,72.7,72.51,72.55,4984,27203
950606,72.49,72.56,72.32,72.33,6905,25345
950607,72.33,72.47,72.33,72.43,3517,23537
950608,72.55,72.87,72.54,72.82,6184,22762
950609,72.74,72.85,72.56,72.58,3359,21682
950612,72.42,72.51,72.42,72.48,8264,18576
950613,72.44,72.44,72.2,72.3,6500,16334
950614,72.47,72.52,72.28,72.38,3150,13404
950615,72.7,72.78,72.47,72.51,2713,9248
950616,72.43,72.48,72.3,72.31,2086,7455
950619,72.3,72.44,72.28,72.4,633,6929
