830330,29.1,29.3,29.1,29.2,216,154
830331,29.1,29.99,28.9,29.05,300,276
830404,29.02,29.2,29.02,29.1,123,248
830405,29.25,29.53,29.25,29.35,61,257
830406,29.5,29.6,29.25,29.5,181,303
830407,29.6,29.85,29.55,29.85,209,305
830408,30.1,30.2,30,30.19,88,319
830411,30.1,30.1,29.85,30,130,343
830412,30.2,30.7,30.2,30.62,140,351
830413,30.52,30.75,30.5,30.7,87,318
830414,30.57,30.8,30.57,30.63,78,307
830415,30.3,30.4,30.3,30.31,16,312
830418,30.4,30.61,30.4,30.61,9,295
830419,30.57,30.65,30.57,30.65,10,298
830420,30.65,30.66,30.62,30.63,7,301
830421,30.7,30.7,30.55,30.65,23,304
830422,30.6,30.75,30.6,30.72,29,295
830425,30.75,30.85,30.75,30.81,29,296
830426,30.75,30.75,30.64,30.65,67,318
830427,30.6,30.75,30.6,30.75,39,346
830428,30.69,30.75,30.6,30.7,99,381
830429,30.7,30.71,30.56,30.57,24,346
830502,30.54,30.54,30.48,30.5,80,380
830503,30.45,30.47,30.35,30.4,213,527
830504,30.4,30.4,30.23,30.23,161,575
830505,30,30.06,30,30.04,70,604
830506,30,30.07,29.95,30.06,38,588
830509,30,30,29.65,29.7,269,678
830510,29.65,29.84,29.65,29.81,101,725
830511,29.62,29.68,29.52,29.52,17,716
830512,29.35,29.5,29.28,29.28,186,802
830513,29.45,29.45,29.24,29.3,154,880
830516,29.6,29.95,29.5,29.72,93,872
830517,29.7,30,29.7,29.8,218,937
830518,29.65,29.85,29.65,29.75,32,937
830519,29.8,29.8,29.8,29.8,0,930
830520,30,30.3,30,30.23,235,930
830523,30.2,30.5,30.15,30.22,326,972
830524,30,30.05,29.91,30,233,1008
830525,30.08,30.2,30.05,30.11,130,1032
830526,30.2,30.45,30.15,30.25,136,1067
830527,30.15,30.38,30.1,30.13,195,1116
830531,30.01,30.38,30.01,30.1,158,1123
830601,30.1,30.3,30.01,30.22,229,1110
830602,30.32,30.45,30.3,30.3,24,1131
830603,30.2,30.3,30.15,30.3,140,1073
830606,30.25,30.3,30.16,30.27,100,1081
830607,30.4,30.55,30.4,30.5,289,1085
830608,30.5,30.68,30.5,30.5,484,1368
830609,30.5,30.58,30.4,30.4,235,1262
830610,30.47,30.63,30.47,30.63,205,1375
830613,30.75,31,30.75,30.9,359,1451
830614,31.02,31.15,30.85,30.91,403,1450
830615,31.05,31.2,31.05,31.2,262,1521
830616,31.1,31.4,31.02,31.29,611,1529
830617,31.3,31.36,31.1,31.29,182,1529
830620,31.37,31.58,31.37,31.42,188,1497
830621,31.32,31.35,31.15,31.18,158,1463
830622,31.18,31.2,30.85,30.95,601,1554
830623,31.15,31.3,31.1,31.1,204,1592
830624,31.09,31.24,31.05,31.2,161,1602
830627,31.25,31.3,31.15,31.2,57,1614
830628,31.08,31.25,31.05,31.24,290,1648
830629,31.2,31.2,31.15,31.2,242,1482
830630,31.25,31.4,31.25,31.38,292,1447
830701,31.4,31.45,31.3,31.35,39,1426
830705,31.3,31.3,31.23,31.27,63,1377
830706,31.2,31.2,31,31.2,711,1355
830707,31.3,31.4,31.25,31.4,213,1142
830708,31.4,31.45,31.38,31.4,255,1113
830711,31.5,31.64,31.5,31.64,82,815
830712,31.74,31.9,31.71,31.72,583,639
830713,31.88,31.92,31.8,31.87,379,550
830714,31.8,31.85,31.77,31.85,181,370
830715,31.85,31.85,31.7,31.7,196,433
830718,31.75,31.8,31.7,31.7,153,260
