831207,28.4,28.42,28.2,28.2,25,141
831208,28.5,28.6,28.45,28.6,55,186
831209,28.4,28.4,28.4,28.4,0,186
831212,28.4,28.4,28.4,28.4,0,186
831213,28.25,28.25,28.25,28.25,0,186
831214,28.15,28.15,28.15,28.15,0,186
831215,28.1,28.1,27.75,27.75,29,198
831216,27.5,27.6,27.47,27.47,91,184
831219,27.61,27.61,27.61,27.61,0,174
831220,28.05,28.05,28.05,28.05,2,174
831221,28.1,28.1,28.1,28.1,0,174
831222,28.35,28.35,28.35,28.35,0,174
831223,28.75,28.75,28.75,28.75,0,174
831227,29.5,29.5,29.3,29.3,1,174
831228,29.25,29.25,29.25,29.25,46,147
831229,28.75,28.75,28.75,28.75,0,147
831230,28.9,28.9,28.5,28.5,30,177
840103,28.32,28.42,28.32,28.32,31,205
840104,28.59,28.59,28.5,28.5,27,227
840105,28.7,28.7,28.35,28.35,38,227
840106,28.35,28.35,28.3,28.3,10,237
840109,28.4,28.4,28.4,28.4,0,237
840110,28.6,28.66,28.57,28.57,51,266
840111,28.7,28.75,28.55,28.55,59,264
840112,28.6,28.67,28.6,28.67,35,278
840113,28.85,29,28.85,29,11,283
840116,29.23,29.55,29.23,29.4,108,345
840117,29.5,29.5,29.27,29.31,251,499
840118,29.25,29.31,29.25,29.31,16,389
840119,29.5,29.64,29.5,29.51,81,389
840120,29.51,29.55,29.45,29.45,136,475
840123,29.45,29.45,29.05,29.05,121,542
840124,29,29.25,29,29.25,134,662
840125,29.23,29.3,29.2,29.3,34,682
840126,29.22,29.32,29.22,29.28,36,699
840127,29.44,29.55,29.36,29.36,77,702
840130,29.3,29.4,29.11,29.11,54,670
840131,29.17,29.47,29.17,29.32,66,678
840201,29.6,29.83,29.6,29.83,162,699
840202,29.78,29.9,29.73,29.75,207,826
840203,29.84,29.84,29.76,29.78,207,931
840206,29.72,29.75,29.68,29.7,250,1003
840207,29.7,29.7,29.5,29.51,139,1010
840208,29.6,29.6,29.5,29.5,59,1031
840209,29.45,29.45,29.27,29.27,77,1057
840210,29.33,29.33,29.27,29.27,85,1141
840213,29.36,29.36,28.95,29.09,444,1224
840214,29,29.19,29,29.18,318,1374
840215,29.08,29.28,29.05,29.2,323,1406
840216,29.29,29.39,29.25,29.26,364,1519
840217,29.45,29.63,29.43,29.53,186,1620
840221,29.75,29.76,29.4,29.4,183,1599
840222,29.47,29.47,29.36,29.4,255,1720
840223,29.22,29.54,29.22,29.52,372,1849
840224,29.6,29.76,29.51,29.73,339,1845
840227,29.7,30.73,29.68,30.4,623,1887
840228,30.2,30.45,29.9,30.07,489,1864
840229,30.04,30.33,29.98,30.2,1684,2809
840301,30.35,30.4,30.3,30.39,309,2667
840302,30.37,30.7,30.3,30.41,798,2381
840305,30.44,30.53,30.44,30.53,224,2212
840306,30.45,30.51,30.42,30.48,153,2178
840307,30.35,30.45,30.35,30.43,369,2226
840308,30.4,30.5,30.37,30.5,265,2267
840309,30.55,30.68,30.55,30.68,282,2295
840312,30.62,30.68,30.55,30.68,202,2326
840313,30.57,30.61,30.52,30.54,416,2476
840314,30.52,30.55,30.3,30.47,579,2528
840315,30.43,30.45,30.2,30.31,882,2814
840316,30.23,30.26,30.1,30.12,599,2881
840319,30.12,30.32,29.98,30.32,773,3210
840320,30.33,30.47,30.3,30.4,850,3579
840321,30.44,30.48,30.23,30.3,651,3625
840322,30.3,30.35,30.22,30.31,539,3716
840323,30.34,30.43,30.3,30.37,602,3912
840326,30.45,30.5,30.4,30.4,359,4071
840327,30.37,30.54,30.37,30.54,771,4560
840328,30.85,30.9,30.4,30.45,1236,4491
840329,30.6,30.65,30.53,30.64,450,4582
840330,30.64,30.73,30.5,30.67,373,4509
840402,30.61,30.61,30.49,30.56,424,4695
840403,30.55,30.65,30.55,30.64,291,4759
840404,30.56,30.6,30.54,30.56,485,4836
840405,30.57,30.58,30.47,30.53,1239,5622
840406,30.45,30.5,30.39,30.48,1713,6400
840409,30.45,30.55,30.43,30.46,526,6129
840410,30.38,30.6,30.38,30.6,1147,5982
840411,30.55,30.64,30.55,30.63,1569,6110
840412,30.66,30.67,30.55,30.56,1032,6407
840413,30.53,30.55,30.49,30.54,1535,6763
840416,30.51,30.62,30.51,30.53,868,6978
840417,30.47,30.52,30.41,30.52,1269,7142
840418,30.42,30.47,30.34,30.44,1614,7437
840419,30.43,30.48,30.43,30.46,845,7427
840423,30.47,30.6,30.46,30.52,1832,7247
840424,30.55,30.6,30.5,30.54,1081,6922
840425,30.5,30.53,30.47,30.47,1779,7283
840426,30.54,30.55,30.39,30.41,1991,7275
840427,30.36,30.39,30.27,30.37,2641,8148
840430,30.26,30.26,30.12,30.18,2965,8589
840501,30.15,30.22,30.13,30.2,2363,8407
840502,30.13,30.17,30.08,30.15,2551,8702
840503,30.11,30.2,30.09,30.15,1347,9235
840504,30.16,30.25,30.16,30.25,1803,9221
840507,30.27,30.31,30.16,30.17,1758,9105
840508,30.17,30.23,30.11,30.2,1537,8839
840509,30.2,30.35,30.18,30.35,2711,9839
840510,30.31,30.41,30.29,30.37,2296,9639
840511,30.32,30.47,30.32,30.45,1808,9831
840514,30.46,30.8,30.46,30.7,4270,10655
840515,30.75,30.82,30.64,30.7,2615,10918
840516,31.7,31.7,31.05,31.22,8055,12480
840517,31.1,31.12,30.93,30.99,3213,12398
840518,31.28,31.28,31.08,31.11,3116,12120
840521,31.2,31.21,30.8,30.93,2417,11669
840522,30.83,30.85,30.66,30.67,2051,10724
840523,30.55,30.64,30.5,30.6,2754,10443
840524,30.7,30.88,30.65,30.75,1989,10129
840525,30.9,30.96,30.85,30.88,1636,9861
840529,30.88,30.88,30.7,30.71,1287,9676
840530,30.6,30.92,30.6,30.81,1886,9364
840531,30.85,30.88,30.78,30.83,1333,9121
840601,30.85,30.88,30.59,30.7,1861,8792
840604,30.74,30.76,30.62,30.75,410,8180
840605,30.75,30.78,30.68,30.73,833,7812
840606,30.56,30.67,30.5,30.55,2076,7600
840607,30.41,30.48,30.38,30.4,2346,7604
840608,30.44,30.44,30.33,30.37,1642,7167
840611,30.35,30.38,30.09,30.15,1751,6866
840612,30.13,30.2,30.11,30.17,1079,6413
840613,30,30.11,29.95,30.1,1772,5846
840614,30.13,30.2,30.12,30.18,1540,5174
840615,30.12,30.12,30,30.03,1813,3637
840618,29.96,29.99,29.66,29.79,1999,2475
