840120,29.5,29.5,29.45,29.45,60,66
840123,29.5,29.5,29.05,29.05,105,169
840124,29.05,29.2,29.05,29.2,31,200
840125,29.19,29.29,29.19,29.29,11,190
840126,29.23,29.23,29.23,29.23,0,190
840127,29.45,29.5,29.3,29.3,16,205
840130,29.35,29.35,29.05,29.05,10,215
840131,29.2,29.2,29.2,29.2,8,222
840201,29.57,29.75,29.57,29.68,27,216
840202,29.7,29.8,29.7,29.8,28,224
840203,29.75,29.81,29.75,29.78,117,237
840206,29.73,29.78,29.7,29.7,87,272
840207,29.7,29.7,29.5,29.5,155,254
840208,29.6,29.6,29.53,29.54,37,233
840209,29.31,29.33,29.26,29.26,19,248
840210,29.26,29.3,29.25,29.26,11,255
840213,29.25,29.25,28.98,29.09,143,391
840214,29.05,29.2,28.98,29.2,197,490
840215,29.05,29.27,29.05,29.15,339,434
840216,29.25,29.25,29.22,29.22,34,458
840217,29.48,29.51,29.4,29.4,41,460
840221,29.7,29.7,29.35,29.37,144,464
840222,29.39,29.39,29.35,29.35,82,473
840223,29.24,29.5,29.24,29.46,428,681
840224,29.5,29.75,29.5,29.65,43,676
840227,29.65,30.35,29.6,30.35,99,698
840228,30.15,30.2,29.85,30,160,756
840229,29.99,30.29,29.95,30.1,195,844
840301,30.32,30.36,30.27,30.27,133,884
840302,30.3,30.33,30.27,30.27,101,951
840305,30.43,30.43,30.43,30.43,0,922
840306,30.4,30.42,30.37,30.38,160,988
840307,30.35,30.35,30.33,30.33,64,1013
840308,30.32,30.45,30.32,30.4,31,1013
840309,30.55,30.63,30.55,30.6,414,1307
840312,30.52,30.63,30.52,30.58,36,1301
840313,30.52,30.62,30.47,30.49,366,1423
840314,30.47,30.52,30.3,30.42,237,1435
840315,30.31,30.31,30.23,30.25,53,1477
840316,30.2,30.2,30.1,30.1,345,1705
840319,30.13,30.3,30,30.29,171,1716
840320,30.35,30.44,30.35,30.35,295,1822
840321,30.45,30.45,30.22,30.25,155,1903
840322,30.25,30.3,30.19,30.24,310,2008
840323,30.28,30.38,30.28,30.32,143,2004
840326,30.42,30.47,30.36,30.36,116,2055
840327,30.37,30.49,30.37,30.48,120,2126
840328,30.8,30.85,30.39,30.39,298,2117
840329,30.53,30.56,30.48,30.56,213,2198
840330,30.56,30.6,30.48,30.6,132,2117
840402,30.54,30.54,30.47,30.51,100,2115
840403,30.5,30.58,30.49,30.54,99,2171
840404,30.45,30.55,30.45,30.51,245,2282
840405,30.51,30.53,30.46,30.46,405,2593
840406,30.35,30.43,30.35,30.4,281,2676
840409,30.4,30.44,30.38,30.4,130,2730
840410,30.36,30.52,30.36,30.5,201,2790
840411,30.55,30.58,30.5,30.56,294,2809
840412,30.58,30.58,30.48,30.48,90,2809
840413,30.49,30.49,30.45,30.47,61,2820
840416,30.48,30.56,30.46,30.46,262,2793
840417,30.42,30.44,30.38,30.44,788,3196
840418,30.35,30.42,30.33,30.38,496,3161
840419,30.4,30.42,30.38,30.4,252,3148
840423,30.4,30.54,30.4,30.44,792,3210
840424,30.51,30.55,30.45,30.45,520,3302
840425,30.44,30.46,30.41,30.41,709,3452
840426,30.45,30.49,30.36,30.36,655,3517
840427,30.32,30.34,30.26,30.34,702,3871
840430,30.2,30.21,30.13,30.15,1259,4117
840501,30.18,30.2,30.14,30.19,649,3861
840502,30.14,30.18,30.08,30.14,630,3910
840503,30.1,30.2,30.1,30.14,1010,4153
840504,30.17,30.27,30.17,30.25,1156,4462
840507,30.28,30.32,30.18,30.19,962,4495
840508,30.21,30.25,30.15,30.22,725,4750
840509,30.2,30.37,30.2,30.35,1209,4852
840510,30.31,30.43,30.31,30.37,853,4853
840511,30.39,30.49,30.35,30.48,1319,5175
840514,30.53,30.79,30.53,30.73,1835,5575
840515,30.79,30.85,30.68,30.75,2124,6249
840516,31.7,31.7,31.1,31.21,4153,7713
840517,31.12,31.14,30.97,31.01,2117,7284
840518,31.28,31.3,31.07,31.15,2235,7540
840521,31.23,31.25,30.94,31.02,2434,7497
840522,30.9,30.9,30.76,30.78,1844,7564
840523,30.68,30.76,30.64,30.73,1749,7429
840524,30.8,30.96,30.78,30.87,1372,7457
840525,31,31.09,30.95,30.97,1874,7776
840529,30.95,30.97,30.8,30.81,940,7616
840530,30.75,31,30.73,30.89,1596,7869
840531,30.94,30.94,30.83,30.85,2152,7823
840601,30.89,30.9,30.65,30.76,2093,7911
840604,30.7,30.84,30.7,30.81,974,7814
840605,30.83,30.88,30.8,30.83,1309,8066
840606,30.68,30.73,30.61,30.62,2679,8193
840607,30.53,30.55,30.44,30.47,4234,8570
840608,30.45,30.52,30.42,30.45,2194,8571
840611,30.4,30.48,30.15,30.2,4046,8788
840612,30.17,30.27,30.17,30.22,2280,8084
840613,30,30.15,29.92,30.13,3788,9074
840614,30.15,30.26,30.13,30.25,1647,8269
840615,30.18,30.19,30.12,30.13,1090,8242
840618,30.03,30.05,29.84,29.86,2441,8524
840619,29.9,29.95,29.76,29.87,2194,8538
840620,29.83,29.83,29.71,29.74,1900,8954
840621,29.65,29.68,29.32,29.34,2984,8743
840622,29.25,29.29,29.04,29.26,1938,8932
840625,29.3,29.55,29.3,29.55,2447,8772
840626,29.53,29.56,29.31,29.36,1183,8619
840627,29.3,29.35,29.18,29.25,2720,9566
840628,29.28,29.65,29.28,29.56,2676,9115
840629,29.54,29.8,29.47,29.75,2238,9090
840702,29.83,29.99,29.56,29.59,1650,9231
840703,29.53,29.53,29.41,29.5,1536,9029
840705,29.45,29.65,29.4,29.57,1401,8891
840706,29.64,29.69,29.57,29.65,1144,8278
840709,29.59,29.6,29.45,29.47,1337,8016
840710,29.43,29.5,29.36,29.4,2107,7593
840711,29.45,29.46,29.33,29.35,2748,7059
840712,29.3,29.3,29.07,29.08,2508,6579
840713,28.99,29.01,28.95,28.95,2567,5712
840716,28.92,28.92,28.81,28.88,1605,5038
840717,28.91,29.02,28.89,28.99,1792,4054
840718,28.86,28.88,28.68,28.82,2386,3109
