830601,29.75,29.9,29.75,29.9,12,12
830602,29.9,29.9,29.9,29.9,0,12
830603,29.85,29.85,29.85,29.85,0,12
830606,29.85,29.85,29.85,29.85,0,12
830607,30.05,30.05,30.05,30.05,0,12
830608,30.25,30.25,30.2,30.2,2,12
830609,30.1,30.1,30.1,30.1,0,12
830610,30.25,30.25,30.25,30.25,0,12
830613,30.6,30.6,30.6,30.6,1,13
830614,30.6,30.6,30.6,30.6,0,13
830615,30.7,30.7,30.7,30.7,0,13
830616,30.85,30.85,30.85,30.85,0,13
830617,30.85,30.85,30.85,30.85,0,13
830620,31,31.1,31,31,11,24
830621,30.95,30.95,30.75,30.75,11,35
830622,30.65,30.65,30.65,30.65,0,35
830623,30.8,30.8,30.7,30.75,1,36
830624,30.85,30.85,30.85,30.85,0,36
830627,30.8,30.8,30.8,30.8,0,36
830628,30.8,30.8,30.8,30.8,1,37
830629,30.8,30.8,30.8,30.8,0,37
830630,30.95,30.95,30.95,30.95,10,47
830701,30.9,30.9,30.9,30.9,0,47
830705,30.9,30.9,30.9,30.9,0,47
830706,30.6,30.75,30.6,30.75,4,51
830707,30.9,30.9,30.9,30.9,0,51
830708,30.91,30.95,30.91,30.95,1,51
830711,31.1,31.1,31.1,31.1,19,70
830712,31.25,31.25,31.25,31.25,1,70
830713,31.4,31.6,31.4,31.6,40,96
830714,31.6,31.6,31.55,31.55,1,95
830715,31.45,31.45,31.45,31.45,0,95
830718,31.6,31.6,31.45,31.5,6,101
830719,31.55,31.59,31.25,31.59,62,136
830720,31.65,31.65,31.6,31.6,45,148
830721,31.35,31.4,31.35,31.35,2,138
830722,31.3,31.3,31.3,31.3,2,140
830725,31.2,31.2,31.2,31.2,0,140
830726,31.32,31.32,31.3,31.3,18,149
830727,31.5,31.5,31.5,31.5,10,149
830728,31.53,31.53,31.53,31.53,0,149
830729,31.7,31.7,31.7,31.7,0,149
830801,31.75,31.95,31.75,31.95,3,150
830802,32.15,32.15,31.95,31.95,3,151
830803,31.9,31.9,31.9,31.9,0,151
830804,32.13,32.13,32,32,27,174
830805,31.94,32.03,31.94,32.03,7,174
830808,31.87,31.87,31.87,31.87,0,173
830809,31.74,31.74,31.74,31.74,0,173
830810,32.04,32.1,31.95,31.95,45,198
830811,32.03,32.03,31.89,31.9,29,215
830812,31.98,31.98,31.92,31.92,23,203
830815,32,32,31.97,31.99,14,213
830816,31.9,31.9,31.9,31.9,0,213
830817,31.85,31.85,31.83,31.85,23,231
830818,31.8,31.9,31.55,31.55,42,250
830819,31.62,31.65,31.5,31.6,55,293
830822,31.5,31.5,31.48,31.48,19,298
830823,31.5,31.57,31.45,31.56,40,325
830824,31.65,31.75,31.46,31.46,55,355
830825,31.5,31.63,31.45,31.63,67,374
830826,31.68,31.68,31.67,31.67,30,382
830829,31.66,31.66,31.56,31.58,55,391
830830,31.5,31.6,31.49,31.55,73,424
830831,31.5,31.5,31.45,31.46,109,497
830901,31.41,31.42,31.35,31.38,122,553
830902,31.43,31.43,31.35,31.38,107,614
830906,31.1,31.2,31.05,31.09,180,692
830907,31.23,31.23,31.1,31.1,103,766
830908,30.95,31.05,30.95,31.05,124,834
830909,31.05,31.05,30.9,30.91,79,844
830912,31,31,30.78,30.78,58,860
830913,30.85,31.05,30.85,31.03,63,874
830914,30.96,31.26,30.96,31.2,120,938
830915,31.3,31.4,31.3,31.35,38,962
830916,31.27,31.4,31.27,31.4,24,978
830919,31.33,31.33,31.33,31.33,5,978
830920,31.32,31.33,31.2,31.2,43,994
830921,31.15,31.3,31.08,31.29,60,1014
830922,31.27,31.33,31.16,31.18,74,1039
830923,31.23,31.23,31.2,31.23,47,1044
830926,31.17,31.17,31.11,31.15,17,1060
830927,31.13,31.13,31.01,31.05,38,1048
830928,30.9,30.9,30.65,30.72,113,1082
830929,30.78,30.78,30.4,30.56,610,1511
830930,30.45,30.45,30.1,30.3,357,1576
831003,30,30,29.7,29.79,406,1713
831004,29.5,30.23,29.5,29.95,711,2030
831005,30.35,30.6,30.05,30.07,868,2175
831006,30.12,30.12,30,30,215,2260
831007,30.2,30.38,30.2,30.25,176,2252
831010,30.6,30.67,30.55,30.6,237,2367
831011,30.48,30.48,30.34,30.35,213,2392
831012,30.37,30.38,30.24,30.35,136,2415
831013,30.4,30.56,30.38,30.5,344,2401
831014,30.51,30.51,30.33,30.38,40,2369
831017,30.28,30.45,30.2,30.43,221,2458
831018,30.44,30.49,30.4,30.47,128,2465
831019,30.4,30.45,30.16,30.2,398,2639
831020,30.05,30.2,30.02,30.18,558,2964
831021,30.13,30.22,30.13,30.22,365,3161
831024,30.34,30.35,30.25,30.3,165,3124
831025,30.28,30.34,30.25,30.32,119,3187
831026,30.14,30.16,30.06,30.1,751,3784
831027,30.08,30.19,30.02,30.15,923,3623
831028,30.18,30.25,30.05,30.13,928,3512
831031,30.06,30.25,30.04,30.25,471,3525
831101,30.26,30.28,30.2,30.27,694,3459
831102,30.3,30.34,30.23,30.26,1142,3281
831103,30.29,30.36,30.27,30.34,878,3467
831104,30.36,30.42,30.25,30.36,891,3590
831107,30.35,30.35,30.24,30.27,315,3406
831108,30.27,30.28,30.19,30.27,620,3461
831109,30.3,30.34,30.2,30.2,844,3385
831110,30.12,30.13,29.9,29.93,1798,4137
831111,29.93,30,29.65,29.77,1472,4306
831114,29.7,29.82,29.67,29.72,897,4315
831115,29.65,29.73,29.59,29.7,785,4289
831116,29.75,29.83,29.35,29.39,728,4329
831117,29.25,29.25,28.72,28.95,2373,5186
831118,29.2,29.23,28.84,29.19,2555,5343
831121,29.05,29.26,29.05,29.14,695,5063
831122,29.13,29.21,29.03,29.04,1216,5416
831123,29.18,29.28,29.11,29.19,1185,5508
831128,29.45,29.9,29.43,29.69,1099,5389
831129,29.65,29.7,29.33,29.39,1053,5665
831130,29.37,29.44,29.11,29.23,1438,5548
831201,29.25,29.38,29.25,29.28,914,5436
831202,29.35,29.42,29.26,29.38,931,5230
831205,29.4,29.4,29.27,29.3,421,5027
831206,29.22,29.32,29.13,29.29,764,5237
831207,29.1,29.15,29,29.06,1196,4087
831208,29.06,29.35,29.06,29.27,594,4008
831209,29.23,29.35,29.23,29.31,196,3992
831212,29.38,29.5,29.26,29.27,599,3757
831213,29.3,29.3,29.2,29.21,672,3395
831214,29.2,29.33,29.14,29.28,1492,3126
831215,29.21,29.23,29.08,29.11,1321,2222
831216,29.13,29.13,28.57,28.57,1181,936
