850822,25.7,25.7,25.59,25.59,20,20
850823,25.83,25.83,25.83,25.83,0,20
850826,25.8,26.05,25.8,26.05,1,21
850827,26.11,26.11,26.04,26.04,1,22
850828,26.09,26.09,26.09,26.09,0,21
850829,25.95,25.95,25.92,25.92,1,20
850830,25.95,26,25.95,26,1,20
850903,26,26.19,26,26.19,1,21
850904,26.14,26.14,26.08,26.08,5,24
850905,25.6,25.65,25.6,25.6,105,118
850906,25.3,25.3,25.18,25.18,3,119
850909,24.72,24.72,24.72,24.72,0,118
850910,24.9,24.9,24.9,24.9,0,118
850911,24.77,24.77,24.77,24.77,0,118
850912,24.87,25,24.87,25,60,156
850913,24.9,24.9,24.74,24.74,9,137
850916,24.55,24.65,24.55,24.55,2,139
850917,24.65,24.67,24.65,24.67,3,142
850918,24.7,24.7,24.45,24.57,166,221
850919,24.5,24.8,24.5,24.8,129,303
850920,25.1,25.1,24.97,25.1,69,301
850923,25.25,25.4,25.25,25.31,98,363
850924,25.3,25.47,25.3,25.47,23,364
850925,25.68,25.68,25.55,25.55,252,519
850926,25.6,25.86,25.6,25.82,171,617
850927,26,26.05,25.95,25.95,33,635
850930,25.8,26.03,25.8,26.03,6,639
851001,26.15,26.15,25.92,25.92,2,639
851002,25.9,26.15,25.9,26.05,7,634
851003,26.2,26.2,26.1,26.1,25,657
851004,25.7,25.82,25.67,25.67,40,656
851007,25.42,25.45,25.37,25.43,74,679
851008,25.68,25.68,25.51,25.51,75,704
851009,25.45,25.45,25.35,25.35,52,719
851010,25.04,25.04,25.04,25.04,0,719
851011,25.19,25.19,25.19,25.19,0,719
851014,25.64,25.64,25.64,25.64,0,719
851015,25.83,25.83,25.83,25.83,0,710
851016,25.75,25.76,25.71,25.71,28,695
851017,25.83,25.83,25.72,25.72,2,697
851018,25.65,25.8,25.62,25.62,10,702
851021,25.75,25.77,25.6,25.77,68,707
851022,25.9,25.9,25.52,25.52,150,842
851023,25.66,25.85,25.56,25.56,96,903
851024,25.7,25.81,25.7,25.74,63,896
851025,25.81,25.81,25.74,25.74,26,896
851028,26,26.2,26,26.12,164,874
851029,26.26,26.28,26.21,26.21,48,886
851030,25.98,25.98,25.98,25.98,0,886
851031,26.15,26.18,26.1,26.18,10,878
851101,26.31,26.31,26.21,26.21,18,881
851104,26.1,26.1,26.05,26.05,11,892
851105,25.9,26.04,25.85,25.85,44,895
851106,26,26.22,26,26.22,44,920
851107,26.53,26.53,26.3,26.41,13,927
851108,26.34,26.5,26.34,26.5,45,926
851111,26.74,26.74,26.65,26.72,80,941
851112,26.8,26.85,26.7,26.7,100,1025
851113,26.8,26.85,26.68,26.68,124,1119
851114,26.8,26.87,26.75,26.77,330,1235
851115,26.65,26.75,26.44,26.44,941,1387
851118,26.35,26.52,26.35,26.41,132,1477
851119,26.6,26.75,26.55,26.73,264,1553
851120,26.75,26.98,26.75,26.88,67,1528
851121,27.05,27.29,27.05,27.2,107,1621
851122,27.1,27.33,27.1,27.33,188,1632
851125,27.37,27.53,27.37,27.42,367,1690
851126,27.27,27.38,27.03,27.03,417,1891
851127,26.64,26.85,26.04,26.04,1070,2572
851202,25.9,26.32,25.78,26.32,153,2319
851203,26.45,26.45,25.88,25.88,130,2334
851204,25.8,26.25,25.55,25.65,218,2423
851205,25.93,26.09,25.85,26.09,5,2419
851206,26.1,26.11,26,26.1,105,2489
851209,25.1,25.35,25.1,25.1,149,2602
851210,24,24.05,23.6,23.6,235,2656
851211,23.7,24.8,23.7,24,114,2667
851212,24.35,24.9,23.97,23.97,479,2536
851213,24.15,24.24,23.5,23.68,665,2738
851216,23.93,23.93,23.59,23.67,358,2808
851217,23.05,23.1,22.95,22.95,408,2931
851218,23.2,23.25,23.05,23.24,408,3084
851219,23.45,23.6,23.4,23.55,1016,3568
851220,23.5,23.55,23.38,23.38,109,3574
851223,23.2,23.2,23.2,23.2,1,3561
851226,23.4,23.65,23.4,23.65,64,3607
851227,23.75,23.95,23.7,23.92,278,3827
851230,23.92,23.92,23.55,23.65,49,3808
851231,23.3,23.4,23.2,23.2,13,3811
860102,22.65,22.7,22.2,22.45,637,3821
860103,22.73,22.85,22.5,22.84,361,3996
860106,23.07,23.37,23,23.36,138,3965
860107,23.18,23.18,22.86,22.89,87,3934
860108,22.55,22.7,22.4,22.61,529,4225
860109,22.45,22.5,22.22,22.5,612,4595
860110,22.35,22.75,22.35,22.66,142,4593
860113,22.25,22.45,22.17,22.25,279,4706
860114,22.25,22.3,22,22.05,919,4933
860115,22.35,22.5,22.16,22.16,282,4949
860116,21.9,21.9,21.25,21.3,1137,5382
860117,21.5,21.75,21.2,21.31,529,5425
860120,21.05,21.05,20.31,20.31,528,5444
860121,21.2,21.2,19.2,20.22,717,5481
860122,20.5,20.5,20,20.15,269,5389
860123,19.15,20.39,19.15,20.39,866,5262
860124,20.35,20.95,20.07,20.07,909,5232
860127,20,21.07,20,21.07,313,4899
860128,21.5,21.6,20.1,20.35,556,4857
860129,19.85,20.15,19.75,19.89,338,4886
860130,20.2,20.25,19.45,19.64,356,4927
860131,19.25,19.35,18.95,18.99,337,4969
860203,17.99,18,17.99,17.99,49,4736
860204,16.75,16.9,16.49,16.49,184,4744
860205,16.65,17.25,16,16.85,616,4707
860206,16.9,17.4,16.9,17.29,787,4599
860207,18.1,18.29,17.5,18.25,1262,4716
860210,18.9,18.9,16.8,17,288,4675
860211,16.98,17.1,16.4,16.59,1458,5286
860212,16.5,16.55,15.89,15.89,397,5178
860213,16.05,16.61,15.85,16.61,530,5241
860214,16.95,17.05,16.3,16.38,159,4615
860218,16.4,16.4,15.38,15.39,243,4629
860219,15.05,15.55,14.9,15.47,496,4749
860220,15.65,15.7,14.6,14.99,469,4829
860221,15.15,15.2,13.99,14.07,738,4816
860224,15,15.57,14.3,15.49,824,4571
860225,15.65,16.25,14.5,15.29,902,4677
860226,15.25,15.35,14.85,15.11,1274,4500
860227,14.65,14.8,14.3,14.68,1126,4616
860228,14.1,14.1,13.75,14.04,872,4692
860303,13.8,13.8,13.04,13.17,834,4401
860304,13.45,13.5,12.75,12.79,739,4407
860305,12.75,13.33,12.4,12.67,1370,4727
860306,13.1,13.67,12.85,13.54,898,4626
860307,13.7,13.85,12.65,12.69,1033,4946
860310,12.5,13.65,12.45,13.49,765,4988
860311,13.7,14.2,13.4,13.84,863,5090
860312,14.4,14.8,14.1,14.64,608,5134
860313,14.65,14.75,13.64,13.64,2345,6625
860314,13.6,13.85,13.15,13.41,695,6364
860317,13.05,14.15,13,13.95,1238,6697
860318,14.5,14.9,13.85,14.35,2441,7536
860319,14.5,14.8,13.7,14.06,3330,8534
860320,13.8,14.05,13.29,13.39,1938,9361
860321,13.05,14.35,13,14.28,1679,9789
860324,13.28,13.28,13.28,13.28,477,9792
860325,12.6,13,12.55,12.79,2422,9442
860326,12.74,12.78,12.2,12.25,3012,9790
860327,12.05,12.05,11.64,11.75,4667,10663
860331,11.5,11.6,10.75,10.79,2034,10496
860401,10.39,11.79,10.15,11.67,3511,11088
860402,12.05,12.67,11.8,11.92,3820,11320
860403,11.55,12.2,11.3,12.18,3515,12218
860404,12.58,13,12.45,12.99,4285,13544
860407,13.8,13.99,13.35,13.99,5573,13902
860408,13.65,13.65,12.5,12.52,6634,15830
860409,12.3,13.39,12.25,12.97,4000,15896
860410,13.25,13.63,13.2,13.22,4046,15715
860411,13.3,13.75,13.15,13.34,4501,16480
860414,13,13.45,12.65,12.7,4274,17617
860415,12.9,13,12.35,12.41,4793,18297
860416,11.75,12.05,11.41,11.46,6890,20304
860417,11.4,11.9,11.4,11.81,3571,20459
860418,11.95,12.05,11.67,11.8,6694,22835
860421,11.7,12.15,11.6,12.12,6273,24457
860422,12.4,12.4,11.9,12.34,6374,22664
860423,12.4,13.15,12.35,12.92,10881,26012
860424,13.35,13.6,12.5,12.73,12752,26342
860425,12.3,13.3,12.15,13.19,7075,26979
860428,13.52,13.55,12.95,13.08,10937,29383
860429,13.1,13.25,12.75,13.13,6671,29298
860430,13,13.38,12.94,13.04,8865,29765
860501,13.2,13.57,13.18,13.48,6888,30557
860502,13.9,14.48,13.7,14.33,15605,34777
860505,14.33,14.33,13.72,13.9,11279,34817
860506,13.95,14.15,13.7,13.91,9162,34319
860507,14.45,14.85,14.35,14.77,12850,35290
860508,14.65,15.3,14.55,15.2,14449,36278
860509,15,15.35,14.85,15.26,10781,37200
860512,15.2,15.52,15.05,15.15,10590,38070
860513,14.65,15.25,14.6,15.21,14182,37451
860514,15.15,15.4,14.86,14.93,13846,37736
860515,14.9,15.18,14.8,15.15,11394,38581
860516,15.15,15.75,15.1,15.59,11599,37235
860519,15.95,16.55,15.82,16.51,24112,38483
860520,16.25,16.3,15.51,15.51,19336,38623
860521,15.8,15.9,14.75,14.82,22010,39087
860522,14.5,15.2,14.5,15.16,15480,37777
860523,15.3,15.7,14.93,15.59,8938,36809
860527,15.43,15.47,15.05,15.1,10678,36104
860528,14.85,15.1,14.6,14.83,14794,36629
860529,14.4,14.68,14.15,14.54,16779,33726
860530,14.64,14.8,14.21,14.3,10191,33176
860602,14,14.05,13.73,13.81,15416,34553
860603,13.85,14.1,13.75,13.87,9268,32050
860604,13,13.25,12.75,13.1,16480,32708
860605,13.25,13.53,12.85,13.23,13650,31540
860606,13.1,13.18,12.73,12.76,11104,30711
860609,12.6,12.85,12.5,12.63,7562,28721
860610,12.73,12.9,12.5,12.56,9933,27382
860611,12.72,13.59,12.65,13.49,10481,27308
860612,13.5,13.8,13.29,13.66,11072,26050
860613,13.4,13.97,13.35,13.81,9345,25249
860616,13.85,14.02,13.6,13.66,9141,23197
860617,13.7,13.78,13.53,13.74,7678,20155
860618,13.65,13.78,13.5,13.65,8720,18781
860619,13.65,13.85,13.51,13.76,8790,14150
860620,13.75,14.9,13.38,14.69,10701,10902
