860116,21,21,20.48,20.53,1,1
860117,20.7,20.7,20.7,20.7,0,1
860120,19.74,19.74,19.74,19.74,0,1
860121,20.13,20.13,20.13,20.13,0,1
860122,20.15,20.15,20.15,20.15,0,1
860123,21.14,21.14,21.14,21.14,0,1
860124,20.97,20.97,20.97,20.97,0,1
860127,21.1,21.81,21.1,21.81,2,3
860128,20.7,20.7,20.7,20.7,0,3
860129,20.24,20.24,20.24,20.24,0,3
860130,19.85,19.85,19.85,19.85,0,3
860131,19.8,19.8,19.27,19.27,2,5
860203,18.27,18.27,18.27,18.27,0,5
860204,18,18,16.77,16.77,2,7
860205,17.78,17.78,17.78,17.78,0,7
860206,18.5,18.5,18.5,18.5,1,8
860207,18.25,18.25,18.25,18.25,0,8
860210,17.35,17.35,17.35,17.35,0,8
860211,16.88,16.88,16.88,16.88,0,8
860212,16.17,16.17,16.17,16.17,0,8
860213,16.75,16.75,16.75,16.75,0,8
860214,16.52,16.52,16.52,16.52,0,8
860218,15.67,15.67,15.67,15.67,1,9
860219,15.5,15.68,15.5,15.68,1,10
860220,15.9,15.9,15.9,15.9,0,10
860221,15.1,15.1,15.1,15.1,0,10
860224,16.54,16.54,16.54,16.54,0,10
860225,16.85,16.85,16.85,16.85,0,10
860226,16.23,16.23,16.23,16.23,0,10
860227,16,16.08,16,16.08,1,11
860228,15.5,15.69,15.4,15.69,184,156
860303,14.75,14.75,14.75,14.75,0,156
860304,14.2,14.2,14.2,14.2,0,156
860305,13.91,13.91,13.91,13.91,0,156
860306,14.6,14.79,14.6,14.79,3,156
860307,13.94,13.94,13.94,13.94,0,156
860310,14.74,14.74,14.74,14.74,0,156
860311,15.14,15.14,15.14,15.14,0,156
860312,15.5,15.64,15.5,15.64,1,157
860313,15.7,15.7,14.64,14.64,48,205
860314,14.6,14.6,14.59,14.59,6,205
860317,15.2,15.2,14.3,15.09,36,229
860318,15.45,15.45,15.45,15.45,10,219
860319,14.81,14.81,14.81,14.81,0,219
860320,14.5,14.6,14.14,14.14,47,245
860321,14.2,15.11,14.2,15.11,50,295
860324,14.11,14.11,14.11,14.11,238,501
860325,13.95,14,13.74,13.74,8,496
860326,13.97,13.97,12.99,12.99,10,498
860327,12.8,12.9,12.45,12.45,233,699
860331,12.5,12.5,11.79,11.79,36,699
860401,11.5,12.52,11.35,12.52,40,729
860402,13.25,13.52,12.95,12.95,130,778
860403,12.7,13.26,12.65,13.26,20,783
860404,13.8,14,13.65,13.99,20,786
860407,14.75,14.75,14.2,14.69,123,863
860408,14.2,14.2,13.24,13.24,17,843
860409,13.1,13.75,13.1,13.38,11,846
860410,14.12,14.12,13.42,13.42,37,871
860411,13.6,14,13.4,13.46,188,881
860414,13.45,13.45,12.89,12.89,35,911
860415,13.7,13.7,12.92,12.92,123,1009
860416,12.65,12.8,12.5,12.5,396,1247
860417,12.45,12.9,12.45,12.77,279,1454
860418,12.9,12.9,12.28,12.28,10,1461
860421,12.4,12.6,12.2,12.2,17,1463
860422,12.5,12.7,12.25,12.3,30,1458
860423,13,13,12.94,12.94,22,1463
860424,13.5,13.6,12.94,12.94,119,1482
860425,13.5,13.5,13.41,13.41,2,1482
860428,13.65,13.65,13.16,13.16,15,1483
860429,13.1,13.15,13,13.04,34,1480
860430,13.05,13.2,12.82,12.82,19,1482
860501,13.05,13.15,13,13,12,1484
860502,13.45,13.8,13.4,13.79,58,1499
860505,13.95,13.95,13.31,13.31,18,1492
860506,13.4,13.6,13.3,13.49,15,1495
860507,14.25,14.49,14.25,14.25,15,1507
860508,14.15,14.67,14.15,14.59,25,1516
860509,14.4,14.6,14.25,14.47,9,1506
860512,14.65,14.7,14.36,14.36,83,1499
860513,13.9,14.2,13.7,14.2,63,1477
860514,14.35,14.35,13.88,13.88,14,1441
860515,14.05,14.15,13.91,13.91,123,1417
860516,14.15,14.4,14.05,14.25,31,1417
860519,14.4,14.95,14.4,14.95,83,1432
860520,14.65,14.9,13.95,13.95,55,1436
860521,13.5,14.1,13.5,13.65,8,1432
860522,13.6,13.89,13.5,13.89,35,1436
860523,13.95,14.1,13.95,14.04,15,1439
860527,13.9,13.9,13.7,13.76,48,1440
860528,13.65,13.8,13.6,13.74,13,1448
860529,13.6,13.8,13.6,13.75,11,1454
860530,13.75,13.75,13.48,13.48,56,1452
860602,13.35,13.4,13.02,13.02,48,1453
860603,13.2,13.27,13.1,13.26,14,1452
860604,13,13.15,12.8,13.1,93,1468
860605,13.38,13.38,13.15,13.32,38,1470
860606,13.35,13.4,13.05,13.05,32,1491
860609,13,13.03,13,13,36,1483
860610,13.02,13.02,12.85,12.85,6,1483
860611,13.38,13.65,13.38,13.52,33,1492
860612,13.35,13.55,13.35,13.5,36,1495
860613,13.4,13.65,13.4,13.56,12,1502
860616,13.68,13.68,13.25,13.25,8,1502
860617,13.2,13.3,13.18,13.18,1,1500
860618,13,13,12.91,12.91,19,1501
860619,12.95,13.03,12.95,13.03,3,1504
860620,13.25,13.25,12.95,12.96,23,1521
860623,13.15,13.15,12.85,12.91,114,1586
860624,12.85,12.95,12.83,12.83,254,1759
860625,13,13.17,13,13.17,31,1754
860626,13.6,13.6,13.01,13.01,112,1831
860627,13.3,13.43,13.24,13.32,78,1859
860630,12.9,13,12.82,12.82,87,1890
860701,12.7,12.8,12.54,12.54,133,1957
860702,12.5,12.55,12.3,12.3,107,2001
860707,12.1,12.1,11.75,11.78,236,2119
860708,11.7,11.94,11.6,11.94,279,2156
860709,11.95,11.95,11.3,11.41,200,2285
860710,11.6,11.7,11.4,11.56,100,2285
860711,11.44,11.45,10.97,10.97,288,2308
860714,10.85,10.89,10.5,10.88,277,2374
860715,11,11.88,11,11.62,369,2447
860716,11.5,12.14,11.3,12.14,84,2461
860717,12.35,12.35,11.25,11.51,296,2509
860718,11.55,12.1,11.5,11.77,33,2514
860721,12.05,12.21,12,12.01,64,2480
860722,11.7,11.7,11.5,11.6,152,2580
860723,11.3,11.58,11.1,11.42,612,2845
860724,11.5,11.7,11.45,11.54,57,2839
860725,11.5,11.6,11.22,11.24,411,2933
860728,11.05,11.38,11.05,11.38,132,2898
860729,11.6,11.9,11.45,11.76,151,2960
860730,12,12.05,11.75,11.98,52,2927
860731,11.95,11.95,11.25,11.44,183,2999
860801,11.6,11.77,11.5,11.75,100,3063
860804,12.1,12.75,12.1,12.75,98,3080
860805,14.25,14.25,14.25,14.25,475,3426
860806,14.3,14.75,14.15,14.67,446,3594
860807,14.7,15.1,14.5,15.06,612,3422
860808,14.51,14.7,14.2,14.45,151,3406
860811,14.55,14.65,14.31,14.31,125,3395
860812,14.5,15.25,14.5,14.97,356,3457
860813,14.95,15.3,14.9,15.2,209,3449
860814,15.1,15.35,15.05,15.35,159,3420
860815,15.4,15.67,15.4,15.56,237,3465
860818,15.52,15.75,15.45,15.45,84,3453
860819,15.1,15.2,14.95,15.1,193,3590
860820,15,15.48,15,15.42,96,3565
860821,15.6,15.6,15.34,15.41,297,3610
860822,15.35,15.41,15.33,15.41,15,3600
860825,15.4,15.46,15.4,15.45,216,3661
860826,15.55,15.7,15.55,15.62,169,3681
860827,15.7,15.7,15.4,15.61,186,3692
860828,15.52,15.63,15.5,15.63,98,3715
860829,15.55,15.65,15.55,15.65,276,3716
860902,15.85,16,15.73,16,232,3712
860903,16,16.05,15.87,15.87,274,3700
860904,15.93,16.05,15.88,15.97,634,3747
860905,16.15,16.2,16.12,16.16,217,3853
860908,16,16,15.16,15.33,403,3901
860909,14.9,15.18,14.8,14.99,311,3937
860910,14.8,15,14.4,14.5,415,4350
860911,14.7,14.76,14.24,14.76,723,4644
860912,14.78,14.83,14.65,14.77,230,4722
860915,14.45,14.48,14.2,14.26,764,4859
860916,14,14.02,13.7,13.91,330,4924
860917,13.9,14.17,13.9,14.05,412,5087
860918,14.35,14.6,14.32,14.6,238,5147
860919,14.85,14.85,14.49,14.49,1532,5712
860922,14.2,14.35,14.17,14.24,458,5865
860923,14.08,14.41,14.03,14.41,1588,7014
860924,14.5,14.72,14.5,14.53,839,7119
860925,14.4,14.47,14.26,14.28,567,7157
860926,14.35,14.62,14.35,14.45,1738,7749
860929,14.77,14.95,14.64,14.95,958,7852
860930,15.05,15.08,14.78,14.8,1719,7798
861001,14.85,15.21,14.8,15.21,1467,7517
861002,15.25,15.55,15.25,15.51,2171,8273
861003,15.23,15.4,15.07,15.15,2239,9152
861006,14.92,15.44,14.92,15.19,1566,9728
861007,15.5,15.8,15.5,15.78,1605,9882
861008,15.85,15.9,15.67,15.8,1560,10137
861009,15.68,15.71,15.3,15.52,1562,10344
861010,15.5,15.55,15.2,15.26,495,10571
861013,15.3,15.31,14.4,14.63,2323,11692
861014,14.55,14.8,14.35,14.8,3369,11410
861015,14.93,15.1,14.85,15.03,4160,12018
861016,14.87,14.95,14.52,14.76,3186,11360
861017,14.68,15.25,14.64,15.23,4813,12079
861020,15.5,15.75,15.45,15.74,2438,12081
861021,15.62,16.05,15.58,15.9,4277,13177
861022,15.78,15.8,15.45,15.52,3877,12527
861023,15.45,15.48,15.26,15.35,2712,12780
861024,15.35,15.45,15.25,15.31,2251,13124
861027,15.12,15.15,14.62,14.64,4207,13982
861028,14.4,14.72,14.3,14.4,3067,14018
861029,14.5,14.5,13.75,13.97,6818,16973
861030,14.35,14.97,14.2,14.97,7140,17779
861031,15.75,15.9,15.47,15.5,8116,18760
861103,15.42,15.47,15.08,15.12,4392,18670
861104,15.12,15.44,15.09,15.32,6584,19472
861105,15.38,15.5,15.28,15.33,4203,20227
861106,15.46,15.56,15.4,15.42,3572,21017
861107,15.56,15.6,15.27,15.32,6331,21585
861110,15.52,15.55,15.25,15.38,5020,22200
861111,15.47,15.6,15.42,15.58,6104,22765
861112,15.52,15.63,15.39,15.52,5970,24507
861113,15.4,15.8,15.35,15.68,8650,25422
861114,15.8,15.91,15.61,15.75,10658,26631
861117,15.9,15.9,15.55,15.6,5336,26810
861118,15.5,15.65,15.45,15.63,6543,28417
861119,15.7,15.76,15.58,15.6,5968,28314
861120,15.47,15.6,15.37,15.42,11491,29901
861121,15.36,15.49,15.29,15.45,6429,30142
861124,15.45,15.45,15,15.09,9073,31393
861125,14.9,15.15,14.85,15.04,14763,32134
861126,15.25,15.33,15.05,15.12,8480,31517
861201,15.23,15.5,15.22,15.46,9817,32098
861202,15.47,15.54,15.28,15.32,10999,34076
861203,15.39,15.42,15.2,15.23,11051,37841
861204,15.17,15.33,15.09,15.31,11568,38992
861205,15.31,15.37,15.18,15.26,6224,39574
861208,15.23,15.3,15.1,15.13,9566,40464
861209,15.01,15.14,14.98,15.1,14177,42553
861210,15.03,15.34,15.02,15.24,15700,41788
861211,15.4,15.79,15.38,15.68,26257,49307
861212,16.2,16.45,15.8,16.29,37675,50898
861215,16.4,16.85,16.4,16.58,38953,49854
861216,16.38,16.63,16.16,16.39,28196,52963
861217,16.25,16.31,16.02,16.11,29774,51255
861218,15.85,16.7,15.6,16.38,49206,56024
861219,16.75,16.99,16.3,16.39,40088,62391
861222,17.3,17.5,17.1,17.22,33903,55543
861223,17.15,17.19,16.89,16.91,21469,51884
861224,16.98,17.3,16.88,17.27,9194,51300
861229,17.4,17.72,17.4,17.65,14014,50147
861230,17.58,17.67,17.45,17.65,11101,48610
861231,17.85,18,17.8,17.94,10593,49215
870102,17.9,18.19,17.9,18.13,11923,49588
870105,18.15,18.29,17.93,17.95,15045,46958
870106,17.91,18.23,17.88,18.22,12785,41082
870107,18.25,18.28,18.1,18.25,8576,39753
870108,18.4,18.6,18.36,18.57,14604,34851
870109,18.5,18.78,18.42,18.77,14082,32777
870112,18.99,19.2,18.9,19.01,11489,29782
870113,18.86,18.95,18.71,18.89,8741,27870
870114,18.95,19.15,18.82,19.13,12182,27105
870115,19.22,19.43,19.12,19.14,13920,25560
870116,19.1,19.2,18.95,19.1,10867,20121
870119,19.1,19.1,18.68,18.7,15703,16837
870120,18.45,18.74,18.45,18.72,16247,7729
