870811,20.1,20.25,20.1,20.25,53,52
870812,20.19,20.19,20.19,20.19,0,50
870813,20.16,20.16,20.16,20.16,0,50
870814,19.97,19.97,19.97,19.97,0,50
870817,19.62,19.62,19.62,19.62,0,50
870818,19.55,19.55,19.55,19.55,0,50
870819,19.44,19.44,19.44,19.44,0,50
870820,19.23,19.23,19.23,19.23,0,50
870821,18.94,18.94,18.94,18.94,0,50
870824,18.73,18.73,18.73,18.73,0,50
870825,18.74,18.74,18.74,18.74,0,50
870826,19.18,19.18,19.18,19.18,0,50
870827,19.21,19.21,19.21,19.21,0,50
870828,18.98,18.98,18.98,18.98,0,50
870831,19.26,19.26,19.26,19.26,0,50
870901,19.21,19.21,19.21,19.21,0,50
870902,19.35,19.35,19.28,19.28,55,102
870903,19.1,19.3,19.1,19.29,85,134
870904,19.08,19.2,19.08,19.08,20,154
870908,18.83,18.83,18.83,18.83,0,154
870909,18.94,19.13,18.94,19.13,397,504
870910,19.2,19.31,19.2,19.31,5,509
870911,19.2,19.2,18.9,18.96,26,532
870914,18.75,19.1,18.75,19.06,230,707
870915,18.95,19,18.9,18.9,400,1032
870916,18.9,18.95,18.9,18.9,104,1121
870917,18.95,18.95,18.82,18.82,101,1217
870918,18.7,18.78,18.7,18.78,50,1267
870921,18.93,19.05,18.93,19.05,150,1417
870922,19.08,19.08,18.95,18.95,263,1672
870923,18.94,19.3,18.94,19.3,171,1813
870924,19.15,19.15,19.15,19.15,0,1813
870925,19,19,19,19,0,1793
870928,19.02,19.02,19.02,19.02,0,1792
870929,19.09,19.09,19.09,19.09,0,1792
870930,19.07,19.07,19.07,19.07,0,1792
871001,19.13,19.13,19.13,19.13,0,1792
871002,19.39,19.39,19.39,19.39,0,1792
871005,19.28,19.28,19.28,19.28,0,1792
871006,19.3,19.3,18.8,18.94,5,1797
871007,19.1,19.2,19.1,19.2,419,1822
871008,19.04,19.04,19.04,19.04,25,1847
871009,19.1,19.1,18.99,18.99,135,1855
871012,18.9,18.97,18.9,18.97,57,1855
871013,18.9,19.12,18.9,19.12,9,1856
871014,19.15,19.15,19.15,19.15,26,1850
871015,19.15,19.18,19.15,19.18,19,1857
871016,19.5,19.78,19.5,19.78,160,1857
871019,19.65,19.7,19.54,19.54,202,1891
871020,19.7,19.7,19.47,19.47,50,1842
871021,19.72,19.72,19.68,19.68,71,1794
871022,19.75,19.8,19.72,19.8,11,1794
871023,19.64,19.64,19.64,19.64,7,1787
871026,19.45,19.45,19.35,19.35,16,1787
871027,19.14,19.2,19.14,19.19,69,1788
871028,19.2,19.2,19.16,19.16,58,1788
871029,19.18,19.18,19.08,19.08,1,1788
871030,19.09,19.2,19.09,19.19,7,1791
871102,19.08,19.1,19,19.01,54,1789
871103,18.91,18.91,18.82,18.83,5,1791
871104,18.7,18.7,18.48,18.48,116,1789
871105,18.35,18.55,18.35,18.55,54,1789
871106,18.55,18.55,18.37,18.37,692,2394
871109,18.3,18.3,18.28,18.28,23,2394
871110,18.48,18.5,18.48,18.5,27,2394
871111,18.38,18.39,18.38,18.39,10,2394
871112,18.45,18.65,18.39,18.39,0,2394
871113,18.29,18.3,18.22,18.28,56,2394
871116,18.15,18.17,18.1,18.17,25,2389
871117,18,18.15,17.93,18.15,73,2399
871118,18,18.43,18,18.43,20,2414
871119,18.34,18.35,18.17,18.17,81,2423
871120,18.2,18.2,18.2,18.2,31,2423
871123,18.38,18.38,18.26,18.26,20,2427
871124,18.4,18.45,18.31,18.31,53,2417
871125,18.3,18.3,18.3,18.3,4,2413
871130,18.15,18.15,18.1,18.1,30,2403
871201,18,18.08,17.99,18.08,299,2428
871202,18.05,18.07,18.03,18.03,25,2437
871203,18.17,18.2,18.01,18.14,124,2507
871204,18.2,18.2,17.98,17.98,33,2474
871207,17.93,17.93,17.64,17.64,12,2475
871208,17.6,17.6,17.36,17.36,42,2496
871209,17.05,17.52,17.05,17.52,7,2493
871210,17.5,17.67,17.5,17.67,2,2493
871211,17.57,17.6,17.56,17.56,6,2499
871214,16.85,16.85,16.65,16.65,69,2520
871215,16.5,16.5,16.1,16.16,759,2917
871216,16.25,16.25,15.51,15.56,481,3401
871217,15.05,15.52,14.8,15.52,941,3966
871218,15.7,15.75,15.16,15.16,235,3978
871221,15.25,15.25,15.02,15.09,68,3952
871222,15.75,16.09,15.75,16.09,3,3951
871223,16.4,16.53,16.21,16.33,252,3953
871224,16.32,16.32,16.26,16.26,40,3953
871228,16.11,16.14,16.11,16.13,106,3973
871229,16.21,16.45,16.21,16.45,5,3975
871230,16.5,16.5,16.36,16.36,1,3974
871231,16.25,16.3,16.21,16.21,107,3994
880104,16.48,16.98,16.48,16.98,1305,3264
880105,17.1,17.21,16.76,17.14,662,3655
880106,17.13,17.13,17.13,17.13,1,3641
880107,16.95,16.95,16.68,16.68,100,3648
880108,16.8,16.8,16.71,16.71,67,3706
880111,16.59,16.59,16.22,16.22,178,3746
880112,15.55,16.07,15.55,16.07,257,3755
880113,16.23,16.23,15.9,15.95,563,3780
880114,15.98,16.61,15.9,16.61,816,4316
880115,16.44,16.44,16.27,16.34,229,4290
880118,16.48,16.85,16.48,16.85,105,4292
880119,16.92,17,16.89,16.89,27,4283
880120,16.68,16.96,16.65,16.96,35,4280
880121,16.88,16.96,16.56,16.56,305,4355
880122,16.5,16.65,16.3,16.41,56,4364
880125,16.25,16.54,16.25,16.54,19,4358
880126,16.5,16.59,16.47,16.59,130,4443
880127,16.45,16.45,16.35,16.37,99,4402
880128,16.3,16.5,16.3,16.5,80,4452
880129,16.54,16.54,16.4,16.46,140,4377
880201,16.39,16.44,16.36,16.36,256,4515
880202,16.5,16.55,16.46,16.46,70,4430
880203,16.65,16.68,16.63,16.67,352,4480
880204,16.85,16.87,16.67,16.67,125,4483
880205,16.75,16.82,16.73,16.82,292,4567
880208,17,17.12,16.96,17.12,145,4693
880209,17.04,17.06,16.89,16.97,184,4699
880210,16.86,16.87,16.7,16.74,594,4998
880211,16.74,16.8,16.7,16.79,363,5085
880212,16.65,16.65,16.46,16.46,514,5515
880216,16.46,16.46,16.28,16.31,281,5861
880217,16.55,16.55,16.26,16.26,415,5828
880218,16.1,16.2,16.05,16.08,348,5891
880219,16.07,16.33,16.07,16.33,223,6027
880222,16.16,16.16,16.01,16.1,194,6112
880223,16.17,16.28,16.17,16.22,540,6170
880224,16.3,16.3,16.07,16.13,625,6051
880225,15.84,15.9,15.5,15.66,869,6210
880226,15.5,15.69,15.5,15.56,1056,6338
880229,15.65,15.87,15.65,15.75,536,6592
880301,15.6,15.6,15.39,15.55,1314,6918
880302,15.35,15.55,15.3,15.48,1733,7846
880303,15.63,15.63,15.31,15.31,1606,7995
880304,15.25,15.54,15.21,15.41,2295,8022
880307,15.3,15.32,15.14,15.25,1504,8266
880308,15.25,15.4,15.19,15.34,4122,10032
880309,15.47,15.52,15.34,15.38,3585,10878
880310,15.69,15.94,15.58,15.86,1405,11151
880311,16.02,16.13,15.98,16.09,2150,11319
880314,15.7,15.72,15.35,15.4,1927,12250
880315,15.38,15.51,15.3,15.49,675,12449
880316,15.6,15.83,15.53,15.73,1293,12812
880317,15.72,15.86,15.45,15.86,1812,13122
880318,15.95,16.05,15.86,16.01,1545,13246
880321,16.2,16.45,16.05,16.07,801,12965
880322,15.85,16.25,15.84,16.18,1615,13388
880323,16.1,16.7,16.1,16.63,641,13299
880324,16.8,16.85,16.54,16.67,1147,13700
880325,16.55,16.81,16.55,16.79,757,13721
880328,16.75,16.95,16.73,16.86,1521,13299
880329,16.73,16.8,16.68,16.74,2800,13998
880330,16.84,16.92,16.83,16.83,2692,14496
880331,16.76,16.86,16.73,16.84,1442,15098
880404,16.81,16.84,16.75,16.76,1131,15278
880405,16.7,16.7,16.53,16.54,1375,15900
880406,16.47,16.59,16.4,16.57,1111,16352
880407,16.6,16.81,16.55,16.81,1221,16628
880408,16.84,16.84,16.61,16.61,1983,17244
880411,17.34,17.52,17.3,17.51,5857,18964
880412,17.47,17.71,17.46,17.7,6001,20029
880413,17.59,17.82,17.55,17.78,1902,19320
880414,17.88,18.01,17.86,18.01,3146,19337
880415,18.05,18.16,17.96,18.08,5352,19849
880418,18.5,18.57,18.31,18.34,6511,20722
880419,18.08,18.15,17.92,17.95,4177,20631
880420,17.79,17.85,17.65,17.83,4891,20058
880421,18,18.22,18,18.19,3755,19120
880422,18.29,18.32,18.05,18.15,3918,19101
880425,18.22,18.29,18.15,18.27,3740,19387
880426,18.33,18.47,18.21,18.46,4087,19023
880427,18.51,18.65,18.05,18.15,7600,20503
880428,18.14,18.26,17.83,17.89,4198,20710
880429,17.62,17.92,17.5,17.89,6716,21800
880502,17.07,17.25,17,17.12,10952,25001
880503,17.21,17.41,17.2,17.4,10847,25229
880504,17.25,17.41,17.25,17.35,9838,28135
880505,17.4,17.53,17.38,17.47,8092,29067
880506,17.57,17.75,17.57,17.73,8092,29802
880509,17.72,17.74,17.59,17.63,6713,31143
880510,17.53,17.66,17.52,17.65,7134,33261
880511,17.73,17.81,17.66,17.7,12651,37190
880512,17.63,17.74,17.59,17.71,10394,38807
880513,17.77,17.79,17.7,17.73,7521,39924
880516,17.84,18.01,17.82,17.96,9723,40786
880517,18.06,18.07,17.86,17.95,12209,42628
880518,17.76,17.81,17.68,17.71,13762,44897
880519,17.65,17.9,17.62,17.84,12605,45422
880520,17.85,17.91,17.79,17.87,12342,48823
880523,17.77,17.78,17.51,17.52,21278,51795
880524,17.49,17.63,17.44,17.56,20746,54496
880525,17.48,17.58,17.42,17.56,14042,55836
880526,17.5,17.78,17.48,17.76,16004,57265
880527,17.72,17.82,17.65,17.67,13993,58138
880531,17.65,17.77,17.62,17.71,14771,59880
880601,17.83,17.85,17.69,17.72,18017,60607
880602,17.82,17.86,17.72,17.83,21407,62961
880603,17.84,17.86,17.66,17.68,12090,64890
880606,17.63,17.63,17.32,17.37,31158,67662
880607,17.43,17.54,17.42,17.45,25299,65103
880608,17.41,17.46,17.34,17.4,23775,67806
880609,17.44,17.48,17.1,17.12,25372,67064
880610,17.1,17.14,16.78,16.81,48050,73625
880613,16.62,16.69,16.5,16.57,35703,69193
880614,16.75,16.96,16.72,16.93,36031,67460
880615,16.78,16.87,16.61,16.62,40447,67297
880616,16.42,16.8,16.42,16.78,45633,65924
880617,16.7,16.76,16.53,16.57,34922,61279
880620,16.43,16.49,16.25,16.27,43039,67037
880621,16.33,16.4,16.15,16.36,38818,66353
880622,16.25,16.48,16.2,16.44,28339,64408
880623,16.5,16.52,16.31,16.37,23311,63068
880624,16.27,16.32,16,16.01,41374,65269
880627,15.9,15.97,15.78,15.86,31772,64341
880628,15.8,16.03,15.76,15.78,20751,60976
880629,16,16.05,15.39,15.43,40914,63538
880630,15.38,15.49,15.08,15.16,33579,62555
880701,15.33,15.44,14.8,14.94,33943,73751
880705,15.14,15.17,14.8,15.09,21009,66443
880706,15.2,15.44,15.18,15.36,20328,49374
880707,15.8,16.35,15.6,15.83,35423,47094
880708,15.55,15.72,15.44,15.46,19786,45616
880711,15.1,15.2,14.7,14.78,23224,40790
880712,14.45,14.98,14.42,14.72,19852,42196
880713,14.5,14.79,14.43,14.44,16846,37503
880714,14.55,14.8,14.44,14.76,13980,34898
880715,14.9,14.99,14.61,14.86,17767,35537
880718,15.44,15.9,15.24,15.7,24124,28471
880719,15.53,15.58,15.2,15.23,25274,19026
880720,15.1,15.82,15,15.66,16367,9769
