890217,16.1,16.1,16.07,16.07,40,40
890221,15.98,15.98,15.98,15.98,0,40
890222,16.27,16.27,16.27,16.27,0,40
890223,16.23,16.23,16.23,16.23,0,40
890224,16.29,16.29,16.29,16.29,0,40
890227,16.16,16.16,16.16,16.16,0,40
890228,16.26,16.26,16.26,16.26,0,40
890301,16.36,16.36,16.36,16.36,0,40
890302,16.53,16.53,16.53,16.53,0,40
890303,16.35,16.35,16.35,16.35,0,40
890306,16.55,16.55,16.55,16.55,0,40
890307,16.6,16.6,16.34,16.34,1,41
890308,16.77,16.77,16.77,16.77,0,41
890309,16.75,16.75,16.75,16.75,0,41
890310,16.7,16.7,16.7,16.7,0,41
890313,16.95,16.95,16.83,16.83,1,42
890314,16.73,16.73,16.73,16.73,0,42
890315,17.05,17.05,16.86,16.86,11,43
890316,16.95,16.95,16.86,16.86,1,44
890317,17.1,17.1,16.87,16.87,4,44
890320,16.88,16.88,16.88,16.88,0,46
890321,17.1,17.18,17.1,17.18,12,54
890322,17.25,17.35,17.09,17.16,14,60
890323,17.15,17.25,17.04,17.24,101,124
890327,17.34,17.34,17.34,17.34,2,125
890328,17.2,17.2,16.86,16.86,303,134
890329,17.19,17.19,17.19,17.19,36,447
890330,17.48,17.7,17.48,17.54,66,463
890331,17.7,17.8,16.85,16.85,95,450
890403,17.3,17.3,16.53,16.53,18,515
890404,16.75,16.85,16.75,16.75,169,603
890405,16.7,16.7,16.19,16.19,131,722
890406,16.67,16.8,16.55,16.55,60,760
890407,16.64,17.02,16.63,17.02,77,783
890410,17,17.1,17,17.1,205,869
890411,17.2,17.2,16.87,16.87,13,869
890412,16.9,16.9,16.8,16.9,181,1027
890413,17,17,16.71,16.71,225,1033
890414,17.15,17.15,17.15,17.15,0,1033
890417,17.1,17.25,17.1,17.25,147,1058
890418,17.15,17.21,17.15,17.21,141,1138
890419,17.35,17.4,17.15,17.23,72,1124
890420,17.31,17.36,17.25,17.25,691,1578
890421,17.45,17.57,17.45,17.57,28,1572
890424,17.55,17.75,17.03,17.03,165,1535
890425,17.13,17.25,17.01,17.01,440,1827
890426,17.05,17.1,16.8,16.87,176,1922
890427,16.78,16.82,16.78,16.81,215,2002
890428,16.84,17.25,16.84,17.25,22,2013
890501,17.3,17.41,17.3,17.41,183,2110
890502,17.4,17.4,17,17,292,2177
890503,17.12,17.47,17.12,17.47,214,2305
890504,17.27,17.4,17.27,17.34,145,2311
890505,17.2,17.2,17.1,17.1,18,2310
890508,17.1,17.1,16.95,16.95,191,2394
890509,17.1,17.1,16.96,16.96,285,2491
890510,17.05,17.05,17.01,17.01,103,2514
890511,17.08,17.2,17.03,17.03,107,2490
890512,17.03,17.05,16.98,16.98,202,2606
890515,16.9,16.95,16.9,16.9,70,2649
890516,17.06,17.1,17,17.01,95,2642
890517,16.9,16.9,16.8,16.8,5,2638
890518,16.85,17.08,16.75,16.87,319,2722
890519,17.05,17.05,16.89,16.89,91,2768
890522,16.75,16.75,16.64,16.64,10,2766
890523,16.87,16.93,16.76,16.76,144,2684
890524,17.25,17.25,17.22,17.22,1,2679
890525,17.25,17.42,17.25,17.28,196,1570
890526,17.32,17.42,17.32,17.42,50,2587
890530,17.45,17.45,17.3,17.3,1,2618
890531,17.3,17.3,17.23,17.23,1,2617
890601,17.27,17.27,17.27,17.27,0,2617
890602,17.23,17.92,17.23,17.92,105,2682
890605,18,18.27,17.98,18.26,258,2777
890606,18.2,18.2,17.94,18.09,598,2552
890607,17.9,17.9,17.56,17.56,225,2546
890608,17.5,17.72,17.5,17.7,78,2551
890609,17.7,17.75,17.46,17.46,241,2587
890612,17.21,17.21,16.94,16.94,200,2566
890613,17.1,17.1,16.74,16.74,334,2437
890614,16.95,16.95,16.7,16.8,3222,2823
890615,16.92,16.98,16.92,16.98,2301,2976
890616,16.91,16.95,16.82,16.93,1051,3397
890619,16.9,16.95,16.83,16.95,147,3349
890620,17,17,16.9,16.9,729,3402
890621,16.95,17.32,16.95,17.32,1958,4552
890622,17.37,17.52,17.35,17.42,678,4700
890623,17.62,17.68,17.57,17.66,4201,5576
890626,17.83,17.83,17.65,17.81,578,5774
890627,17.7,17.95,17.66,17.95,839,5914
890628,17.8,17.85,17.6,17.68,113,5975
890629,17.55,17.83,17.55,17.83,1014,6181
890630,17.9,17.9,17.82,17.85,107,6176
890705,18.05,18.1,18.05,18.07,169,6314
890706,18.18,18.18,17.73,17.73,639,6607
890707,17.77,17.79,17.77,17.79,90,6565
890710,17.69,17.76,17.69,17.74,323,6596
890711,17.7,17.95,17.7,17.86,755,6679
890712,18.08,18.1,17.85,17.85,851,7248
890713,17.87,18.27,17.87,18.27,2499,9204
890714,18.3,18.32,18.23,18.32,1185,9279
890717,18.3,18.76,18.3,18.76,980,9141
890718,18.65,18.8,18.48,18.48,477,9166
890719,18.27,18.37,18.27,18.36,52,9218
890720,18.5,18.6,18.5,18.59,2217,10268
890721,18.59,18.59,18.54,18.57,982,10296
890724,18.35,18.35,18,18.14,657,10426
890725,18.15,18.38,18.1,18.1,881,10012
890726,18.16,18.21,18.08,18.08,4028,10887
890727,18.25,18.25,17.95,17.97,1014,10605
890728,18.05,18.05,17.76,17.83,1427,11496
890731,17.9,18.1,17.9,17.98,2312,11495
890801,18,18,17.67,17.74,977,11389
890802,17.58,17.76,17.45,17.76,1445,11383
890803,17.74,17.74,17.51,17.65,1017,11354
890804,17.57,17.62,17.49,17.49,366,11366
890807,17.45,17.46,17.41,17.44,311,11405
890808,17.49,17.56,17.47,17.52,1124,11680
890809,17.49,17.66,17.49,17.65,434,11869
890810,17.85,17.93,17.81,17.9,464,11566
890811,17.91,17.91,17.75,17.76,839,11455
890814,17.68,17.75,17.64,17.64,406,11592
890815,17.64,17.78,17.64,17.68,319,11650
890816,17.75,17.85,17.74,17.85,1144,12100
890817,17.95,17.95,17.89,17.89,901,11832
890818,17.91,17.95,17.89,17.89,886,11982
890821,17.92,18.03,17.85,18.03,2946,13646
890822,18.02,18.17,18.02,18.15,470,13584
890823,18.08,18.16,18.05,18.16,650,13573
890824,18.09,18.09,17.95,18.02,1302,14051
890825,17.9,18.02,17.9,18.02,2718,14682
890828,18,18.07,18,18.07,399,14571
890829,18.09,18.11,18.02,18.02,706,14496
890830,18.09,18.27,18.04,18.27,644,14658
890831,18.34,18.42,18.32,18.41,1251,14902
890901,18.35,18.42,18.31,18.37,236,14873
890905,18.47,18.5,18.45,18.5,943,14909
890906,18.6,18.72,18.58,18.61,2379,14666
890907,18.67,18.67,18.54,18.57,1484,14837
890908,18.51,18.76,18.49,18.76,762,15134
890911,18.74,18.89,18.73,18.83,1884,15173
890912,18.8,18.85,18.75,18.76,784,15270
890913,18.87,18.96,18.78,18.78,1602,15405
890914,18.89,18.89,18.55,18.64,572,15434
890915,18.56,18.83,18.56,18.83,1106,15376
890918,18.86,18.9,18.76,18.76,2081,16141
890919,18.67,18.83,18.65,18.67,2825,16737
890920,18.81,19,18.81,19,1127,16792
890921,19.18,19.19,19.03,19.03,2320,17003
890922,18.98,18.99,18.74,18.74,2705,17994
890925,18.55,18.96,18.51,18.95,2731,17798
890926,18.86,19.1,18.84,19.02,1181,17944
890927,19.11,19.18,18.93,19.16,698,18061
890928,19.24,19.29,19.14,19.25,1550,17989
890929,19.33,19.37,19.29,19.37,1561,17954
891002,19.42,19.48,19.27,19.27,1532,17946
891003,19.25,19.44,19.25,19.37,687,18213
891004,19.32,19.39,19.28,19.31,1038,18286
891005,19.13,19.2,19.11,19.2,1064,18354
891006,19.17,19.17,19.11,19.11,785,18801
891009,19.17,19.26,19.1,19.26,189,18572
891010,19.33,19.45,19.3,19.4,1613,19072
891011,19.5,19.59,19.44,19.44,3698,19136
891012,19.45,19.7,19.45,19.68,1258,19516
891013,19.84,19.89,19.73,19.77,2654,18731
891016,19.52,19.75,19.33,19.55,2776,19583
891017,19.75,19.83,19.7,19.73,2716,20279
891018,19.85,19.85,19.53,19.58,953,20885
891019,19.51,19.74,19.49,19.74,2870,27433
891020,19.75,19.77,19.54,19.58,3666,21998
891023,19.52,19.54,19.3,19.3,1286,22199
891024,19.3,19.38,19.22,19.28,2267,22175
891025,19.33,19.45,19.3,19.33,4274,21278
891026,19.1,19.2,19.04,19.09,3348,21591
891027,19.17,19.3,19.1,19.3,2554,21458
891030,19.3,19.3,19.05,19.14,4325,21214
891031,19.09,19.28,19.01,19.28,3641,22117
891101,19.26,19.48,19.26,19.42,4500,22365
891102,19.45,19.6,19.32,19.38,11179,24647
891103,19.4,19.52,19.34,19.52,1344,24490
891106,19.61,19.62,19.38,19.46,751,23886
891107,19.44,19.54,19.42,19.46,1518,23864
891108,19.4,19.43,19.35,19.39,2033,23905
891109,19.42,19.59,19.4,19.57,4123,23191
891110,19.57,19.57,19.4,19.44,1011,23304
891113,19.31,19.35,19.26,19.27,1581,24061
891114,19.2,19.33,19.2,19.22,3632,23931
891115,19.25,19.31,19.13,19.24,1977,23648
891116,19.32,19.45,19.3,19.44,6054,25108
891117,19.47,19.53,19.38,19.49,3164,25928
891120,19.49,19.65,19.43,19.65,5158,27210
891121,19.63,19.69,19.56,19.58,6501,27487
891122,19.55,19.61,19.45,19.5,6921,28771
891124,19.45,19.62,19.44,19.55,2524,28788
891127,19.55,19.57,19.29,19.31,4761,28548
891128,19.43,19.43,18.76,18.88,11293,31147
891129,19.01,19.03,18.82,18.95,14826,34538
891130,19.05,19.48,19,19.47,13087,36739
891201,19.44,20,19.38,19.91,11725,36477
891204,20.05,20.23,19.89,19.9,11497,35034
891205,19.98,20.05,19.82,20.01,6949,36002
891206,19.95,20.13,19.95,20.11,6247,36696
891207,20.22,20.26,20.1,20.12,6494,37919
891208,20,20.18,19.94,20.17,7144,39690
891211,20.34,20.42,20.24,20.32,8010,45353
891212,20.21,20.36,20.16,20.18,8482,45705
891213,20.38,20.38,20.12,20.17,9519,42187
891214,20.18,20.24,20.05,20.07,8812,42854
891215,20.12,20.47,20.1,20.37,11909,45554
891218,20.49,20.93,20.45,20.88,19986,49453
891219,21,21.05,20.67,20.79,18639,53923
891220,20.95,21.08,20.63,20.69,20519,53816
891221,20.65,21.1,20.61,21.05,19300,54584
891222,21.08,21.2,20.4,20.78,12974,52674
891226,20.82,21.65,20.8,21.41,18193,52722
891227,21.45,21.57,21.25,21.4,20965,53903
891228,21.46,21.5,21.03,21.15,16547,50926
891229,21.35,21.58,21.23,21.49,15198,53657
900102,21.5,22.45,21.47,22.41,32941,55801
900103,22.68,23.05,22.46,22.97,39844,57999
900104,23.18,23.18,22.06,22.53,44670,61914
900105,22.5,22.68,21.95,22.03,42082,62494
900108,21.51,21.77,21.03,21.03,40402,65994
900109,20.93,21.37,20.9,21.23,34054,66114
900110,21.6,22,21.47,21.99,41909,68489
900111,21.85,22.2,21.63,22.17,32314,69547
900112,22.2,22.4,21.96,22.13,29501,73265
900115,22,22,21.45,21.49,36729,72160
900116,21.3,21.85,21.05,21.73,40222,73790
900117,21.33,21.48,21.1,21.26,45947,73836
900118,21.52,21.67,21.4,21.59,36099,74101
900119,21.84,22.23,21.71,22.08,46450,70958
900122,22.2,22.31,21.55,21.77,38385,69870
900123,21.5,21.68,21.3,21.6,35873,67197
900124,21.35,21.9,21.25,21.59,42542,64646
900125,21.86,22.3,21.66,22.24,48349,61790
900126,22.15,22.6,21.92,22.56,43018,65431
900129,22.53,22.85,22.38,22.8,28295,65857
900130,22.7,22.76,22.36,22.46,35596,66039
900131,22.17,22.7,22.11,22.68,39878,65463
900201,22.6,22.84,22.46,22.7,30501,63951
900202,22.7,23.05,22.66,23.02,30530,62516
900205,23,23.06,22.37,22.39,35857,61693
900206,22.45,22.72,22.3,22.51,29517,60583
900207,22.33,22.43,22.12,22.32,37489,58309
900208,22.29,22.46,22.03,22.09,32382,55744
900209,22.07,22.07,21.7,21.74,40455,60658
900212,21.75,22.06,21.65,22.03,28390,46887
900213,22.08,22.44,21.8,21.9,33481,39118
900214,21.83,22.1,21.72,22.07,23229,35507
900215,22.12,22.9,22.12,22.84,29578,32914
900216,22.72,22.95,22.21,22.42,25469,25819
900220,22.3,22.32,22.05,22.19,31353,10321
900221,22.19,22.19,22.19,22.19,0,1917
