900111,19.1,19.1,19.09,19.09,0,4
900112,19.1,19.1,18.62,18.62,4,8
900115,18.4,18.4,18.4,18.4,0,8
900116,18.4,18.4,18.37,18.37,4,12
900117,18.35,18.41,18.35,18.41,54,66
900118,18.47,18.47,18.47,18.47,0,66
900119,18.65,18.72,18.65,18.72,4,70
900122,18.79,18.79,18.79,18.79,0,70
900123,18.67,18.67,18.67,18.67,0,70
900124,18.64,18.64,18.64,18.64,0,70
900125,19.02,19.02,19.02,19.02,100,102
900126,19.28,19.28,19.28,19.28,0,102
900129,19.53,19.53,19.53,19.53,0,102
900130,19.48,19.48,19.48,19.48,18,117
900131,19.59,19.59,19.59,19.59,0,102
900201,19.67,19.67,19.67,19.67,0,102
900202,20.06,20.06,20.06,20.06,100,202
900205,20.1,20.1,19.55,19.55,650,690
900206,19.48,19.48,19.48,19.48,70,722
900207,19.38,19.58,19.38,19.58,831,1421
900208,19.78,19.78,19.73,19.73,400,1523
900209,20.29,20.29,20.29,20.29,0,1525
900212,20.27,20.42,20.27,20.42,16,1509
900213,20.43,20.51,20.43,20.51,40,1540
900214,20.57,20.57,20.57,20.57,0,1531
900215,20.82,20.97,20.73,20.97,52,1561
900216,20.7,20.7,20.7,20.7,100,1661
900220,20.49,20.49,20.49,20.49,0,1661
900221,20.39,20.39,20.39,20.39,0,1661
900222,20.57,20.57,20.57,20.57,0,1661
900223,20.82,20.82,20.82,20.82,50,1661
900226,21.13,21.52,21.13,21.52,25,1661
900227,21.45,21.45,21.13,21.13,700,1745
900228,20.99,20.99,20.88,20.88,76,1745
900301,20.65,20.65,20.55,20.55,150,1745
900302,20.46,20.56,20.46,20.56,1,1745
900305,20.52,20.9,20.52,20.9,400,1964
900306,21,21,20.76,20.76,11,1965
900307,20.72,20.72,20.72,20.72,300,1995
900308,20.55,20.62,20.55,20.59,455,2115
900309,20.36,20.36,20.36,20.36,100,2115
900312,20.09,20.09,20.09,20.09,0,2115
900313,20.25,20.25,20.11,20.11,1,2116
900314,20.13,20.26,20.13,20.26,430,1871
900315,20.45,20.45,20.39,20.43,228,1848
900316,20.48,20.48,20.48,20.48,0,1928
900319,20.53,20.53,20.53,20.53,5,1908
900320,20.54,20.54,20.44,20.44,195,2127
900321,20.51,20.51,20.37,20.37,355,2203
900322,20.37,20.37,19.97,19.97,310,2513
900323,20.04,20.04,20.04,20.04,0,2513
900326,20.05,20.05,20.05,20.05,0,2513
900327,20.05,20.19,20.05,20.19,28,2513
900328,20.3,20.32,20.3,20.31,124,2542
900329,20.25,20.44,20.25,20.44,6,2538
900330,20.67,20.67,20.67,20.67,48,2538
900402,20.84,20.84,20.84,20.84,0,2538
900403,20.79,20.79,20.72,20.72,101,2462
900404,20.73,20.73,20.48,20.48,1,2563
900405,20.24,20.24,20.24,20.24,0,2563
900406,20.38,20.38,20.27,20.27,2,2563
900409,20.29,20.29,20.29,20.29,0,2563
900410,20.29,20.29,20.1,20.1,115,2677
900411,19.9,19.9,19.81,19.81,1,2678
900412,19.74,19.75,19.56,19.56,6,2678
900416,19.8,19.8,19.74,19.76,35,2682
900417,19.97,19.97,19.82,19.82,320,2727
900418,19.72,19.75,19.61,19.61,176,2751
900419,19.9,19.94,19.8,19.8,49,2731
900420,19.81,19.81,19.81,19.81,5,2759
900423,19.98,20,19.88,19.88,14,2769
900424,19.95,20.17,19.95,20.02,219,2558
900425,19.95,19.95,19.75,19.83,53,2585
900426,19.91,19.91,19.8,19.8,22,2567
900427,19.85,19.89,19.85,19.89,50,2617
900430,20.14,20.14,20.14,20.14,0,2617
900501,20.25,20.27,20.25,20.27,7,2622
900502,20.24,20.24,20.16,20.16,75,2592
900503,19.95,19.95,19.79,19.79,297,2700
900504,19.98,19.98,19.91,19.91,69,2631
900507,19.9,20.01,19.9,20.01,130,2664
900508,20,20,19.76,19.76,23,2654
900509,19.75,19.75,19.68,19.68,215,2840
900510,19.67,19.67,19.67,19.67,0,2777
900511,19.7,19.7,19.66,19.66,156,2814
900514,19.93,19.93,19.93,19.93,0,2814
900515,20,20,20,20,0,2814
900516,20.04,20.04,20.04,20.04,0,2814
900517,20.18,20.18,20.18,20.18,0,2814
900518,20.07,20.07,20.07,20.07,0,2814
900521,19.86,19.86,19.86,19.86,0,2814
900522,19.98,19.98,19.96,19.96,40,2814
900523,19.7,19.78,19.7,19.78,11,2814
900524,19.83,19.83,19.77,19.77,22,2792
900525,19.9,19.9,19.9,19.9,41,2792
900529,20,20.16,20,20.16,160,2715
900530,20.28,20.3,20.21,20.21,40,2775
900531,20,20.19,20,20.19,94,2832
900601,20.1,20.1,20.1,20.1,0,2832
900604,19.98,20,19.87,19.87,269,2930
900605,19.7,19.76,19.61,19.61,25,2996
900606,19.75,19.85,19.73,19.74,120,3076
900607,19.7,19.76,19.49,19.49,123,3154
900608,19.44,19.64,19.42,19.64,310,3134
900611,19.49,19.49,19.38,19.47,86,3154
900612,19.6,19.6,19.57,19.57,126,3109
900613,19.55,19.62,19.55,19.62,83,3045
900614,19.76,19.76,19.76,19.76,0,3045
900615,19.63,19.63,19.63,19.63,0,3044
900618,19.53,19.53,19.38,19.38,5,3049
900619,19.47,19.55,19.38,19.38,135,3074
900620,19.47,19.47,19.43,19.43,18,3077
900621,19.55,19.55,19.45,19.45,29,3084
900622,19.6,19.72,19.6,19.72,30,3084
900625,19.59,19.59,19.59,19.59,0,3084
900626,19.56,19.56,19.56,19.56,0,3084
900627,19.52,19.58,19.44,19.44,388,3099
900628,19.4,19.51,19.4,19.51,185,3259
900629,19.4,19.45,19.28,19.28,11,3179
900702,19.05,19.05,19.05,19.05,0,3179
900703,19.12,19.12,19,19,5,3179
900705,18.95,19.06,18.95,19.06,54,3160
900706,19.02,19.02,19.02,19.02,0,3160
900709,19.29,19.29,19.29,19.29,3,3160
900710,19.33,19.52,19.33,19.51,292,3317
900711,19.49,19.82,19.49,19.82,184,3348
900712,19.77,20.62,19.77,20.62,44,3322
900713,20.62,20.67,20.5,20.67,106,3243
900716,20.8,20.94,20.78,20.94,36,3213
900717,20.65,20.96,20.65,20.96,21,3225
900718,20.96,21.05,20.95,20.95,199,3197
900719,20.95,21.05,20.93,20.93,332,3125
900720,21.03,21.04,20.84,20.84,255,3045
900723,21.06,21.29,21.06,21.29,306,2906
900724,21.35,21.55,21.33,21.33,979,2789
900725,21.31,21.31,21.31,21.31,0,2819
900726,21.22,21.39,21.22,21.39,10,2788
900727,21.53,21.53,21.4,21.46,110,2818
900730,21.63,21.75,21.6,21.75,31,2824
900731,21.7,21.75,21.7,21.73,98,2832
900801,21.75,22.12,21.7,22.12,150,2914
900802,23.02,23.02,22.35,22.92,61,2939
900803,23.75,24.42,23,23.66,1759,3693
900806,24.66,24.66,24.66,24.66,1300,3883
900807,24.8,25.25,24.8,24.96,905,4078
900808,24.5,24.51,23.73,23.73,261,3903
900809,23.55,23.65,23.1,23.17,208,3968
900810,22.98,23.26,22.89,23.26,688,4029
900814,23.6,24.26,23.5,23.91,331,3945
900815,23.4,23.91,23.4,23.9,1612,3741
900816,24.3,24.3,23.85,24.17,171,3568
900817,24.5,24.65,24.45,24.63,390,3881
900820,24.75,25.26,24.75,25.26,347,3925
900821,25.62,25.65,25,25.17,234,3835
900822,25.67,26.17,25.5,26.17,1398,3769
900823,27.57,27.67,27.35,27.52,2101,5004
900824,26.6,26.8,25.6,25.9,454,5194
900827,23.9,24,23.9,23.9,352,5404
900828,23.13,24.1,23.13,24.1,718,5542
900829,23.3,23.9,23.3,23.56,167,5518
900830,24,24.15,23.8,23.8,362,5614
900831,24.2,24.3,23.7,23.92,193,5633
900904,24.5,24.87,24.22,24.87,604,5755
900905,24.85,25.2,24.5,25.2,518,5915
900906,25.35,26.05,25.35,25.98,679,6419
900907,25.2,25.45,24.7,24.91,1901,6141
900910,24.2,25.92,24.2,25.92,205,6164
900911,25.3,25.5,24.92,24.92,405,6259
900912,25.2,25.53,25.1,25.53,197,6365
900913,25.6,25.69,25.45,25.69,159,6337
900914,25.65,26.02,25.55,26.02,865,6701
900917,26.1,26.49,26,26.49,214,6852
900918,26.59,26.77,25.8,26.77,277,6928
900919,26.47,26.57,26.3,26.57,835,6915
900920,26.75,26.99,26.75,26.76,615,6956
900921,27.1,27.45,26.85,27.05,1300,7215
900924,28.55,28.55,28,28.35,2480,6940
900925,28.5,28.8,28.1,28.63,1021,6756
900926,27.65,28.84,27.65,28.84,1021,7154
900927,29,29.82,29,29.82,2143,7559
900928,29.85,30.2,29.55,30.2,2000,7299
901001,29.2,29.35,29.2,29.2,350,7305
901002,28.2,28.5,27.9,27.9,686,7430
901003,27.7,29.02,26.55,29.02,608,7448
901004,28.75,28.9,28.15,28.25,1255,7395
901005,28.65,28.9,28.3,28.81,879,7517
901008,28.8,29.62,28.8,29.62,766,7587
901009,30,30.1,29.8,29.99,1215,8107
901010,30.4,30.4,28.6,28.75,3347,8488
901011,29.4,29.85,29.2,29.69,1603,9413
901012,29.65,29.7,29.15,29.38,294,9490
901015,28.25,28.7,28,28.39,878,9665
901016,28.2,29.25,28.15,29.24,1601,9322
901017,28.9,29,27.8,27.8,743,9215
901018,26.9,27.82,26.2,27.82,359,9372
901019,26.2,26.21,25.82,25.82,353,9349
901022,24,24,22.82,23.23,659,9622
901023,24.35,24.35,23.57,23.57,1812,9165
901024,24.6,25.34,24.6,25.34,1300,8932
901025,26.5,27.34,26.48,27.34,757,8909
901026,28.2,28.2,26.21,26.21,679,9522
901029,27.24,27.45,27.15,27.18,2168,9052
901030,28,28,26.75,26.91,617,9298
901031,26.1,27.58,26.1,27.58,713,9418
901101,27.9,27.9,27.15,27.3,2028,9773
901102,26.7,26.9,26.65,26.65,214,9967
901105,25.8,26,25.65,25.65,665,9949
901106,25,25.7,24.85,25.61,425,10101
901107,25.95,27.11,25.9,27.11,1204,10408
901108,26.5,27.61,26.5,27.61,1722,10192
901109,27.4,27.5,26.38,26.38,741,10300
901112,25.33,25.7,25.2,25.69,942,10000
901113,25.7,26.6,25.7,26.18,1563,9931
901114,25.9,26,25.5,25.64,416,9682
901115,25.8,26.25,25.5,26.21,804,9197
901116,24.8,26,24.8,25.47,547,9475
901119,25.3,26.05,25.3,25.56,704,9401
901120,25.4,25.45,24.88,24.88,240,9335
901121,25.1,25.7,25.1,25.23,785,9271
901123,26.23,26.5,26,26.35,105,8910
901126,28,28,26.7,26.74,591,9304
901127,26.8,26.97,26.5,26.97,1094,9343
901128,26.7,27.4,26.65,27.29,1514,9828
901129,27.35,27.55,26.72,26.72,490,9743
901130,26.6,26.6,25.22,25.22,361,9713
901203,25,25.42,24.41,24.41,1481,9706
901204,24.9,25.75,24.65,25.59,285,9662
901205,25,25.4,23.67,23.67,729,9600
901206,22.25,23.1,22,23,1389,9784
901207,23.3,23.3,23.1,23.19,860,9818
901210,23.8,23.95,23.3,23.45,1194,9921
901211,23.4,23.4,22.3,22.93,862,9878
901212,22.5,22.67,21.89,21.89,928,9940
901213,22.1,22.75,22,22.45,228,9951
901214,23,23.4,22.23,22.23,462,9975
901217,22.9,22.9,22.55,22.59,301,10074
901218,22.6,23.01,22.6,23.01,2221,8933
901219,23.05,23.45,23.05,23.27,470,8844
901220,23.25,23.5,22.64,22.64,444,9168
901221,22.73,22.9,22.44,22.44,317,9170
901226,23.35,23.35,22.9,23.09,900,9243
901227,22.8,23.08,22.8,23.08,182,9285
901228,23.26,23.7,23.25,23.67,752,9384
901231,23.95,24.5,23.95,24.4,298,8837
910102,24.15,24.2,22.9,22.9,1356,9490
910103,22.5,22.5,22.1,22.45,744,9622
910104,22.5,22.7,21.95,22.09,337,9553
910107,23.1,23.59,22.9,23.59,2258,10633
910108,23.9,24,23.1,23.56,1769,10585
910109,21.95,26.5,21.35,23.71,1477,11686
910110,24.05,24.35,23.3,23.3,2344,11430
910111,23.25,23.6,22.91,22.91,2454,11531
910114,24.41,24.41,24.41,24.41,4024,12981
910115,25.15,25.15,23.2,24.14,5284,14732
910116,24.9,25.1,24.37,24.37,3794,14980
910117,19.4,20.35,19.2,19.28,3223,14690
910118,19.9,19.9,18.25,18.43,3045,14835
910121,19.65,19.65,19.07,19.07,1522,15358
910122,20.2,20.2,19.6,19.64,3063,15692
910123,20.3,20.35,19.47,19.47,2154,15824
910124,19.1,19.4,19,19.04,2579,16462
910125,19.24,19.25,18.88,18.88,1698,16695
910128,18.8,19.1,18.7,18.81,852,16291
910129,18.75,19.4,18.75,19.35,2657,16138
910130,19.45,19.55,18.6,18.72,2141,16830
910131,18.87,19.25,18.87,19.08,657,16600
910201,19.1,19.13,18.87,18.87,1055,16504
910204,19,19,18.67,18.86,2677,16258
910205,18.85,18.9,18.57,18.57,2299,16181
910206,18.7,18.88,18.68,18.81,3789,15290
910207,18.8,18.9,18.4,18.44,2870,15765
910208,18.6,18.64,18.3,18.54,2409,16082
910211,18.5,19,18.5,18.96,1657,16352
910212,19.05,19.1,18.77,19.04,746,16543
910213,18.6,18.86,18.55,18.61,519,16906
910214,18.55,18.6,18.42,18.5,1585,16403
910215,17.5,18,17.1,17.34,4553,18175
910219,17,17.3,16.8,17.25,3925,18498
910220,17.4,17.9,17.35,17.83,2601,19388
910221,17.4,18.05,17.38,17.38,2535,18880
910222,17.42,17.55,17.15,17.35,3965,19336
910225,17.1,17.75,17.1,17.37,3420,19901
910226,17.65,17.75,17.5,17.7,3577,20849
910227,18.05,18.1,17.85,18.05,4284,20734
910228,18.35,18.5,18.16,18.24,6594,20561
910301,18.2,18.7,18.07,18.67,2720,20924
910304,18.92,19.35,18.92,19.3,4430,20748
910305,19.2,19.53,19.13,19.39,5230,20446
910306,19.55,19.62,18.89,19.02,5728,20601
910307,18.8,19.12,18.64,18.64,3142,21490
910308,18.64,18.8,18.55,18.6,4258,22133
910311,18.2,18.46,18.16,18.25,3227,22720
910312,18.32,18.86,17.9,18.86,7902,24785
910313,19.2,19.42,19.1,19.35,5076,25769
910314,19.18,19.4,18.97,19.1,3597,25314
910315,18.83,18.95,18.65,18.7,4949,25098
910318,18.5,18.65,18.25,18.37,3734,25543
910319,18.7,19.35,18.63,19.1,5437,25944
910320,19.08,19.4,19.03,19.22,5763,26401
910321,19.28,19.65,19.07,19.56,5104,26903
910322,19.55,19.55,19.27,19.37,4240,26503
910325,19.17,19.25,18.95,18.97,3702,28136
910326,18.79,19.31,18.77,19.18,4181,27816
910327,19.2,19.28,18.9,19.02,6604,29685
910328,18.9,19.38,18.85,19.37,4174,29365
910401,19.38,19.48,19.1,19.12,2564,29834
910402,19.05,19.52,19.05,19.5,4745,30825
910403,19.46,19.5,19.21,19.3,7629,31175
910404,19.43,19.75,19.35,19.69,9471,31806
910405,19.62,19.66,19.5,19.53,5797,32712
910408,19.72,19.93,19.67,19.78,9925,32937
910409,19.8,19.89,19.74,19.81,6757,32042
910410,20.25,20.45,20.15,20.41,11338,33364
910411,20.68,20.7,20.15,20.17,9647,33841
910412,20.4,20.59,20.3,20.53,12346,37171
910415,20.45,21.05,20.41,20.99,12960,37525
910416,20.83,21,20.77,20.85,10738,40171
910417,20.87,21.06,20.81,20.91,11406,40463
910418,20.63,20.71,20.37,20.45,15398,39593
910419,20.5,20.72,20.38,20.66,7623,38275
910422,20.78,21.15,20.75,20.99,11758,40070
910423,21.33,21.33,20.65,20.69,18632,40041
910424,20.59,20.96,20.45,20.75,20402,41064
910425,20.9,21,20.63,20.93,12427,40718
910426,20.83,21.06,20.7,21.04,14452,41314
910429,21.18,21.25,20.88,21.03,14569,40985
910430,21,21,20.71,20.73,18405,42235
910501,20.66,21.15,20.65,21,20621,43530
910502,21.03,21.08,20.88,20.91,11237,43029
910503,20.87,21.15,20.86,21.14,10529,44705
910506,21.19,21.5,21.05,21.46,15249,45056
910507,21.45,21.5,21.28,21.41,19194,45618
910508,21.38,21.7,21.35,21.66,20058,46344
910509,21.8,22,21.71,21.83,35461,51128
910510,21.55,21.63,21.1,21.21,39517,54339
910513,21.16,21.31,20.93,20.96,28849,55256
910514,21.06,21.16,20.77,20.87,35330,58118
910515,20.9,21.08,20.76,21,32046,60203
910516,21.08,21.1,20.9,20.99,27417,63774
910517,20.95,21.25,20.91,21.21,32344,67953
910520,21.27,21.32,21.21,21.29,26122,71082
910521,21.35,21.53,21,21.06,60352,75775
910522,20.91,20.95,20.71,20.83,43527,74753
910523,20.97,21.08,20.9,21.02,29202,73462
910524,21.08,21.22,21.03,21.19,23286,72293
910528,21.22,21.4,21.22,21.33,22282,70919
910529,21.28,21.31,21.1,21.11,28733,68575
910530,21.1,21.34,20.98,21.32,33939,67407
910531,21.32,21.4,21.11,21.13,30081,64651
910603,21.18,21.27,21.1,21.13,22308,63083
910604,21.15,21.16,20.86,21.02,28672,61622
910605,20.8,20.85,20.45,20.47,43546,60391
910606,20.32,20.39,20.05,20.33,47701,59447
910607,20.48,20.49,20.26,20.28,27661,58770
910610,20.25,20.3,19.82,19.84,27159,57925
910611,19.87,19.97,19.72,19.96,27196,54868
910612,19.75,20.08,19.6,20.05,35630,53184
910613,20.1,20.18,19.68,19.71,26462,51388
910614,19.78,19.81,19.64,19.67,21128,45191
910617,19.73,20.1,19.7,19.94,27033,42216
910618,20.18,20.27,20.03,20.13,27904,32724
910619,20.13,20.25,19.83,19.99,32155,23833
910620,20.04,20.22,19.87,20.15,21969,14423
