900822,24.79,25.23,24.79,25.23,15,0
900823,26.33,26.33,26.33,26.33,0,15
900824,24.58,24.58,24.58,24.58,24,39
900827,22.58,22.58,22.58,22.58,0,39
900828,23.09,23.09,23.09,23.09,500,539
900829,22.4,22.76,22.4,22.76,133,747
900830,23.17,23.17,23.05,23.05,637,1307
900831,24,24,23.78,23.78,2266,3161
900904,24,24,23.78,23.78,367,3637
900905,24.14,24.14,24.14,24.14,0,3632
900906,24.48,24.85,24.48,24.78,1582,4822
900907,24.3,24.4,23.83,23.83,902,5159
900910,24,24.87,24,24.87,114,5251
900911,24.6,24.6,23.87,23.87,24,5210
900912,23.99,24.6,23.99,24.56,194,5281
900913,24.6,24.6,24.45,24.56,2840,6871
900914,25,25.12,24.75,24.86,805,7131
900917,25,25.48,24.85,25.18,1529,7027
900918,25.05,25.43,25,25.43,141,7153
900919,25.15,25.3,25.02,25.02,937,7347
900920,25.35,25.4,25.15,25.19,134,7400
900921,25.1,25.25,25,25.07,630,7015
900924,25.7,25.75,25.59,25.59,520,6845
900925,25.75,26.02,25.75,26.02,1086,6640
900926,25.6,25.99,25.4,25.99,132,6638
900927,25.9,26.77,25.9,26.77,808,6380
900928,26.75,27.2,26.7,27.2,421,6595
901001,26.63,26.63,26.2,26.2,715,6445
901002,25.66,25.66,24.7,24.7,1438,6352
901003,24.1,26.11,24.1,26.11,582,6495
901004,25.8,25.8,25.36,25.36,374,6336
901005,25.79,25.79,25.1,25.59,795,5972
901008,25.7,26.24,25.5,26.24,21,5984
901009,26.24,26.38,25.5,26.38,121,5905
901010,26.06,26.06,25.22,25.22,358,6413
901011,25.7,25.76,25.7,25.76,1529,5677
901012,25.7,25.7,25.7,25.7,3,5674
901015,25.1,25.1,25.1,25.1,354,5677
901016,25.95,25.95,25.95,25.95,115,5577
901017,25.83,25.83,24.69,24.69,28,5580
901018,24,24.99,23.25,24.99,431,6443
901019,22.99,22.99,22.99,22.99,196,5500
901022,21.53,21.53,21.53,21.53,100,5501
901023,21.5,21.79,21.5,21.79,850,5408
901024,22.8,23.49,22.8,23.49,127,5002
901025,24.4,25.49,24.4,25.49,56,5006
901026,24,24,23.85,23.85,601,5008
901029,24.75,24.75,24.53,24.53,222,5271
901030,23.9,24.17,23.9,24.17,102,5473
901031,23.6,24.81,23.6,24.81,258,5542
901101,24.96,24.96,24.48,24.48,20,5515
901102,24.2,24.2,23.93,23.93,338,5465
901105,22.93,22.93,22.93,22.93,30,5415
901106,22.6,23,22.6,23,574,5061
901107,23.4,23.97,23.35,23.97,177,5225
901108,23.95,24.63,23.95,24.63,4,5363
901109,24.1,24.2,23.58,23.58,50,5403
901112,23.2,23.43,23.2,23.43,136,5247
901113,23.78,23.78,23.78,23.78,10,5297
901114,23.3,23.48,23.3,23.48,131,5252
901115,24.24,24.24,24.24,24.24,0,5252
901116,23.46,23.46,23.46,23.46,193,5252
901119,23.54,23.54,23.38,23.38,62,5247
901120,23.3,23.39,22.86,22.86,505,5076
901121,23.25,23.25,23.25,23.25,0,4984
901123,24.1,24.15,24.09,24.09,23,5106
901126,25.4,25.4,24.17,24.17,302,5105
901127,24.22,24.41,24,24.41,1318,3973
901128,24.14,24.72,24.14,24.72,2,4018
901129,24.4,24.4,24.02,24.02,15,4033
901130,22.6,22.6,22.55,22.6,20,3988
901203,23,23,22.39,22.39,1,3999
901204,22.9,23.54,22.7,23.54,0,4004
901205,22.23,22.23,22.23,22.23,6,3998
901206,21.55,22.05,21.55,21.87,30,4012
901207,22.22,22.22,22.22,22.22,0,4011
901210,22.3,22.57,22.3,22.57,1,4012
901211,22.4,22.4,22.05,22.05,3,4012
901212,21.05,21.05,21.05,21.05,0,4012
901213,21.1,21.5,21.1,21.5,35,4046
901214,22.3,22.3,21.23,21.23,25,4047
901217,21.64,21.65,21.61,21.61,99,4115
901218,21.76,22.03,21.76,22.03,5,4110
901219,22.25,22.25,22.1,22.1,600,4183
901220,22.1,22.1,21.46,21.46,25,4158
901221,21.29,21.29,21.29,21.29,0,4158
901226,21.95,21.95,21.89,21.89,25,4183
901227,21.88,21.88,21.88,21.88,0,4183
901228,21.95,22.21,21.95,22.21,40,4145
901231,22.3,22.83,22.3,22.83,161,4346
910102,21.51,21.51,21.51,21.51,33,4346
910103,21.24,21.24,21.24,21.24,0,4346
910104,20.92,20.92,20.92,20.92,0,4346
910107,22.1,22.38,22.05,22.38,231,4423
910108,22.28,22.28,22.16,22.16,213,4299
910109,20.9,22.27,20.9,22.27,7,4306
910110,22.62,22.62,21.48,21.48,19,4315
910111,21,21,21,21,0,4315
910114,21.72,21.72,21.72,21.72,0,4315
910115,21.8,22,21.35,21.35,1034,7225
910116,22.25,22.25,21.34,21.34,3,4389
910117,19,19.06,18.88,18.88,561,4962
910118,19.3,19.35,18.38,18.38,1117,5892
910121,19.1,19.35,18.88,18.88,77,5668
910122,19.27,19.27,19.27,19.27,1,5668
910123,19.75,19.75,19,19,110,5568
910124,18.8,18.85,18.58,18.58,175,5648
910125,18.7,18.7,18.42,18.42,301,5698
910128,18.5,18.55,18.4,18.51,211,5824
910129,18.97,18.97,18.97,18.97,0,5826
910130,18.95,18.95,18.37,18.37,133,5781
910131,18.78,18.78,18.7,18.72,61,5784
910201,18.73,18.75,18.62,18.62,155,5919
910204,18.7,18.73,18.7,18.72,904,6724
910205,18.69,18.69,18.47,18.47,89,6724
910206,18.65,18.65,18.58,18.58,102,6724
910207,18.34,18.34,18.34,18.34,0,6724
910208,18.45,18.45,18.39,18.39,33,6749
910211,18.45,18.65,18.4,18.65,64,6769
910212,18.62,18.65,18.61,18.61,257,6963
910213,18.5,18.5,18.2,18.2,140,7002
910214,18.18,18.18,18.18,18.18,0,6987
910215,17.46,17.46,17.46,17.46,0,6956
910219,17.25,17.68,17.25,17.68,282,7189
910220,17.85,18.3,17.85,18.25,299,7228
910221,17.99,17.99,17.99,17.99,80,7132
910222,18,18.3,18,18.09,50,7117
910225,17.96,17.96,17.96,17.96,0,7176
910226,18.08,18.15,18.08,18.1,345,7328
910227,18.3,18.35,18.25,18.3,225,7255
910228,18.39,18.55,18.39,18.4,34,7268
910301,18.49,18.86,18.49,18.86,255,7234
910304,19.16,19.2,19.1,19.18,95,7292
910305,19.05,19.29,19.05,19.12,167,7132
910306,19.17,19.19,18.97,18.97,282,7232
910307,19.05,19.14,18.72,18.72,114,7213
910308,18.8,18.9,18.78,18.78,377,6952
910311,18.65,18.65,18.55,18.55,1,6902
910312,19.02,19.02,19.02,19.02,31,6927
910313,19.1,19.2,19,19.17,156,6973
910314,18.95,18.95,18.91,18.91,50,6943
910315,18.68,18.68,18.48,18.48,65,7008
910318,18.45,18.45,18.23,18.23,43,6979
910319,18.5,18.81,18.41,18.81,86,7050
910320,19.1,19.1,18.91,18.91,100,7006
910321,19.12,19.12,19.12,19.12,0,7019
910322,19.05,19.1,18.93,18.93,270,7099
910325,18.8,18.8,18.62,18.62,32,7049
910326,18.95,18.95,18.91,18.91,1,7050
910327,18.9,18.94,18.9,18.94,16,7053
910328,18.85,19.33,18.85,19.33,98,7149
910401,19.35,19.4,19.19,19.19,243,7339
910402,19.17,19.5,19.17,19.44,43,7332
910403,19.4,19.4,19.23,19.27,232,7285
910404,19.38,19.38,19.38,19.38,0,7285
910405,19.31,19.31,19.06,19.06,102,7360
910408,19.25,19.42,19.21,19.21,123,7458
910409,19.25,19.35,19.25,19.32,85,7505
910410,19.65,19.85,19.65,19.72,829,7482
910411,19.65,19.65,19.42,19.42,119,7554
910412,19.65,19.65,19.55,19.62,377,7842
910415,19.67,20,19.65,20,241,7796
910416,19.95,20.01,19.9,19.93,154,7934
910417,20,20,19.98,19.98,57,7909
910418,19.75,19.75,19.75,19.75,60,7849
910419,19.75,20.11,19.75,20.11,5,7844
910422,20.25,20.35,20.22,20.22,91,7834
910423,20.3,20.3,19.91,19.91,371,7521
910424,19.91,19.91,19.8,19.89,231,8044
910425,19.95,20.04,19.95,20.04,706,7084
910426,20.04,20.11,20.04,20.11,100,7159
910429,20.2,20.2,20.09,20.09,417,7406
910430,20,20,19.91,19.96,476,7255
910501,20,20.19,20,20.19,28,7255
910502,20.17,20.27,20.1,20.1,121,7296
910503,20.15,20.32,20.14,20.32,341,7285
910506,20.31,20.6,20.3,20.55,80,7319
910507,20.45,20.51,20.44,20.51,185,7450
910508,20.49,20.85,20.49,20.85,22,7455
910509,21.15,21.15,21.01,21.13,202,7422
910510,21,21,20.85,20.85,74,7431
910513,20.85,20.85,20.77,20.77,57,7415
910514,20.77,20.85,20.7,20.79,293,7432
910515,20.8,21.06,20.8,21.06,114,7433
910516,21.15,21.45,21.15,21.44,339,7528
910517,21.34,21.53,21.34,21.51,221,7623
910520,21.42,21.48,21.4,21.48,334,7633
910521,21.5,21.54,21.27,21.27,1100,7878
910522,21.1,21.27,21.1,21.15,1194,8224
910523,21.2,21.2,21.15,21.18,442,8071
910524,21.11,21.25,21.11,21.25,557,8190
910528,21.2,21.28,21.2,21.28,278,8066
910529,21.2,21.2,21.14,21.14,46,8057
910530,21.18,21.45,21.15,21.45,255,7983
910531,21.3,21.3,21.26,21.26,6,7970
910603,21.21,21.21,21.21,21.21,0,8274
910604,21,21.06,21,21.06,20,7975
910605,20.85,20.9,20.69,20.69,1127,8275
910606,20.59,20.65,20.52,20.65,389,8544
910607,20.56,20.61,20.54,20.54,691,9038
910610,20.43,20.44,20.27,20.27,77,9100
910611,20.27,20.37,20.27,20.37,492,9384
910612,20.2,20.46,20.2,20.46,378,9541
910613,20.51,20.51,20.31,20.31,197,9501
910614,20.25,20.25,20.25,20.25,94,9488
910617,20.3,20.3,20.25,20.25,109,9545
910618,20.25,20.25,20.07,20.07,721,9955
910619,20,20,19.87,19.87,1004,9723
910620,19.97,19.97,19.97,19.97,60,9569
910621,19.97,20,19.96,20,18,9497
910624,19.85,19.85,19.85,19.85,239,9423
910625,19.89,20.05,19.89,19.96,303,9476
910626,20.01,20.01,19.94,19.94,200,9501
910627,20,20.22,19.99,20.22,121,9490
910628,20.1,20.17,20.1,20.17,615,9513
910701,20.15,20.26,20.15,20.26,45,9581
910702,20.25,20.28,20.25,20.28,66,9599
910703,20.15,20.15,20.12,20.12,206,10200
910705,20.17,20.17,20.16,20.16,313,9855
910708,20.25,20.36,20.25,20.36,125,9962
910709,20.35,20.48,20.35,20.48,231,9929
910710,20.5,20.65,20.5,20.65,285,9894
910711,20.53,20.53,20.46,20.46,110,9854
910712,20.67,20.67,20.67,20.67,258,10012
910715,20.65,20.72,20.57,20.57,357,9982
910716,20.7,20.74,20.6,20.6,414,9886
910717,20.92,20.92,20.92,20.92,379,9628
910718,20.85,20.94,20.83,20.83,230,9512
910719,20.9,21.15,20.9,21.15,385,9439
910722,21.04,21.1,21,21.04,149,9391
910723,20.9,20.92,20.7,20.73,1043,9899
910724,20.73,20.86,20.65,20.86,216,9737
910725,20.76,20.76,20.69,20.69,276,9866
910726,20.67,20.7,20.65,20.7,34,9839
910729,20.65,20.71,20.65,20.71,249,9909
910730,20.85,21,20.85,20.95,344,10080
910731,21.05,21.05,21.01,21.04,356,10318
910801,21.06,21.06,20.7,20.7,137,10332
910802,20.79,20.8,20.65,20.73,289,10422
910805,20.73,20.87,20.73,20.81,326,10558
910806,20.83,20.83,20.68,20.72,545,10355
910807,20.75,20.8,20.61,20.75,609,10440
910808,20.74,20.8,20.74,20.77,169,10454
910809,20.79,20.9,20.79,20.81,619,10357
910812,20.9,20.93,20.85,20.91,111,10418
910813,20.85,20.92,20.85,20.92,371,10338
910814,20.85,20.9,20.8,20.9,548,10343
910815,20.9,21.03,20.9,21.03,501,10794
910816,21.03,21.03,20.84,20.84,207,10834
910819,22.34,22.34,21.25,21.47,1997,11057
910820,21.4,21.84,21.4,21.44,2501,11472
910821,21,21.08,20.9,20.95,385,10685
910822,20.95,21.13,20.95,21.13,653,10720
910823,21.13,21.19,21.13,21.17,686,11013
910826,21.19,21.29,21.19,21.29,391,10848
910827,21.29,21.37,21.29,21.37,186,10851
910828,21.31,21.31,21.2,21.2,542,10814
910829,21.27,21.35,21.27,21.35,256,10867
910830,21.41,21.53,21.4,21.53,516,10662
910903,21.43,21.5,21.43,21.5,123,10603
910904,21.44,21.44,21.24,21.24,412,10696
910905,21.2,21.24,21.2,21.2,369,10904
910906,21.25,21.29,21.17,21.17,1361,11691
910909,21.03,21.03,20.96,20.97,186,11771
910910,21.07,21.07,20.97,21.02,437,12028
910911,20.96,21.17,20.95,21.17,272,12053
910912,21.14,21.14,21.03,21.03,397,11958
910913,21.09,21.12,21.02,21.12,1873,12640
910916,21.18,21.18,21.15,21.18,986,12704
910917,21.02,21.02,21,21.01,591,12661
910918,21.22,21.22,21.15,21.15,155,12401
910919,21.1,21.12,21.07,21.1,1534,12722
910920,21.1,21.18,21.08,21.18,1379,12787
910923,21.3,21.42,21.3,21.36,1892,12560
910924,21.28,21.67,21.28,21.55,2170,12958
910925,21.5,21.56,21.33,21.56,1702,12990
910926,21.53,21.55,21.41,21.53,1825,13194
910927,21.5,21.68,21.5,21.61,1952,13687
910930,21.58,21.62,21.55,21.58,1293,13998
911001,21.56,21.61,21.49,21.61,961,13993
911002,21.5,21.75,21.5,21.7,1347,13677
911003,21.87,21.95,21.86,21.95,1618,13705
911004,21.95,21.97,21.86,21.86,2966,13890
911007,21.8,22.16,21.8,22.14,2792,14311
911008,22.1,22.16,22,22.16,1469,14376
911009,22.23,22.38,22.19,22.24,2568,14161
911010,22.12,22.22,22.07,22.13,1004,14194
911011,22.1,22.25,22.1,22.25,1484,14464
911014,22.37,22.48,22.36,22.48,2424,14463
911015,22.55,22.67,22.41,22.67,2418,14947
911016,22.62,22.73,22.48,22.6,2695,15170
911017,22.68,22.74,22.62,22.74,2494,15470
911018,22.84,22.92,22.77,22.91,2092,15418
911021,22.82,22.99,22.72,22.99,2462,16366
911022,22.83,22.88,22.75,22.86,1799,16879
911023,22.77,22.77,22.54,22.54,2911,16858
911024,22.34,22.71,22.33,22.71,3806,15213
911025,22.79,22.82,22.32,22.38,4605,18005
911028,22.27,22.55,22.26,22.5,2581,18111
911029,22.47,22.58,22.44,22.44,1778,18493
911030,22.6,22.62,22.38,22.43,2516,18242
911031,22.45,22.61,22.42,22.61,2585,18499
911101,22.72,22.92,22.67,22.92,5822,18393
911104,22.96,23.07,22.78,22.9,4849,19242
911105,22.83,23.1,22.81,22.95,3924,19728
911106,22.86,22.94,22.79,22.79,6686,20399
911107,22.85,22.89,22.5,22.57,4099,22067
911108,22.57,22.65,22.38,22.39,2912,21631
911111,22.34,22.36,21.9,21.98,5364,21751
911112,22.03,22.05,21.76,21.89,5318,21081
911113,22,22.07,21.65,21.71,3341,20939
911114,21.55,21.88,21.52,21.86,5220,20512
911115,21.8,22.27,21.8,22.14,5415,21757
911118,22.18,22.18,21.71,21.78,1935,21197
911119,21.7,21.88,21.6,21.61,4890,21635
911120,21.47,21.73,21.43,21.65,5439,21921
911121,21.73,21.8,21.4,21.45,3841,21703
911122,21.37,21.46,20.8,20.9,12910,23943
911125,21.05,21.06,20.82,21.04,8443,23641
911126,20.85,21.17,20.68,20.68,7605,23901
911127,20.8,21.02,20.69,21.02,5347,25066
911129,21.2,21.3,21.05,21.1,1472,25333
911202,21,21.07,20.77,20.8,5091,25290
911203,20.85,20.94,20.25,20.3,11085,27261
911204,20.4,20.55,20.16,20.53,9738,27912
911205,20.61,20.66,20.14,20.18,9279,27638
911206,20.24,20.32,19.93,19.93,10812,27838
911209,19.82,19.86,19.3,19.39,10429,28253
911210,19.55,19.72,19.2,19.46,13743,28638
911211,19.18,19.9,19.04,19.58,15507,31067
911212,19.82,19.9,19.6,19.89,14463,31383
911213,20.09,20.27,19.9,19.95,10902,32030
911216,19.83,19.9,19.58,19.68,7241,32277
911217,19.46,19.55,19.32,19.38,13607,33174
911218,19.38,19.52,19.26,19.31,6841,32484
911219,19.45,19.52,19.06,19.13,11171,34274
911220,19.12,19.13,18.54,18.57,16031,35460
911223,18.64,18.84,18.4,18.8,12579,37116
911224,18.98,19.14,18.91,18.99,5867,36817
911226,18.98,18.99,18.4,18.53,10516,37933
911227,18.65,18.82,18.43,18.78,12602,40699
911230,18.9,18.99,18.57,18.64,9141,41169
911231,18.46,19.15,18.46,19.12,13260,43975
920102,19.12,19.52,19.12,19.49,17072,45929
920103,19.58,19.74,19.13,19.22,24493,46478
920106,19,19.43,18.97,19.2,20187,48205
920107,19.28,19.39,18.62,18.64,32362,54587
920108,18.52,18.64,17.85,17.89,48068,59950
920109,17.85,18.25,17.75,17.92,38386,61920
920110,18.02,18.42,18.02,18.38,30201,62954
920113,18.63,18.96,18.63,18.9,39312,64606
920114,18.75,19,18.58,18.61,36481,64357
920115,18.52,19.1,18.52,19,53446,65698
920116,19.2,19.39,18.86,19.04,68156,70360
920117,19.25,19.33,18.94,19.29,47213,69099
920120,19.22,19.33,19.03,19.04,37277,71094
920121,19.01,19.07,18.62,18.72,57811,71744
920122,18.62,18.95,18.49,18.94,52614,68979
920123,18.97,19.15,18.7,18.72,46971,67529
920124,18.86,19.05,18.81,19,29136,67442
920127,19.1,19.37,19.07,19.36,41472,66872
920128,19.23,19.32,19.11,19.17,30658,65615
920129,19.15,19.23,18.76,18.89,48249,64891
920130,18.85,19,18.61,18.94,35445,63940
920131,18.96,19.07,18.77,18.9,27180,59350
920203,18.95,19.02,18.87,18.96,17070,57724
920204,18.94,19.35,18.88,19.27,42511,56755
920205,19.25,19.58,19.2,19.5,42807,55388
920206,19.54,19.69,19.46,19.5,33653,56571
920207,19.53,19.9,19.5,19.87,29753,56574
920210,19.98,20.08,19.76,19.78,32997,53824
920211,19.7,19.7,19.2,19.28,35155,48422
920212,19.38,19.5,19.05,19.27,29781,46474
920213,19.57,19.69,19.35,19.68,30899,43703
920214,19.83,19.83,19.26,19.46,28086,38781
920218,18.5,18.53,18.05,18.12,29836,30979
920219,18.3,18.43,18.05,18.41,31117,21395
920220,18.48,18.62,18.3,18.54,23834,12048
