911024,21,21.15,21,21.15,1,1
911025,20.82,20.82,20.82,20.82,0,1
911028,20.96,20.96,20.96,20.96,0,1
911029,20.98,20.98,20.98,20.98,0,1
911030,21.1,21.1,20.97,20.97,3,4
911031,21.05,21.05,21.05,21.05,0,4
911101,21.2,21.2,21.2,21.2,0,4
911104,21.14,21.14,21.14,21.14,0,4
911105,21.18,21.18,21.18,21.18,0,4
911106,21.23,21.23,21.23,21.23,0,4
911107,21.13,21.13,21.13,21.13,800,701
911108,20.95,20.95,20.95,20.95,0,701
911111,20.71,20.71,20.71,20.71,469,1170
911112,20.69,20.69,20.69,20.69,0,1170
911113,20.46,20.46,20.46,20.46,0,1170
911114,20.5,20.7,20.5,20.7,4,1174
911115,20.83,20.83,20.83,20.83,0,1174
911118,20.59,20.59,20.59,20.59,13,1174
911119,20.55,20.55,20.55,20.55,0,1174
911120,20.6,20.6,20.6,20.6,0,1174
911121,20.41,20.41,20.41,20.41,0,1174
911122,20.14,20.14,20.14,20.14,0,1174
911125,20.22,20.3,20.22,20.3,1,1175
911126,20.13,20.13,20.13,20.13,10,1175
911127,20.4,20.4,20.4,20.4,0,1175
911129,20.43,20.43,20.43,20.43,0,1175
911202,20.24,20.24,20.24,20.24,0,1175
911203,19.87,19.87,19.87,19.87,0,1175
911204,20.09,20.09,20.09,20.09,20,1175
911205,19.75,19.75,19.75,19.75,0,1175
911206,19.69,19.69,19.69,19.69,0,1175
911209,19.52,19.52,19.52,19.52,0,1175
911210,19.61,19.61,19.61,19.61,300,1175
911211,19.73,19.73,19.73,19.73,0,1175
911212,19.77,19.77,19.77,19.77,0,1175
911213,19.65,19.65,19.65,19.65,0,1175
911216,19.51,19.51,19.51,19.51,0,1175
911217,19.52,19.52,19.52,19.52,0,1175
911218,19.57,19.57,19.46,19.46,8,1183
911219,19.32,19.32,19.32,19.32,0,1183
911220,19.2,19.2,19.13,19.13,205,1282
911223,19.18,19.38,19.18,19.38,328,1459
911224,19.54,19.54,19.54,19.54,0,1459
911226,19.13,19.13,19.13,19.13,322,1459
911227,19.2,19.2,19.2,19.2,0,1459
911230,19.27,19.27,19.27,19.27,0,1459
911231,19.19,19.7,19.19,19.7,5,1459
920102,19.72,19.72,19.72,19.72,0,1459
920103,19.4,19.4,19.4,19.4,149,1459
920106,19.45,19.45,19.34,19.34,48,1464
920107,18.99,18.99,18.99,18.99,4,1460
920108,18.68,18.68,18.68,18.68,0,1460
920109,18.8,18.8,18.8,18.8,111,1531
920110,19.24,19.24,19.24,19.24,0,1525
920113,19.44,19.44,19.44,19.44,450,1399
920114,19.35,19.35,19.35,19.35,0,1370
920115,19.52,19.52,19.52,19.52,0,1370
920116,19.45,19.45,19.45,19.45,300,1670
920117,19.39,19.39,19.39,19.39,100,1670
920120,19.32,19.32,19.32,19.32,0,1670
920121,19.22,19.22,19.22,19.22,0,1670
920122,19.42,19.42,19.42,19.42,0,1670
920123,19.01,19.01,19.01,19.01,0,1670
920124,19.1,19.25,19.1,19.25,47,1700
920127,19.41,19.41,19.41,19.41,0,1700
920128,19.28,19.28,19.28,19.28,0,1690
920129,19.25,19.25,19.25,19.25,0,1690
920130,19.23,19.27,19.22,19.27,117,1790
920131,19.25,19.25,19.25,19.25,0,1790
920203,19.35,19.35,19.35,19.35,0,1790
920204,19.57,19.57,19.57,19.57,0,1790
920205,19.64,19.64,19.64,19.64,0,1790
920206,19.53,19.53,19.53,19.53,0,1790
920207,19.61,19.61,19.61,19.61,0,1790
920210,19.61,19.61,19.58,19.58,1,1790
920211,19.35,19.35,19.35,19.35,0,1803
920212,19.35,19.35,19.35,19.35,1,1791
920213,19.48,19.73,19.48,19.73,4,1795
920214,19.59,19.59,19.59,19.59,0,1794
920218,18.7,18.7,18.7,18.7,0,1794
920219,19.1,19.1,19.1,19.1,5,1794
920220,19.05,19.07,19.05,19.07,4,1798
920221,18.9,18.9,18.9,18.9,0,1798
920224,18.93,18.93,18.93,18.93,50,1772
920225,19.02,19.02,19.02,19.02,8,1772
920226,19.15,19.15,19.15,19.15,0,1771
920227,19.17,19.17,19.17,19.17,50,1771
920228,19.16,19.16,19.16,19.16,28,1796
920302,18.88,18.88,18.88,18.88,0,1767
920303,19.02,19.02,19.02,19.02,40,1797
920304,18.98,18.98,18.98,18.98,22,1819
920305,18.93,18.93,18.88,18.88,471,1990
920306,18.84,18.84,18.84,18.84,0,1990
920309,19.06,19.06,19.06,19.06,13,1900
920310,19.1,19.1,19.1,19.1,7,1893
920311,19.05,19.05,18.99,18.99,199,1804
920312,19.03,19.15,19.03,19.15,124,1879
920313,19.25,19.25,19.25,19.25,0,1849
920316,19.2,19.2,19.17,19.17,30,1853
920317,19.08,19.08,19.07,19.07,36,1838
920318,18.98,18.99,18.98,18.99,165,1846
920319,19.16,19.16,19.16,19.16,0,1846
920320,18.97,18.97,18.97,18.97,0,1846
920323,19.06,19.06,19.06,19.06,230,1866
920324,19.13,19.13,19.13,19.13,0,1861
920325,19.22,19.22,19.22,19.22,0,1861
920326,19.3,19.3,19.3,19.3,0,1861
920327,19.2,19.2,19.2,19.2,50,1901
920330,19.27,19.32,19.27,19.32,2145,2549
920331,19.37,19.37,19.37,19.37,848,2247
920401,19.42,19.42,19.42,19.42,0,2247
920402,19.45,19.45,19.34,19.34,100,2337
920403,19.72,19.72,19.72,19.72,84,2236
920406,19.85,19.93,19.85,19.93,56,2243
920407,19.74,19.74,19.74,19.74,0,2243
920408,19.95,19.95,19.95,19.95,532,2306
920409,19.78,19.78,19.78,19.78,100,2206
920410,19.93,19.93,19.93,19.93,0,2206
920413,19.98,19.98,19.78,19.78,74,2276
920414,19.48,19.48,19.48,19.48,70,2311
920415,19.53,19.7,19.53,19.7,33,2330
920416,19.91,19.91,19.91,19.91,0,2330
920420,19.96,19.96,19.96,19.96,0,2330
920421,19.97,19.97,19.97,19.97,0,2330
920422,19.78,19.78,19.78,19.78,5,2325
920423,19.78,19.82,19.78,19.82,101,2400
920424,19.88,19.88,19.88,19.88,0,2400
920427,19.91,19.96,19.91,19.96,79,2400
920428,20,20,20,20,412,2443
920429,20.27,20.27,20.27,20.27,147,2450
920430,20.32,20.32,20.32,20.32,590,2450
920501,20.17,20.17,20.17,20.17,0,2450
920504,20.36,20.36,20.36,20.36,139,2450
920505,20.21,20.21,20.21,20.21,50,2413
920506,20.43,20.43,20.28,20.34,147,2459
920507,20.27,20.31,20.27,20.3,395,2522
920508,20.4,20.4,20.4,20.4,0,2473
920511,20.54,20.54,20.54,20.54,0,2472
920512,20.44,20.51,20.43,20.51,105,2452
920513,20.41,20.41,20.35,20.35,2,2452
920514,20.24,20.24,20.24,20.24,122,2526
920515,20.41,20.41,20.41,20.41,123,2649
920518,20.43,20.43,20.43,20.43,0,2649
920519,20.2,20.24,20.2,20.24,164,2549
920520,20.24,20.24,20.24,20.24,250,2453
920521,20.3,20.68,20.3,20.68,10,2486
920522,20.55,20.64,20.55,20.64,77,2530
920526,21.21,21.36,21.12,21.36,353,2765
920527,21.3,21.36,21.24,21.24,381,2837
920528,21.2,21.22,21.2,21.22,220,2843
920529,21.2,21.22,21.2,21.22,125,2868
920601,21.24,21.24,21.2,21.2,73,2854
920602,21.17,21.29,21.17,21.27,369,2832
920603,21.4,21.4,21.32,21.32,434,2956
920604,21.3,21.3,21.3,21.3,150,3012
920605,21.21,21.3,21.21,21.3,279,2889
920608,21.2,21.26,21.2,21.26,50,2889
920609,21.2,21.2,21.2,21.2,206,2995
920610,21.3,21.4,21.3,21.4,45,2983
920611,21.32,21.32,21.17,21.17,72,2988
920612,21.15,21.22,21.15,21.22,2,2988
920615,21.22,21.31,21.22,21.31,391,3167
920616,21.28,21.31,21.28,21.31,145,3183
920617,21.17,21.34,21.17,21.34,30,3217
920618,21.33,21.33,21.33,21.33,0,3217
920619,21.3,21.42,21.3,21.42,18,3282
920622,21.2,21.47,21.2,21.47,233,3414
920623,21.4,21.52,21.38,21.52,137,3400
920624,21.55,21.62,21.5,21.62,428,3392
920625,21.55,21.59,21.33,21.33,582,3454
920626,21.45,21.45,21.29,21.29,276,3484
920629,21.17,21.17,21.17,21.17,74,3440
920630,21.13,21.13,20.86,20.86,69,3452
920701,20.95,20.99,20.95,20.99,8,3452
920702,21.13,21.13,21.13,21.13,19,3452
920706,21.05,21.05,20.99,20.99,510,3691
920707,20.78,20.83,20.74,20.74,610,3424
920708,20.85,20.85,20.85,20.85,5,3419
920709,20.93,20.93,20.93,20.93,51,3420
920710,20.8,20.8,20.7,20.7,6,3414
920713,20.68,20.78,20.68,20.78,65,3419
920714,20.81,20.81,20.75,20.75,115,3331
920715,20.81,20.9,20.81,20.9,38,3318
920716,20.95,20.95,20.94,20.94,6,3309
920717,20.96,20.96,20.83,20.83,120,3402
920720,20.93,20.93,20.93,20.93,126,3495
920721,20.77,20.77,20.77,20.77,100,3495
920722,20.78,20.87,20.78,20.86,643,3909
920723,20.88,20.94,20.88,20.94,301,4134
920724,20.95,21.04,20.95,20.98,261,4304
920727,20.93,21.04,20.93,21.04,461,4004
920728,21.03,21.03,20.96,21.02,503,4005
920729,21.02,21.02,20.96,20.96,286,4026
920730,20.95,20.95,20.86,20.86,1,4026
920731,20.87,20.95,20.87,20.95,159,3983
920803,20.67,20.67,20.67,20.67,225,3933
920804,20.57,20.57,20.57,20.57,37,3915
920805,20.6,20.6,20.46,20.46,125,3898
920806,20.5,20.63,20.5,20.63,373,4000
920807,20.63,20.65,20.5,20.5,195,4112
920810,20.32,20.32,20.32,20.32,25,4087
920811,20.31,20.31,20.31,20.31,15,4087
920812,20.42,20.44,20.41,20.43,159,4117
920813,20.55,20.66,20.52,20.66,306,4359
920814,20.63,20.69,20.59,20.59,45,4347
920817,20.61,20.72,20.61,20.72,31,4377
920818,20.7,20.7,20.66,20.66,434,4368
920819,20.63,20.63,20.54,20.54,217,4310
920820,20.53,20.68,20.53,20.68,137,4168
920821,20.64,20.68,20.53,20.53,4,4301
920824,20.7,20.86,20.66,20.86,588,4553
920825,20.85,20.85,20.55,20.55,973,4818
920826,20.63,20.63,20.56,20.56,76,4809
920827,20.63,20.63,20.54,20.54,355,4809
920828,20.64,20.7,20.64,20.7,321,4849
920831,20.79,20.85,20.79,20.81,368,5147
920901,20.8,20.88,20.8,20.87,146,5194
920902,20.87,20.94,20.87,20.9,486,5455
920903,20.88,20.88,20.84,20.84,25,5478
920904,20.88,20.91,20.88,20.9,41,5459
920908,21,21.05,20.99,21.05,179,5534
920909,21.01,21.1,21.01,21.1,79,5541
920910,21.05,21.13,21.05,21.13,451,5293
920911,21.07,21.15,21.07,21.15,355,5329
920914,21.21,21.4,21.21,21.4,405,5339
920915,21.28,21.31,21.25,21.25,120,5399
920916,21.15,21.32,21.14,21.32,561,5251
920917,21.18,21.18,21.18,21.18,106,5269
920918,21.08,21.12,20.97,20.97,64,5260
920921,21,21.03,20.97,20.97,156,5243
920922,21.11,21.11,21.05,21.05,166,5344
920923,21.07,21.3,21.07,21.3,830,5270
920924,21.27,21.27,21.19,21.19,265,5330
920925,21.2,21.2,21.06,21.06,121,5385
920928,21.13,21.13,21.09,21.09,174,5524
920929,21.11,21.11,21.06,21.07,425,5659
920930,21.03,21.13,21.02,21.11,285,5689
921001,21.17,21.21,21.17,21.21,482,5507
921002,21.18,21.26,21.14,21.25,485,5747
921005,21.21,21.21,21.11,21.13,538,5644
921006,21.13,21.2,21.13,21.2,760,6173
921007,21.25,21.27,21.25,21.27,209,6302
921008,21.34,21.35,21.3,21.3,381,6291
921009,21.4,21.62,21.4,21.62,1266,5722
921012,21.56,21.56,21.52,21.55,393,5712
921013,21.5,21.55,21.36,21.36,325,5572
921014,21.4,21.42,21.36,21.38,833,5375
921015,21.51,21.58,21.51,21.58,641,5635
921016,21.58,21.62,21.49,21.52,831,5743
921019,21.54,21.56,21.42,21.42,1099,6647
921020,21.47,21.48,21.38,21.44,1078,6198
921021,21.35,21.35,21.05,21.1,1102,6062
921022,21.1,21.14,20.89,20.89,2695,6541
921023,21,21,20.8,20.82,1432,6931
921026,20.72,20.91,20.72,20.91,476,7057
921027,20.96,20.98,20.76,20.76,676,7120
921028,20.62,20.82,20.62,20.79,996,7245
921029,20.78,20.78,20.52,20.56,1076,7465
921030,20.48,20.52,20.37,20.52,2093,7948
921102,20.62,20.62,20.45,20.58,472,7697
921103,20.62,20.63,20.49,20.53,366,7832
921104,20.29,20.39,20.23,20.35,2105,8566
921105,20.25,20.65,20.25,20.63,4996,10762
921106,20.51,20.52,20.35,20.35,987,10899
921109,20.38,20.64,20.34,20.64,405,11008
921110,20.64,20.74,20.51,20.51,649,10923
921111,20.52,20.56,20.5,20.5,295,10967
921112,20.43,20.46,20.3,20.34,942,11368
921113,20.19,20.27,20.17,20.17,1069,11379
921116,20.18,20.39,20.18,20.36,612,11513
921117,20.31,20.33,20.25,20.28,723,11823
921118,20.33,20.33,20.18,20.18,1095,12359
921119,20.22,20.51,20.21,20.46,698,12374
921120,20.43,20.52,20.43,20.49,610,12475
921123,20.28,20.32,20.21,20.21,891,12513
921124,20.3,20.3,20.13,20.19,1650,12410
921125,20.18,20.19,20.15,20.19,912,12109
921130,20.18,20.29,19.85,19.86,2315,13123
921201,19.85,19.87,19.59,19.62,3792,14374
921202,19.61,19.65,19.55,19.55,2902,14286
921203,19.48,19.54,19.34,19.34,1265,14450
921204,19.45,19.52,19.22,19.22,1093,14267
921207,19.12,19.43,19.08,19.39,2708,15247
921208,19.39,19.46,19.15,19.15,1610,16017
921209,19.05,19.23,19,19.19,1942,16287
921210,19.32,19.53,19.32,19.53,1312,16563
921211,19.6,19.6,19.33,19.41,1474,17322
921214,19.36,19.46,19.35,19.4,454,17327
921215,19.35,19.4,19.31,19.31,1965,17395
921216,19.39,19.73,19.39,19.71,2276,17883
921217,19.68,20.09,19.62,20.09,2180,18653
921218,19.98,20.1,19.95,20.06,1412,18380
921221,20.06,20.13,19.98,20.11,1278,18698
921222,20,20.06,20,20.01,1961,19054
921223,20.05,20.11,20.04,20.07,1239,19401
921228,20.2,20.2,19.95,19.95,811,19332
921229,19.9,19.9,19.81,19.83,1503,19456
921230,19.78,19.84,19.77,19.84,1666,18834
921231,19.87,19.87,19.74,19.74,344,18911
930104,19.68,19.69,19.34,19.36,2494,19044
930105,19.4,19.58,19.31,19.57,2183,19129
930106,19.38,19.45,19.36,19.42,1660,19776
930107,19.47,19.54,19.33,19.35,2890,20627
930108,19.41,19.43,19.25,19.3,3021,20882
930111,19.35,19.39,19.19,19.19,2891,21167
930112,19.11,19.11,18.85,18.88,8663,22836
930113,18.97,19.25,18.75,19.03,6130,22947
930114,19.08,19.17,18.95,19.12,7263,22607
930115,19.14,19.4,19.14,19.29,5386,24038
930118,19.4,19.4,19.2,19.25,4050,24651
930119,19.15,19.17,18.96,18.97,3890,23993
930120,18.76,18.96,18.76,18.84,4521,24183
930121,18.89,19.1,18.89,19.07,6987,23731
930122,19.11,19.14,19,19.08,4439,23666
930125,19.4,19.8,19.39,19.79,5317,24173
930126,19.72,19.91,19.71,19.77,6032,23634
930127,19.75,19.83,19.67,19.8,6225,23106
930128,19.77,20.8,19.77,20.47,13598,25026
930129,20.4,20.53,20.23,20.35,11997,25427
930201,20.48,20.5,20.25,20.35,5113,26018
930202,20.35,20.35,20.04,20.07,6891,27133
930203,20.1,20.11,19.92,19.99,5039,27090
930204,20.06,20.41,20.06,20.32,6823,28670
930205,20.2,20.35,20.15,20.22,8594,29476
930208,20.17,20.27,20.08,20.1,5897,30243
930209,20.03,20.11,19.97,20.05,8075,32024
930210,20.26,20.42,20.14,20.17,7996,32345
930211,20.17,20.28,20.13,20.24,4821,32880
930212,20.29,20.29,19.97,19.98,8207,33887
930216,19.72,19.92,19.52,19.55,9699,34634
930217,19.57,19.64,19.33,19.42,18641,36513
930218,19.35,19.75,19.31,19.63,12285,37409
930219,19.75,20.02,19.73,19.9,16555,37659
930222,20.15,20.34,20.14,20.31,15072,40499
930223,20.63,20.66,20.4,20.48,26372,43380
930224,20.47,20.57,20.34,20.55,24345,48274
930225,20.64,20.7,20.44,20.63,23583,50705
930226,20.5,20.76,20.43,20.64,20024,53382
930302,20.5,20.56,20.49,20.54,9167,53525
930303,20.63,20.63,20.53,20.56,12092,55412
930304,20.72,21.15,20.68,21.12,28196,58050
930305,21.12,21.17,20.92,20.97,20566,58557
930308,20.87,20.88,20.7,20.8,16942,61118
930309,20.78,20.84,20.67,20.76,17252,62271
930310,20.9,20.94,20.4,20.46,25555,64341
930311,20.45,20.51,20.11,20.24,41203,69508
930312,20.39,20.49,20.3,20.41,29482,71281
930315,20.62,20.64,20.27,20.3,34110,73300
930316,20.18,20.31,20.13,20.26,35623,76485
930317,20.17,20.45,20.12,20.3,47062,82709
930318,20.37,20.45,20.29,20.44,35372,87483
930319,20.48,20.6,20.19,20.22,52438,90843
930322,20.22,20.24,19.74,19.76,63522,95245
930323,19.85,20.05,19.76,20.03,42850,93725
930324,20.16,20.3,20.15,20.24,39404,89310
930325,20.22,20.42,20.18,20.41,33888,85404
930326,20.28,20.45,20.24,20.41,28169,85027
930329,20.31,20.55,20.25,20.29,41411,84319
930330,20.27,20.32,20.17,20.28,37337,84479
930331,20.33,20.47,20.31,20.44,37080,81201
930401,20.48,20.65,20.41,20.52,43933,81807
930402,20.59,20.67,20.43,20.65,36291,87758
930405,20.69,20.75,20.49,20.62,28036,73000
930406,20.44,20.46,20.22,20.3,35341,68770
930407,20.38,20.4,20.27,20.37,27862,61787
930408,20.4,20.4,20.06,20.22,38478,59612
930412,20.17,20.51,20.15,20.46,28606,54257
930413,20.45,20.52,20.4,20.46,24393,48583
930414,20.3,20.46,20.22,20.4,26264,45742
930415,20.45,20.47,20.2,20.22,21703,42244
930416,20.19,20.22,20.07,20.14,19579,40487
930419,20.07,20.1,19.95,19.99,32017,26749
930420,20,20.02,19.78,19.84,41889,6443
