780808,91,91.5,91,91.5,2,2
780809,89.25,89.25,89.25,89.25,0,2
780810,90,90,90,90,2,4
780811,90.5,91,89.75,89.75,3,4
780814,89.4,89.4,89.4,89.4,0,4
780815,89.3,89.3,89.3,89.3,0,4
780816,89.5,90.5,89.5,90.5,7,10
780817,90,90,90,90,0,10
780818,90,90,90,90,0,10
780821,90.75,90.75,90.75,90.75,0,10
780822,90.75,90.75,90.75,90.75,0,10
780823,90.5,90.5,90.5,90.5,0,10
780824,90.5,90.5,90.5,90.5,1,11
780825,90.5,92.3,90.5,92.3,0,11
780828,90.65,90.65,90.65,90.65,0,13
780829,90.9,90.9,90.9,90.9,0,13
780830,90.25,90.25,90.25,90.25,0,13
780831,90,90,90,90,0,13
780901,91,91.5,91,91.5,7,20
780905,93.5,93.5,93.5,93.5,1,21
780906,94,94,94,94,2,21
780907,94.5,95,94.5,95,1,22
780908,93.6,94,93.4,93.4,3,25
780911,93.9,94,93,94,5,28
780912,95,95.5,95,95.5,5,29
780913,94.5,94.5,93,93,8,32
780914,92,92,91.5,91.5,5,32
780915,91.5,91.5,91.5,91.5,0,29
780918,91,91,91,91,6,32
780919,90.1,90.1,89.5,90,7,31
780920,90,90,90,90,2,30
780921,90,90,90,90,0,30
780922,91.7,91.7,91.7,91.7,0,30
780925,92,92,91,91,3,33
780926,91.6,91.6,91.6,91.6,0,33
780927,91.5,91.5,91.5,91.5,0,33
780928,91,91,90.5,90.5,1,34
780929,91,91,90,90,3,37
781002,90,90,90,90,0,37
781003,91.4,91.4,91.4,91.4,0,37
781004,91.3,91.3,91,91,2,39
781005,91.1,91.1,91.1,91.1,0,39
781006,92.85,92.85,92.85,92.85,0,39
781009,94.2,94.2,94.2,94.2,0,39
781010,94.2,94.5,93.5,93.5,13,52
781011,93.3,93.3,93.3,93.3,0,52
781012,96.3,96.3,96.3,96.3,1,52
781013,99.3,99.3,99.3,99.3,0,52
781016,102.3,102.3,102.3,102.3,0,52
781017,105.3,105.3,105.3,105.3,1,53
781018,108.3,108.3,108.3,108.3,0,54
781019,113.3,113.3,113.3,113.3,52,93
781020,113.3,115,112.9,114.2,116,151
781023,113.5,114,109.2,109.2,87,166
781024,109,109.55,109,109.5,31,157
781025,109,109,106.5,106.5,63,140
781026,105.5,106,105.5,105.5,217,318
781027,105.5,107.5,105.5,107.5,16,322
781030,107.5,107.5,107.5,107.5,10,344
781031,108.2,108.2,108.2,108.2,8,345
781101,108,108,105.5,105.5,7,350
781102,105,105,104.5,104.5,7,352
781103,103.5,103.5,102.5,102.5,20,350
781106,101.5,102.8,101.5,102.8,8,347
781108,103.5,105.8,103.5,105.8,23,342
781109,106,106,104,104,96,312
781110,106.25,106.25,104,104,12,311
781113,104.5,104.5,104.5,104.5,0,311
781114,104.5,104.5,104,104.5,6,310
781115,106,106,106,106,3,309
781116,106.5,106.5,105,106,23,314
781117,105.5,106.75,105.5,106.5,20,322
781120,109,109.4,109,109.4,3,321
781121,109.3,109.3,108.5,108.5,18,331
781122,108.5,108.5,107,107,56,339
781124,108,108,107.2,107.2,4,341
781127,107.25,109,107.25,107.45,14,303
781128,108,108.2,107.75,107.75,72,340
781129,106.75,106.75,106.75,106.75,15,350
781130,107,108.5,107,108.5,26,374
781201,107.5,109.25,107.05,109.25,8,384
781204,110,110,110,110,3,385
781205,109.5,110.5,109.5,110.5,22,399
781206,110.75,111,110.25,110.25,31,377
781207,110.5,110.5,110,110,18,378
781208,109.9,110.9,109.9,110.9,12,373
781211,113.25,113.25,110.85,110.85,10,377
781212,110.5,110.7,110.15,110.7,8,380
781213,109.75,109.75,109,109,27,379
781214,107.5,108.25,107.5,107.95,12,379
781215,108,108,107.7,107.7,11,389
781218,108,108,108,108,0,392
781219,107,107,106,106.25,16,405
781220,106.5,107.5,106.5,107.5,6,405
781221,108.3,108.5,108.1,108.5,19,413
781222,110.5,110.5,110.5,110.5,6,417
781226,109.8,109.8,109.5,109.5,7,421
781227,110,110.25,110,110.2,13,426
781228,110.25,110.5,110,110.1,35,436
781229,110.25,110.5,110.25,110.5,14,444
790102,113,114,112,113,47,443
790103,116,118,116,117.75,141,456
790104,113.5,113.5,112.75,112.75,34,494
790105,112.35,112.7,111.5,112.7,66,508
790108,112.25,112.5,112.25,112.5,2,508
790109,112.25,112.5,112,112.5,16,519
790110,112.5,114.65,112.5,114.65,26,529
790111,114,114.5,113.7,113.7,55,509
790112,115,116,114.5,114.5,36,520
790115,114.5,114.5,112.5,112.5,32,533
790116,111.5,111.6,111.15,111.2,15,539
790117,112.35,112.5,112.25,112.5,12,541
790118,112.4,112.8,112,112.8,36,561
790119,114,114,113.85,114,19,568
790122,113,113,112.8,112.8,5,572
790123,113,113.35,113,113.35,54,609
790124,113.5,113.5,113,113,34,615
790125,112.75,113,112.5,112.75,32,615
790126,113,113,112.5,112.5,18,622
790129,111.1,111.25,110.75,110.95,41,649
790130,112.5,113.9,112.5,113.25,68,676
790131,113.4,113.95,113.4,113.5,80,662
790201,113.25,114,113.25,113.35,63,678
790202,112.4,113.7,112.4,113.5,38,702
790205,111.3,111.5,110.25,111.35,21,705
790206,111.5,111.5,111.1,111.1,29,696
790207,111.4,112.5,111.4,112.5,30,714
790208,111.5,111.5,110.9,111.4,51,747
790209,111.1,111.25,110.4,110.5,72,766
790212,107.8,107.8,106,107.75,106,788
790213,108,108.1,107.7,108,80,794
790214,107.9,108.75,107.9,108.75,17,786
790215,108.75,109,108.15,108.45,26,790
790216,108.4,108.4,105,106.4,51,795
790220,106.25,106.25,104.5,104.55,228,804
790221,104.5,104.5,103.9,104.15,49,821
790222,103.9,103.9,103.6,103.9,16,828
790223,103,103,101.5,102.1,29,826
790226,102.8,103.9,102.8,103.7,48,803
790227,103.6,104,103.6,103.95,9,796
790228,103.6,103.75,103,103.5,21,802
790301,103,103.35,103,103.35,59,809
790302,103.75,104,103.75,104,34,796
790305,103.75,103.75,102.8,103,33,801
790306,102.5,102.9,102.5,102.75,50,820
790307,102.9,102.9,102.35,102.5,32,873
790308,102.5,103.7,102.5,103,67,870
790309,101.6,102,101.6,102,26,884
790312,101,101.1,99,99.2,33,890
790313,99.1,99.2,97.3,99,74,913
790314,99.6,99.6,98.5,98.65,28,917
790315,98.3,98.3,95.5,95.75,41,942
790316,96.5,97.7,96.5,97.1,52,869
790319,96.4,97.25,95,95.05,88,929
790320,95.75,96,95.3,95.8,27,929
790321,95.8,97.75,95.8,97.7,51,940
790322,97.7,97.7,96.8,97.2,42,948
790323,97.25,97.25,95,95.1,63,955
790326,93.8,94.8,93.8,94.5,83,982
790327,94,95.8,94,95.8,44,961
790328,96.7,97.5,96.5,96.9,102,954
790329,96.9,97.6,96.6,97.25,68,980
790330,97.5,97.9,97,97.85,40,988
790402,97.75,97.75,97.25,97.7,27,978
790403,97.8,97.8,97.1,97.1,114,1002
790404,97,97.1,96.3,96.3,57,1008
790405,96,96.25,95.6,96.25,66,963
790406,97,97,96.55,96.7,32,948
790409,96.5,96.75,96.5,96.5,17,951
790410,97,97.3,96.7,96.7,39,943
790411,96.5,96.75,96.15,96.6,51,933
790412,96.8,98.9,96.5,98.85,154,1007
790416,98.6,99.25,98.5,99,90,1002
790417,98.5,98.9,98.4,98.7,25,1006
790418,98.9,98.9,98.5,98.5,9,1007
790419,99.1,99.9,98.8,98.9,36,1013
790420,99.7,101.25,99.7,101.25,34,999
790423,101.5,103.7,101.5,103.65,68,990
790424,103.1,103.1,102,102.25,45,989
790425,101.85,101.9,100.8,100.9,43,976
790426,101.1,101.1,100.5,100.5,45,998
790427,99.5,99.5,98.5,99.25,59,995
790430,99.35,100,99.35,100,53,1009
790501,99.5,99.5,97.85,98.4,53,1028
790502,98.2,98.25,97.6,98.1,29,1022
790503,97.9,98.8,97.75,98,71,1018
790504,97.5,98.4,97.35,98.2,61,1040
790507,98,99.75,98,99.6,87,1070
790508,99.6,99.75,98.4,98.45,58,1084
790509,98,98.75,98,98.75,36,1103
790510,98.9,99.5,98,98.5,48,1118
790511,97.8,98.8,97.75,98.8,43,1108
790514,98.5,98.7,98.2,98.4,47,1101
790515,98.4,98.8,98.05,98.8,62,1071
790516,98.85,99.4,98.4,99.4,50,1053
790517,99.1,100.45,99.1,100.3,33,1071
790518,99.45,99.7,98.8,99.7,94,1036
790521,99,99,98.3,98.85,35,1032
790522,99,99.5,98.35,99.5,46,1031
790523,99.3,100.2,99.3,100,33,1037
790524,100.75,101.25,100.5,100.9,15,1034
790525,100.5,100.5,100,100.3,26,1047
790529,100.65,100.85,99.85,100.85,22,1047
790530,100.5,100.85,100.25,100.6,49,1061
790531,100.1,100.1,99.5,100,78,1080
790601,99.75,99.75,99.3,99.4,31,1076
790604,100,100.3,97.1,97.75,103,1084
790605,97.6,98.4,97,97.4,104,1076
790606,97.4,98.4,97.25,98.4,24,1078
790607,98.25,98.25,97.6,97.6,40,1077
790608,96.95,96.95,96.3,96.6,30,1080
790611,96.25,96.3,94.75,95.75,112,1076
790612,95.75,96.15,95.4,96.15,38,1081
790613,96.2,96.45,95.9,96.45,47,1076
790614,96.2,96.4,95.5,95.5,105,1104
790615,94.8,95.9,94.3,95.75,104,1116
790618,96.25,96.5,95.25,95.5,213,1099
790619,94.8,95.1,94.1,94.15,127,1149
790620,93.75,93.75,91.25,91.25,131,1147
790621,91.25,92.5,91,92,111,1164
790622,92,93.25,92,93,72,1181
790625,92.5,93.7,92.25,93.3,121,1221
790626,93.3,94.2,93.3,94.1,120,1258
790627,94,94,93.6,93.7,21,1265
790628,94.1,94.9,94.1,94.5,106,1252
790629,94.1,94.3,93.5,94,62,1238
790702,94,94,93,93.1,46,1270
790703,93.95,94.6,93.9,93.95,30,1287
790705,94.4,94.4,93.5,94.1,55,1293
790706,95.1,96.9,95.1,96.7,149,1302
790709,97.2,99.8,96.6,99.4,175,1257
790710,99.9,100.9,99.7,100.8,255,1359
790711,100.5,100.8,99.8,100.2,162,1391
790712,100.2,100.6,99.5,99.8,83,1400
790713,99.1,99.3,98.3,99.3,94,1394
790716,99.5,100.9,99.5,100.5,150,1445
790717,100.9,100.9,99.5,99.5,183,1526
790718,98.5,100.4,98.45,98.5,99,1550
790719,98.7,99,97.2,97.5,95,1524
790720,98.1,98.5,97.2,97.8,80,1548
790723,98.05,100.2,98.05,98.55,92,1555
790724,97.8,98.25,97.6,97.9,51,1537
790725,97.5,98.3,97.5,98.2,31,1526
790726,98.5,99.5,98.5,98.8,87,1544
790727,99.4,99.4,98.4,98.55,23,1535
790730,98.25,99.5,98.1,99.5,22,1530
790731,100,101,100,100.9,111,1582
790801,101.1,103,101.1,102.7,219,1627
790802,103.2,103.5,102.1,102.9,146,1610
790803,103.25,104.2,103.25,103.7,273,1563
790806,103.7,103.95,103.1,103.7,102,1522
790807,103.25,103.5,103,103.1,62,1547
790808,103.4,103.5,102,102.45,253,1502
790809,102.45,102.5,102,102.5,85,1484
790810,101.8,101.95,101,101.7,89,1462
790813,102.1,103.75,102.1,103.4,92,1497
790814,103.9,105.8,103.4,105.35,220,1469
790815,105.6,105.6,103.8,104.2,137,1497
790816,103.9,104.7,103.9,104,67,1527
790817,104.5,104.95,104.2,104.95,38,1584
790820,105,105.8,105,105.4,212,1597
790821,105.15,105.15,104.1,105.1,178,1603
790822,104.8,105.8,104.8,105.65,328,1674
790823,105.5,106.7,105.5,105.8,362,1716
790824,106.6,106.95,105.7,105.7,153,1801
790827,106.5,106.9,106.4,106.5,97,1857
790828,107,109,107,107.7,318,1947
790829,108,108.1,106.2,106.9,208,1974
790830,107.75,109.3,107.75,108.65,290,2029
790831,109.3,109.4,107.7,108.05,321,2149
790904,107,107,103.95,104.25,963,2152
790905,104.5,105.9,104.5,104.8,158,2124
790906,104.6,105.8,104.6,105.05,114,2128
790907,104.2,104.3,101,101.25,500,1951
790910,101.25,102.3,100.1,101.7,510,1941
790911,102.3,102.3,101.4,102,227,1919
790912,102.25,103.25,101.7,102.45,397,2092
790913,102.4,102.45,101.5,102.4,210,2045
790914,102.7,102.8,101.5,102,224,2020
790917,101.5,103,100.2,102.6,246,1986
790918,103,104.3,102.65,103.1,166,2001
790919,103.5,104.1,103,104,156,1992
790920,104.8,105.8,104.5,105.8,289,2047
790921,106.7,107.6,106.3,107.1,430,2038
790924,107.5,107.6,106.7,106.9,149,2061
790925,106.9,106.9,105.9,106.45,113,2086
790926,106.2,107.1,105.85,106.6,144,2058
790927,107.5,109,107.45,107.9,239,2048
790928,109,109.45,108.6,108.8,297,2193
791001,109.5,110.5,109.5,110.25,411,2300
791002,110.85,110.9,106.6,107.5,233,2306
791003,107.2,108.35,107.2,107.95,131,2321
791004,107.6,108.4,106.8,107.2,180,2294
791005,108.4,108.7,107.5,107.6,149,2333
791008,106.1,106.2,104.7,104.85,341,2377
791009,105.5,105.6,105,105.4,221,2354
791010,105,105.3,104.3,104.95,186,2369
791011,105,106.5,105,105.65,141,2345
791012,106,107,105.6,106.15,302,2393
791015,101.15,101.15,101.15,101.15,76,2446
791016,96.15,96.5,96.15,96.15,741,2314
791017,96.3,97.5,96.2,97.1,548,2332
791018,97.5,98.25,97.5,97.65,319,2380
791019,98.2,98.6,95,95.15,621,2457
791022,94.8,96.35,94.8,96.25,336,2390
791023,96.45,96.5,95.25,95.7,163,2385
791024,96,96,94.3,94.35,241,2358
791025,94.1,96.3,94.1,96.3,186,2369
791026,96.1,101.3,95.3,101.3,265,2349
791029,97.5,97.95,97,97.6,231,2364
791030,97.6,97.7,96.55,97,145,2299
791031,97.5,97.5,96.5,96.5,140,2284
791101,96.25,96.65,96.1,96.6,130,2251
791102,96.6,96.7,95.5,96.2,230,2243
791105,95.9,96,95.25,95.65,144,2244
791106,95.5,96.25,95.5,95.9,104,2256
791107,95.5,96.5,95.5,95.95,115,2263
791108,95.7,95.85,95.05,95.1,107,2244
791109,95.4,98.5,95.4,96.25,526,2457
791112,96.9,97.95,96.6,97.75,174,2465
791113,97.8,97.85,95.55,96.05,262,2446
791114,96,96.8,95.75,96.2,128,2474
791115,96.25,96.6,94.5,94.55,242,2537
791116,93.4,95.9,92.7,95.6,637,2621
791119,95.6,96.5,94.75,94.8,385,2739
791120,94.5,94.7,93.95,94.2,171,2771
791121,95.2,95.9,94.75,95.85,232,2803
791123,95.9,96.4,95.4,95.55,154,2823
791126,95.7,96.4,95.35,96,93,2820
791127,96.4,96.5,95.5,95.5,90,2819
791128,95.75,97,95.75,96.95,344,2952
791129,97.4,97.6,96.7,97.15,286,2909
791130,97.65,98.5,96.3,96.4,283,2929
791203,96.9,96.9,95.3,95.4,568,2818
791204,95.25,96.1,94.9,95.2,273,2817
791205,95.9,96.1,95.3,95.4,139,2808
791206,95.9,96.3,95.7,96.2,115,2791
791207,96.5,96.5,95.4,95.85,157,2790
791210,96.15,96.9,96,96.65,123,2778
791211,96.85,97.2,96.1,96.1,187,2725
791212,96.6,97.05,96.6,96.95,107,2718
791213,97.35,100.95,97.2,100.75,479,2632
791214,99.95,100,99.1,99.3,248,2557
791217,99.6,100.3,99.3,99.4,151,2566
791218,99.25,99.25,98.15,98.2,207,2399
791219,98.2,98.5,97.6,97.65,78,2312
791220,97.9,98.65,97.9,98.4,75,2254
791221,98.2,98.7,97.95,98,32,2238
791226,98.25,98.4,97.3,97.35,92,2195
791227,97.7,98.25,97.6,98.25,109,2109
791228,98.5,99.6,98.3,98.9,204,2044
791231,98.9,98.9,95.5,95.75,160,2012
800102,95.25,97.1,95.25,97.1,202,1888
800103,97.5,99,96,96.05,235,1735
800104,96.5,98.05,96.5,97.75,226,1639
800107,95.05,95.05,93.1,93.1,213,1523
800108,92.5,92.5,91.3,91.8,264,1146
800109,91.35,92.75,91.05,92.15,164,1000
800110,92.25,92.25,89.5,90.2,226,857
800111,89.9,91,89.9,90.65,138,772
800114,90.05,90.85,89.8,90.8,153,711
800115,91.2,92.1,91.2,92,73,688
800116,92.1,93,91.5,93,66,616
800117,92.9,94,92.25,92.25,176,449
800118,91.5,91.5,89,90,309,156
