800111,94,94,93.75,93.75,5,159
800114,94.15,94.6,94.1,94.6,17,156
800115,95,95.3,95,95.3,16,143
800116,95,95,94.25,94.5,3,142
800117,95,95,94.7,94.7,5,143
800118,94.5,94.5,93.1,93.1,6,147
800121,93.75,93.75,93.75,93.75,4,147
800122,93.6,93.6,93.6,93.6,6,149
800123,93.95,94.2,93.95,94.1,4,151
800124,93.9,94.1,93.9,94.1,3,151
800125,93.9,93.9,93,93,6,153
800128,92.6,92.6,90.8,91.25,31,169
800129,91.4,91.4,91.3,91.4,164,300
800130,91.4,91.4,90.8,90.8,19,307
800131,90.5,92,90.5,91.5,62,351
800201,93.5,93.7,90.5,90.5,30,356
800204,90.4,91.2,90.4,91,20,365
800205,91,91.5,90.6,90.75,15,368
800206,91.15,91.15,90.5,90.5,5,365
800207,90.5,90.5,90.3,90.5,3,364
800208,90.5,90.8,90.5,90.5,12,367
800211,90.3,90.3,87.3,88,23,377
800212,88,88.75,87.75,88,28,384
800213,88.5,88.5,88,88,18,389
800214,88.25,88.25,88.25,88.25,0,389
800215,88,90.3,88,90.3,6,384
800219,90.1,90.1,89,89,3,384
800220,90,90,90,90,8,385
800221,90,90,89.7,89.7,5,380
800222,90,90,89.2,89.2,1,381
800225,89.6,89.6,89.6,89.6,0,381
800226,90,90.2,89.75,89.75,10,383
800227,89.5,90,89.5,89.75,5,387
800228,90,90,89.6,89.6,0,387
800229,90.5,90.5,90,90,9,392
800303,95,95,95,95,5,392
800304,100,100,100,100,59,412
800305,105,105,105,105,45,419
800306,105,106.7,104,106,315,516
800307,105.3,107,105.05,106.5,378,704
800310,105.5,105.5,101.75,102.5,321,750
800311,103.25,105.1,103,105,156,813
800312,104.7,106.65,104.7,106.1,232,922
800313,106,106,104.75,106,86,942
800314,105.8,105.8,104.65,104.65,55,962
800317,103.45,104,103,104,60,974
800318,103.75,104.5,103.7,104.4,66,949
800319,104.5,104.6,103,103,75,952
800320,102.5,103.7,102.25,103,78,966
800321,102.8,103.25,102.35,102.65,84,965
800324,101,101,97.8,98.4,251,921
800325,98.85,98.9,98.35,98.7,77,869
800326,98.7,99.2,98.7,99.2,7,865
800327,99.5,99.6,98.2,98.3,62,844
800328,97.5,97.5,93.5,93.5,191,829
800331,93,93,90.4,90.65,226,813
800401,90.75,91,90.2,90.9,71,823
800402,91.8,92.2,91.6,91.9,12,815
800403,92.6,92.85,92.6,92.85,26,810
800407,92.8,92.85,92.2,92.2,13,801
800408,92.4,92.85,92.4,92.6,51,790
800409,92.85,93,92.5,92.75,25,778
800410,93,93,91.85,92.1,31,778
800411,91,91,90,90.25,63,772
800414,90.15,91.55,89.9,90.6,23,759
800415,91.25,92.4,91.25,92.25,33,743
800416,92.9,93.05,92.75,93,109,708
800417,93,93,91.9,92.25,77,728
800418,92.3,92.5,91.9,92.25,27,736
800421,91.8,91.8,91.5,91.5,2,737
800422,91.5,92.1,91.2,92,17,733
800423,92.4,92.4,91.6,91.6,3,731
800424,92,92.2,90.7,90.7,5,733
800425,92,92,91,92,8,732
800428,91.5,91.5,91,91,19,731
800429,91.5,91.6,91.5,91.5,14,726
800430,91.2,91.3,91.2,91.3,7,724
800501,91.4,91.5,91.2,91.3,28,728
800502,91.15,92,91.05,91.9,72,784
800505,92.3,93.2,92.1,92.8,72,818
800506,92.5,93,92.5,93,33,821
800507,93,93.85,92.9,93.75,64,849
800508,93.4,93.7,93,93,71,863
800509,92.5,92.75,92,92,128,854
800512,92,92.85,92,92.85,11,849
800513,93.5,93.5,93.5,93.5,0,849
800514,93.5,93.5,92.6,92.6,4,848
800515,93,93,92.6,92.6,11,856
800516,92.4,92.5,92.25,92.45,64,881
800519,92.45,92.7,92.45,92.7,16,883
800520,93,93.1,93,93.1,6,877
800521,93.25,93.25,92.8,92.8,5,879
800522,92.75,92.75,92.3,92.3,5,879
800523,92.75,92.8,92.65,92.8,10,873
800527,93.2,93.45,93,93,30,881
800528,93.3,93.3,92.8,92.8,20,883
800529,92.8,92.8,92.6,92.6,10,887
800530,92.6,92.8,92.6,92.7,36,919
800602,92.85,93.1,92.55,93.1,14,921
800603,93.5,93.5,93.2,93.5,43,918
800604,93.7,95.8,93.7,94.85,129,970
800605,94.7,94.7,93.25,93.25,99,1014
800606,92.1,92.3,91.9,91.9,71,1005
800609,91.25,91.45,89.75,89.75,146,1011
800610,89.45,89.7,89,89.3,149,1025
800611,89.65,89.7,89.25,89.4,75,1043
800612,89.05,89.3,88.6,89.05,143,1080
800613,88.5,89.9,88.5,89.1,75,1126
800616,89.3,89.5,88.7,89.5,30,1136
800617,89.5,89.8,89.2,89.7,55,1146
800618,89.5,89.5,88.8,88.8,28,1154
800619,88.8,89.05,88.8,89,10,1149
800620,89.1,89.5,89.1,89.25,28,1147
800623,89.5,90.1,89.25,89.75,49,1158
800624,89.75,90.05,89.75,89.9,9,1167
800625,89.95,90.1,89.75,89.75,52,1190
800626,89.8,89.8,89.25,89.25,45,1190
800627,89.4,89.4,88.8,88.8,82,1243
800630,89,89.2,88.85,89.1,28,1240
800701,89.5,89.7,89.1,89.1,59,1255
800702,89.4,90.9,89.4,90,91,1280
800703,90.3,90.3,89.5,89.7,58,1316
800707,90.1,90.4,90,90.2,93,1372
800708,90.4,90.85,90.2,90.7,81,1393
800709,90.8,91.5,90.8,90.95,86,1403
800710,91.1,91.25,90.9,91.05,103,1401
800711,90.55,90.75,90.15,90.3,132,1489
800714,90.4,92.8,90.4,92.1,169,1498
800715,92.25,92.8,91.85,92.6,182,1581
800716,93,93,92.35,92.65,107,1600
800717,92,92.65,91.8,92.4,76,1598
800718,92.3,92.65,92.3,92.6,13,1596
800721,92.05,92.1,90.95,91,104,1644
800722,90.7,91.8,90.15,91.2,139,1630
800723,91.5,91.7,90.8,91.1,114,1621
800724,91,91.6,90.95,91.6,52,1621
800725,91.3,91.3,90.5,90.6,47,1620
800728,90.2,90.8,89.9,90.8,123,1657
800729,91,91.85,90.5,91.8,41,1657
800730,91.8,91.9,91,91.25,39,1673
800731,91.2,91.5,91,91.2,48,1686
800801,91.4,92,91.4,91.75,86,1707
800804,92.9,93,92.6,92.95,161,1716
800805,93,93.2,92.3,93,160,1713
800806,93,93.5,92.5,92.5,350,1788
800807,92,92.35,91.5,91.85,109,1796
800808,92.3,92.8,92.05,92.5,75,1821
800811,92.5,92.5,91.6,92.35,92,1837
800812,92.45,92.9,92.35,92.8,84,1856
800813,93,93.5,92.7,93.1,107,1900
800814,93.3,94.3,93.3,93.8,171,1985
800815,94.05,94.1,93.4,93.75,116,1959
800818,93.15,93.3,92.7,92.95,39,1973
800819,93.1,94.1,93.1,94.1,102,1976
800820,94.05,94.45,93.7,94,241,2013
800821,93.9,94.45,93.6,94.15,75,2019
800822,94.5,94.65,94.1,94.5,121,2061
800825,94.9,95.7,94.7,95.6,237,2084
800826,95.4,95.75,95.3,95.4,237,2091
800827,95.1,95.2,94.4,95,159,2134
800828,95.8,95.8,95.65,95.8,208,2156
800829,95.9,96.25,95.1,96.2,153,2114
800902,96.6,96.75,95.8,95.8,178,2152
800903,96.3,96.75,95.9,96.7,112,2176
800904,96.8,97.4,96.4,96.45,128,2182
800905,96.9,97,96.05,97,112,2169
800908,97.4,97.65,97,97,134,2176
800909,97.4,97.4,96.15,96.65,173,2196
800910,96.25,96.65,95.4,95.65,285,2053
800911,95.7,96.75,95.7,96.75,79,2085
800912,96.8,97.1,96.55,96.85,212,2196
800915,96.5,96.85,96.25,96.65,115,2190
800916,96.5,97.5,96.5,97.3,375,2462
800917,97.25,97.5,96.8,97.25,158,2547
800918,97.6,99.05,97.6,99,353,2745
800919,99.15,100.4,99.05,99.35,469,2827
800922,99.5,101.75,99.5,100.5,278,2957
800923,100.5,100.6,99.6,100.55,195,2994
800924,100.2,100.3,99.4,99.55,207,3043
800925,99.4,101,99.3,100.95,206,3044
800926,101.05,101.9,99.8,100.1,358,3060
800929,99.85,100.2,99.5,100,223,2988
800930,99.85,101,99.85,101,239,3053
801001,101.45,101.7,100.9,101,182,3072
801002,100.8,102,100.8,102,279,2980
801003,102.6,102.7,101.4,101.55,319,3070
801006,101.85,103.9,101.4,102.15,111,3043
801007,102.8,102.85,102.2,102.2,161,3081
801008,102.1,102.5,101.4,101.45,204,3092
801009,101.35,102,101.1,101.85,261,3056
801010,101.8,103.3,101.35,103.2,492,3191
801013,98.2,98.2,98.2,98.2,79,3235
801014,93.2,93.95,93.2,93.2,926,3171
801015,93.9,94.85,93.4,93.4,829,3228
801016,93.55,94.1,92.4,92.5,492,3197
801017,92.5,92.9,91,91.5,781,3006
801020,92.1,92.1,91.5,92.05,174,2964
801021,92.25,92.6,92,92.05,177,2945
801022,91.75,92.6,91.75,92.55,259,2917
801023,92.9,92.9,92,92.1,194,2868
801024,92.5,92.75,92.2,92.2,66,2888
801027,92.95,93.2,92.5,93,200,2862
801028,93,93.05,92.6,92.6,110,2870
801029,92.55,92.8,92.5,92.55,173,2871
801030,92.5,92.55,92.2,92.25,127,2845
801031,92.1,92.8,92.05,92.75,208,2786
801103,93.1,93.9,92.8,93.4,215,2680
801105,93.25,93.25,92.75,93,210,2594
801106,93.05,93.3,91.6,91.6,345,2453
801107,91,91.2,90.6,90.6,438,2413
801110,90.2,91.45,90.1,91.35,272,2360
801111,91.5,92.7,91.5,92.6,148,2313
801112,92.9,92.9,92.1,92.4,141,2282
801113,92.25,92.6,92,92.6,106,2276
801114,93,93.8,92.85,93.2,351,2379
801117,93.25,93.7,93.1,93.25,144,2401
801118,92.9,93,92.6,92.6,120,2417
801119,92.65,92.65,91.25,91.8,305,2452
801120,90.75,93,90.55,90.7,200,2462
801121,90.55,90.75,90.1,90.75,171,2431
801124,90,90,88,88,375,2377
801125,87.55,88.7,86.4,87.8,290,2221
801126,87.65,88.9,87.65,88.5,95,2231
801128,88.2,88.75,88,88.1,100,2250
801201,88.75,88.75,86.15,86.7,214,2225
801202,86.75,87.5,85.8,87.5,240,2137
801203,87.4,88,87.3,87.3,137,2081
801204,87.3,87.3,84.7,84.7,247,2011
801205,84.3,84.3,83,83.75,220,1975
801208,84.35,84.35,83.5,83.9,107,1934
801209,84,84.1,83,83.1,206,1830
801210,83,83.2,81.75,82,374,1655
801211,82,85.7,79.65,80.3,494,1419
801212,80.25,81.75,80.25,81.3,91,1354
801215,81.4,83.2,81.3,82,80,1351
801216,81.5,82,81.15,81.6,70,1309
801217,82.75,83.3,82.6,83.1,110,1262
801218,83.8,85,83.75,84.9,101,1183
801219,84.9,84.9,83.6,83.9,120,1142
801222,83.45,83.7,83.1,83.6,160,1037
801223,83.4,83.9,83.4,83.6,130,962
801224,84.4,84.45,83.7,83.95,85,913
801229,82.5,82.55,78.95,79.9,207,813
801230,78.25,78.25,76.75,77.25,364,671
801231,78,78.2,77.4,77.4,205,591
810102,77,78.45,77,78.35,243,562
810105,78.4,79.25,78.05,78.05,82,428
810106,77.5,81.25,76.9,80.7,17,436
810107,78.5,80.5,78.5,79.4,17,429
810108,79.4,79.4,78.05,78.6,28,430
810109,78.4,78.4,78,78,30,363
810112,80.5,83,80.5,83,39,313
810113,88,88,88,88,2,253
810114,93,93,93,93,0,249
810115,113,117.25,108,114.4,407,579
810116,113.5,115.5,113.3,113.5,59,622
810119,115,115,112,114,287,723
