821115,131.5,131.5,131.5,131.5,0,1
821116,131.1,131.1,131.1,131.1,0,1
821117,132,132,131.5,131.5,2,2
821118,132,132,132,132,0,2
821119,131,131,131,131,0,2
821122,131.2,131.2,131.2,131.2,0,2
821123,131.2,131.2,131.2,131.2,0,2
821124,131.1,131.1,131.1,131.1,0,2
821126,131.1,131.1,131.1,131.1,0,2
821129,130.75,130.75,130.75,130.75,0,2
821130,131.4,131.4,131.4,131.4,0,2
821201,131.75,131.75,131.75,131.75,0,2
821202,131.75,131.75,131.75,131.75,0,2
821203,131.4,131.4,131.4,131.4,0,2
821206,130.6,131.1,130.6,131.1,0,2
821207,131.1,131.1,131.1,131.1,0,2
821208,131.9,131.9,131.9,131.9,0,2
821209,131.5,131.5,131.5,131.5,0,2
821210,131.35,131.35,131.35,131.35,0,2
821213,130.5,130.5,130.5,130.5,0,2
821214,130.5,130.5,130.5,130.5,0,2
821215,130,130,130,130,0,2
821216,130,130.15,130,130.15,1,2
821217,129.5,130.35,129.5,130.35,30,32
821220,129.9,130,129.9,130,13,45
821221,129.9,129.95,129.9,129.95,5,50
821222,128.8,129,128.8,129,1,51
821223,128,128,128,128,0,51
821227,126.25,126.25,126.25,126.25,0,51
821228,126.65,126.85,126.65,126.85,4,55
821229,126.65,126.65,126,126,1,55
821230,125.3,125.3,125.3,125.3,0,55
830103,120.7,120.7,120.7,120.7,0,55
830104,120,121.1,120,121,43,64
830105,120.5,120.5,119.75,119.75,22,76
830106,119.4,119.4,119.4,119.4,2,76
830107,116.75,116.75,116.75,116.75,0,76
830110,118.75,118.75,118.45,118.45,1,76
830111,119.5,119.5,119.4,119.4,1,76
830112,119,119,118.2,118.7,9,85
830113,120.25,120.25,120.25,120.25,11,90
830114,123,124,122.5,122.5,32,100
830117,117.5,117.5,117.5,117.5,0,100
830118,116,116,115.45,115.45,21,121
830119,115,115,113.5,113.5,57,168
830120,113.2,116.3,113.2,116.3,26,180
830121,115,115,114.4,114.4,30,196
830124,111.5,111.5,111.5,111.5,33,229
830125,111.8,111.8,111.8,111.8,10,224
830126,111.5,111.5,111,111.2,21,230
830127,111.3,111.6,111.3,111.6,25,245
830128,112,112,111,111,14,259
830131,110.5,110.5,110.3,110.45,8,261
830201,111.2,111.2,110.75,110.9,7,262
830202,111.25,112,110.2,110.6,22,272
830203,110.6,110.6,109.8,109.8,11,282
830204,110.5,110.6,109.8,109.8,22,301
830207,109.5,110,108.5,108.5,16,309
830208,108.5,108.5,108.25,108.25,10,314
830209,108,108.5,107.9,107.95,10,317
830210,108.75,108.75,108.3,108.3,6,318
830211,108,110,108,109.25,43,345
830214,109.7,109.7,109,109,17,361
830215,108.6,108.6,108.5,108.5,3,360
830216,108.8,108.9,108.6,108.6,14,363
830217,108.8,109.25,108.5,108.95,26,369
830218,109.35,110.35,109,110.35,63,362
830222,110.1,110.1,108,108.9,6,366
830223,108.75,110.5,108.75,110.4,50,340
830224,110.3,110.4,108.3,108.75,49,345
830225,108.3,108.3,107,107,50,373
830228,107,107,106.4,106.9,6,371
830301,106.4,107.2,106.4,106.5,16,361
830302,107,107,106.3,106.3,3,363
830303,106.2,106.2,104.95,104.95,17,369
830304,104.3,104.5,104.3,104.5,55,369
830307,104.5,104.6,103.5,103.5,22,376
830308,104.6,104.85,104.5,104.5,8,380
830309,104.9,105.5,104.9,105.3,5,384
830310,105.2,105.5,105.2,105.5,1,383
830311,105.9,105.9,105.5,105.5,2,384
830314,105.2,105.75,105.2,105.5,11,385
830315,104.5,105.25,104,104,12,395
830316,103.6,104.2,103.5,103.7,17,402
830317,103.6,104.35,103.6,104.25,8,404
830318,104.7,104.7,104.7,104.7,0,404
830321,104.75,104.85,104.75,104.85,11,407
830322,105.25,105.25,104.25,104.25,17,412
830323,104,105.15,104,105,12,412
830324,105.2,105.2,104.5,104.5,13,422
830325,104.4,104.5,104.2,104.2,21,433
830328,104,104.45,104,104.45,6,441
830329,105,105,104.75,104.8,5,441
830330,104.8,104.8,104.6,104.6,10,446
830331,104.8,104.8,104.6,104.6,1,447
830404,104.75,104.75,104.6,104.6,7,452
830405,104.6,104.7,104.25,104.35,12,463
830406,104.25,104.25,104,104,9,472
830407,104,104.25,103.95,103.95,25,483
830408,103.5,103.8,103.3,103.8,17,499
830411,103.75,103.75,103.7,103.7,1,499
830412,103.75,103.75,103.5,103.5,3,501
830413,103.75,103.75,103.5,103.5,1,501
830414,103.5,104,103.5,103.9,45,527
830415,103.7,103.75,103.5,103.5,45,560
830418,103.5,103.5,102.8,102.8,13,565
830419,102.85,102.85,101,101.5,31,584
830420,101.25,101.5,100,100.5,19,598
830421,100.75,101,100.5,100.5,12,603
830422,101,101.75,101,101.6,5,604
830425,101.8,101.95,101.75,101.75,7,605
830426,102,102.1,101.95,101.95,25,621
830427,102.25,102.25,102,102,22,638
830428,102,102.3,101.95,102,31,660
830429,102.5,102.5,102.05,102.05,12,651
830502,102.05,102.05,101.4,101.4,14,660
830503,101.4,102,101.4,101.75,14,663
830504,102,102.5,102,102.35,44,700
830505,102.4,102.5,102.25,102.25,14,706
830506,102.5,102.5,102.45,102.45,10,710
830509,102.5,102.7,102.45,102.7,15,719
830510,102.95,103,102.6,102.7,58,764
830511,102.95,103,102.7,102.7,9,773
830512,102.85,103,102.75,102.95,11,780
830513,102.95,103,102.9,103,35,801
830516,103,103.5,103,103.1,53,835
830517,103.3,103.6,103.2,103.45,50,862
830518,103.45,104.1,103.4,103.95,73,922
830519,104.05,104.3,103.9,103.9,51,946
830520,104.05,104.5,103.95,104,59,959
830523,104,104.2,103.9,103.9,24,981
830524,103.9,103.9,103,103.35,59,952
830525,103.6,103.75,103.5,103.65,22,957
830526,103.5,104,103.5,103.8,25,975
830527,103.9,103.9,103.65,103.7,25,988
830531,103.5,104,103.5,103.5,11,988
830601,103.5,104,103.3,103.9,109,1064
830602,103.95,104.1,103.5,103.5,14,1071
830603,104,104,103.8,103.9,20,1082
830606,104,104.5,104,104.3,24,1093
830607,104.7,105.3,104.7,105.3,47,1124
830608,105.5,106.1,105.5,106,33,1134
830609,106.5,106.9,106.4,106.8,52,1167
830610,106.8,106.8,106.6,106.6,62,1187
830613,106.5,107.1,106.5,107,52,1211
830614,107.2,107.4,107.1,107.1,31,1212
830615,107.25,108.3,107.1,107.8,52,1241
830616,107.9,109,107.9,108.4,78,1268
830617,108.5,108.75,108.4,108.45,66,1290
830620,108.6,108.75,108.5,108.5,33,1322
830621,108.5,108.6,108,108.4,36,1326
830622,108.4,108.4,107.7,107.75,23,1332
830623,107.65,107.65,106.5,107.2,56,1340
830624,106.4,107.25,106.4,106.5,63,1357
830627,106.5,107.5,106,106.3,27,1350
830628,106.5,107,106.5,106.75,20,1352
830629,107,107.1,106.7,107,19,1364
830630,106.5,106.6,106.25,106.6,51,1371
830701,106.7,106.95,106.7,106.95,5,1366
830705,107,107.2,106.75,107.15,23,1361
830706,107.3,107.4,107.15,107.4,21,1358
830707,107.75,108,107.7,107.8,40,1375
830708,107.8,108,107.8,108,28,1374
830711,108.1,108.4,108.1,108.35,24,1377
830712,108.45,108.45,108,108,18,1387
830713,108.25,108.5,108.25,108.3,18,1401
830714,108.4,108.5,108.4,108.4,16,1402
830715,108.4,108.4,107.9,107.9,17,1408
830718,108,108.4,108,108.35,29,1426
830719,108.4,108.45,108.3,108.3,31,1441
830720,108.3,108.4,108.3,108.4,5,1440
830721,108.5,108.5,108.25,108.25,27,1459
830722,108.5,108.5,108.25,108.25,21,1455
830725,108.5,108.75,108.5,108.7,23,1462
830726,108.9,109.25,108.9,109.1,64,1492
830727,109.25,109.9,109.25,109.5,51,1513
830728,109.5,109.9,109.5,109.5,83,1558
830729,109.3,109.3,108.8,108.8,55,1568
830801,109,109.2,108.3,109.2,44,1586
830802,109.4,109.75,109.4,109.6,52,1619
830803,109.5,109.75,109.5,109.6,22,1624
830804,109.7,109.85,109.6,109.6,45,1631
830805,109.65,109.9,109.5,109.9,48,1619
830808,110,110.5,110,110.4,67,1621
830809,110.4,110.7,110.4,110.5,77,1636
830810,110.9,110.9,110.4,110.4,67,1682
830811,110.5,110.5,110,110.25,40,1712
830812,110,110.3,109.8,110.3,41,1733
830815,110.1,110.35,109.85,109.85,19,1733
830816,110.05,110.5,110,110.05,41,1735
830817,110.4,110.5,110.3,110.3,30,1749
830818,110.5,110.5,110.25,110.4,30,1751
830819,110.45,110.65,110.3,110.4,66,1772
830822,110.5,110.75,110.5,110.75,57,1787
830823,110.8,111.6,110.8,111.25,104,1833
830824,111.45,111.7,111.45,111.65,62,1872
830825,111.5,111.6,110.3,110.5,247,1955
830826,110.5,110.95,110.4,110.7,38,1969
830829,111.3,111.4,110.7,111,29,1978
830830,111,111.1,110.75,110.75,38,1981
830831,110.9,111.15,110.8,110.8,39,1993
830901,110.75,110.85,110.7,110.85,7,1992
830902,111.05,111.3,111,111,58,2005
830906,111.15,111.25,111,111.2,27,2016
830907,111.15,111.45,111,111.3,78,2051
830908,111.45,111.55,111.2,111.35,63,2097
830909,111.45,112,111.45,112,58,2142
830912,112,113,112,113,123,2214
830913,113,113.4,112.6,113.1,106,2271
830914,113.15,113.2,112.8,113.05,117,2318
830915,112.95,113,112.05,112.2,123,2305
830916,112.1,112.4,111.35,112.05,99,2317
830919,111.5,112.2,111.35,112.15,55,2312
830920,112,112.8,112,112.5,73,2332
830921,112.75,113,112.5,112.85,111,2348
830922,112.8,113.6,112.8,113.3,72,2352
830923,113.9,114.3,112.5,113.8,164,2383
830926,113.95,114,113.25,113.7,56,2401
830927,113.7,113.9,113.1,113.3,67,2381
830928,113.5,113.8,113.05,113.15,41,2390
830929,113,113.5,112.6,113,163,2391
830930,113.1,113.4,112.75,113.05,183,2449
831003,113,113.1,112.75,112.8,60,2457
831004,112.8,113.1,112.4,112.5,51,2468
831005,112.7,113,112.4,112.4,51,2474
831006,112.1,112.2,110.1,111.15,253,2464
831007,111.5,111.9,110.95,111,126,2438
831010,110.9,110.9,109.25,109.9,321,2428
831011,109.65,110.6,109.4,110.55,217,2387
831012,110.4,111.45,110.35,111.25,192,2362
831013,116.25,116.25,116.25,116.25,100,2349
831014,120,120.25,118.8,119.65,853,2316
831017,119.25,119.65,118.8,119.5,266,2266
831018,119.7,119.7,118.1,118.5,214,2255
831019,117.75,119.5,117.75,119.5,170,2271
831020,119,119.75,119,119.35,82,2284
831021,119,119.35,118.7,119.15,53,2258
831024,118.7,119.5,118.7,119,72,2243
831025,119.2,119.6,119.1,119.6,50,2242
831026,119.6,121,119.6,120.95,316,2211
831027,120.8,120.9,120.3,120.45,126,2227
831028,120.9,120.9,119.75,120.3,166,2229
831031,120.75,121.75,120.7,121.6,149,2226
831101,121.75,121.8,121.3,121.7,52,2204
831102,121.75,122.8,121.75,122.8,134,2204
831103,122.8,123.15,122.55,123,107,2189
831104,122.5,123,122.5,122.8,86,2187
831107,122.8,123.85,122.8,123.45,205,2206
831108,123.05,123.4,122.9,122.95,112,2209
831109,122.95,123.3,122.5,122.55,98,2234
831110,122.5,123,122.1,122.75,114,2220
831111,122.9,123.2,122.2,122.2,94,2223
831114,122.4,122.5,121.5,122,112,2217
831115,122.4,123.3,122.3,122.95,120,2221
831116,123.3,123.4,122.1,122.8,115,2232
831117,122,122.3,121.5,121.5,154,2251
831118,121.4,121.95,121.1,121.4,126,2270
831121,121,122.2,121,121.15,72,2272
831122,121.15,121.3,120.25,120.35,177,2270
831123,120.25,120.8,119.85,120.35,177,2274
831125,120.2,120.6,119.9,120.6,66,2257
831128,120.9,122.8,120.25,122.05,197,2289
831129,122.1,123.25,121.8,123.05,117,2321
831130,123.1,123.3,122.55,122.55,108,2318
831201,122.45,122.7,122.1,122.1,59,2329
831202,122.6,123,122.2,122.85,62,2325
831205,123,123.25,122.05,123,111,2329
831206,122.8,123,122.7,122.9,55,2326
831207,122.95,124.35,122.95,123.95,377,2384
831208,123.75,124,123.4,123.6,123,2382
831209,123.25,124.05,123.1,123.65,72,2380
831212,123,123,121.7,122.3,297,2402
831213,122.7,123.75,122.7,123.25,228,2414
831214,123.05,123.1,122.1,122.6,125,2396
831215,122.2,123.4,122.2,123,162,2446
831216,123.1,123.25,122.8,123.2,234,2471
831219,124,125.65,123.8,124.7,584,2652
831220,124.8,124.9,123.75,124.2,276,2725
831221,124.5,124.8,124,124.7,342,2906
831222,125.75,127,125.35,125.55,549,3188
831223,125.9,125.95,125.5,125.55,342,3369
831227,130.55,130.55,130.55,130.55,102,3401
831228,135.55,135.55,135.55,135.55,60,3410
831229,140.55,140.55,140.55,140.55,286,3429
831230,147.45,148.55,144.5,144.75,1668,3719
840103,142.05,142.5,139.75,140.95,1710,3665
840104,141.05,144,141.05,143.85,1044,3731
840105,144.85,145.2,144.25,144.3,597,3762
840106,143.5,147.2,143.3,146.95,917,3770
840109,147.9,149,143.5,144.4,1177,3636
840110,147,147.4,143.8,145.2,872,3534
840111,145.5,146.95,145.1,145.9,707,3575
840112,150.9,150.9,148.1,150.9,1283,3535
840113,150.7,152.35,148.5,152.15,794,3502
840116,153,157.1,153,156.9,1110,3395
840117,155.25,158.8,153.75,156.55,965,3474
840118,156.85,158,155.15,155.7,541,3453
840119,157.7,159,155,155.35,810,3470
840120,154,155.9,153.1,155.55,991,3388
840123,153.6,154.1,151,151.3,983,3171
840124,151.55,154.5,151.55,154,666,3063
840125,153.9,155.4,152.8,154.55,398,3052
840126,154.6,155.95,154.6,155.75,249,3022
840127,155.7,156.9,155.1,155.75,335,3025
840130,155.4,157.25,153.7,156.7,641,2989
840131,156.3,157,155.5,156.75,314,2956
840201,156.05,157.45,156.05,156.95,456,2867
840202,157.4,160,156.9,159.8,890,2786
840203,159.1,162,159.1,161,665,2709
840206,165,165.75,162.2,162.6,914,2581
840207,158.1,160.75,158.1,159.25,712,2561
840208,158.55,159,157.5,157.6,582,2450
840209,157.4,158.7,157.4,158.5,311,2445
840210,158.5,159.9,158,158.1,416,2347
840213,161.1,161.1,154.5,157.25,1420,2175
840214,157.4,160,156.5,158.65,476,2088
840215,158.25,160,158.25,159.2,317,2075
840216,159.3,161,159,159.35,461,2026
840217,160.9,164.35,160.9,164.35,707,1798
840221,165.3,165.5,162.5,164.85,253,1695
840222,164.15,166.5,163.3,164.75,320,1629
840223,165,165,164.1,164.7,130,1605
840224,164,165.3,164,165.15,100,1605
840227,166.8,166.8,165.35,165.5,398,1376
840228,165.6,165.6,163.5,164.45,290,1229
840229,164,164.7,163.5,163.5,540,972
840301,163,164.8,163,164.75,156,940
840302,164.75,165.15,163.55,163.8,117,900
840305,163.5,163.75,162.5,163.25,95,859
840306,164,165,163.6,164.9,197,749
840307,164.3,164.5,163.8,164.4,73,693
840308,164,165.7,164,165.7,80,602
840309,167.5,167.5,166,167,121,538
840312,165.75,169.5,165.75,169.5,62,501
840313,169,169.9,168.8,169.2,129,414
840314,168.7,169,168.2,168.35,73,367
840315,168.25,168.3,167.5,168.2,26,342
840316,168,168.7,167.75,168.7,151,304
840319,169.5,170.35,166,170.35,89,253
