860612,106,106,106,106,0,50
860613,106.7,106.7,106.7,106.7,0,50
860616,105.7,105.7,105.7,105.7,0,50
860617,106.6,106.6,106.6,106.6,0,50
860618,107.1,108.9,107,108.9,30,50
860619,108.55,108.55,108.55,108.55,0,50
860620,107.75,108.8,107.5,108.8,25,50
860623,110.1,111.75,110.1,111.75,26,75
860624,110.45,110.45,110.45,110.45,0,75
860625,111.05,111.05,111.05,111.05,0,75
860626,109.85,109.85,109.85,109.85,0,75
860627,111,111,111,111,0,75
860630,111,111,110.25,110.25,1,75
860701,109.95,109.95,109.95,109.95,0,75
860702,110,110,110,110,0,75
860707,112,112,112,112,0,75
860708,111.4,111.4,111.3,111.3,1,75
860709,109.5,109.5,109.5,109.5,0,75
860710,109.6,109.6,109.6,109.6,0,75
860711,108.4,108.4,108.4,108.4,0,75
860714,105.3,105.3,105.3,105.3,0,75
860715,105.8,105.8,105.8,105.8,0,75
860716,107.4,107.4,107.4,107.4,0,75
860717,107.35,107.35,107.35,107.35,0,75
860718,109.5,109.5,109.5,109.5,0,75
860721,110.2,110.2,110.2,110.2,0,75
860722,110,110,110,110,0,75
860723,111,111,111,111,0,75
860724,110.7,110.7,110.7,110.7,0,75
860725,111.5,111.5,111.5,111.5,0,75
860728,111.05,111.05,111.05,111.05,0,75
860729,111,111,110.95,110.95,1,76
860730,111.1,111.1,111.1,111.1,0,76
860731,111,111,110.5,111,11,75
860801,110.3,110.3,110.3,110.3,0,75
860804,109,109,109,109,0,75
860805,108.5,109.35,108.5,109.35,1,75
860806,109.4,109.4,109.4,109.4,0,75
860807,109.8,109.8,109.8,109.8,0,75
860808,108,108.65,108,108.65,37,102
860811,108.6,111.5,108.6,111.5,15,102
860812,110.75,110.75,110.75,110.75,0,102
860813,112,112,112,112,0,102
860814,111,111,111,111,0,102
860815,111.5,111.5,111.5,111.5,0,102
860818,110.6,110.6,110.6,110.6,0,102
860819,110.35,110.35,110.35,110.35,0,102
860820,110,110,110,110,3,105
860821,109.5,109.5,109.5,109.5,1,106
860822,109.7,109.7,109.7,109.7,0,106
860825,111,111,111,111,1,107
860826,111.2,111.2,111.2,111.2,0,107
860827,110.2,110.2,110.2,110.2,1,107
860828,109,109,108.55,108.55,24,126
860829,108.55,108.55,108.55,108.55,1,126
860902,109,109.5,109,109.5,23,146
860903,109,109.25,108.95,108.95,20,166
860904,108.9,108.9,108.9,108.9,0,165
860905,108.8,108.8,108.8,108.8,0,165
860908,109.3,109.3,109.3,109.3,1,165
860909,109.4,109.4,109.4,109.4,0,165
860910,108.85,108.85,108.85,108.85,0,165
860911,108.95,108.95,108.95,108.95,0,165
860912,109,109,108.75,108.9,10,175
860915,108.5,108.5,108.45,108.45,1,176
860916,108.5,108.5,108.25,108.45,0,183
860917,108.9,108.9,108.9,108.9,0,183
860918,108.7,108.7,108.7,108.7,0,183
860919,109.5,109.5,108.95,108.95,1,184
860922,109.45,109.45,109.45,109.45,0,184
860923,109.45,109.45,109.45,109.45,0,184
860924,109.1,109.1,109.1,109.1,0,184
860925,108.9,108.9,108.9,108.9,0,184
860926,109,109.2,109,109.15,15,194
860929,109.2,110.5,109.2,110.5,2,200
860930,109.8,109.8,109.8,109.8,0,198
861001,109.7,109.7,109.7,109.7,0,198
861002,110.45,110.45,110.45,110.45,0,198
861003,110.5,110.9,110.5,110.9,3,201
861006,111.9,112,111.85,112,11,203
861007,112.9,113.9,112.9,113.9,1,204
861008,114.5,114.5,112.8,112.8,2,204
861009,112.5,112.5,112.3,112.3,3,204
861010,111.75,112.65,111.75,111.95,15,219
861013,113.95,113.95,113.95,113.95,0,219
861014,113,114.3,113,114.3,26,219
861015,114,114,114,114,0,219
861016,114,114,114,114,0,219
861017,117.4,117.4,117.4,117.4,0,219
861020,119,119.9,119,119.9,1,220
861021,119.8,119.8,119.8,119.8,0,220
861022,118.95,118.95,118.95,118.95,0,220
861023,117.9,117.9,117.9,117.9,0,220
861024,117.7,118.35,117.7,118.35,2,222
861027,117.5,117.5,116.9,116.9,17,221
861028,116.25,118.1,116.25,118.1,5,220
861029,119,119,118.45,118.45,1,220
861030,120.45,120.45,120.45,120.45,0,220
861031,119.5,119.95,119.2,119.95,43,233
861103,120.7,120.75,120.7,120.75,21,239
861104,120.6,121.75,120.5,121.75,33,262
861105,120.5,121.5,119.5,121.5,0,269
861106,122,122,122,122,0,270
861107,121.45,121.45,121.45,121.45,0,270
861110,121.75,122.05,121.75,122,8,278
861111,122,122,121.75,121.75,2,280
861112,122,122.15,122,122.15,12,272
861113,122.5,122.5,122,122.1,2,272
861114,122.3,122.3,122.3,122.3,0,275
861117,122,122.5,122,122.5,10,285
861118,122.95,122.95,122.95,122.95,0,285
861119,122.5,122.8,122.5,122.5,16,297
861120,122.75,122.75,122.75,122.75,0,294
861121,122,122,121.95,121.95,4,297
861124,122,122,121.95,121.95,5,302
861125,122.1,122.75,122.1,122.7,23,315
861126,123,123.15,123,123.15,0,342
861201,123,124.7,123,124.7,22,361
861202,124.2,124.5,124.2,124.45,29,390
861203,124.45,124.55,124.45,124.55,3,393
861204,125,125.85,125,125.85,25,420
861205,127,128,127,128,6,423
861208,128,129.1,128,129.1,12,434
861209,129.2,129.5,129.2,129.5,69,484
861210,129.05,129.05,129.05,129.05,24,484
861211,129.5,131,129.5,131,22,482
861212,132.15,133,132.15,132.7,71,523
861215,133.3,133.3,132.9,132.9,1,520
861216,134.9,134.9,134.9,134.9,5,523
861217,135.85,135.85,135.85,135.85,112,523
861218,134.7,134.7,133.2,133.2,10,524
861219,133.95,133.95,133.95,133.95,0,521
861222,133.75,133.75,133.65,133.7,2,522
861223,134,134.5,134,134.25,119,632
861224,134.6,134.6,133.9,133.9,15,632
861229,128.9,128.9,128.9,128.9,22,642
861230,126.25,129.25,125.5,129.25,67,639
861231,130.5,130.5,126.5,126.5,137,641
870105,128,128,127.95,127.95,95,610
870106,128,129.7,128,129.7,100,684
870107,129,129,129,129,0,684
870108,128.25,128.25,128.25,128.25,0,684
870109,127.25,127.25,125,125.65,3,681
870112,126.5,126.5,125.7,125.7,52,733
870113,126,126.35,126,126.2,81,707
870114,125.05,125.25,124.2,124.2,68,684
870115,124,124.65,124,124.65,24,686
870116,126,126,124.2,125.45,88,651
870119,125.4,125.4,125.4,125.4,0,651
870120,126.25,126.95,126,126.95,22,650
870121,127,127.8,127,127.8,22,659
870122,123.25,123.4,123.25,123.4,2,657
870123,120.5,122.4,120.5,122,15,649
870126,121,123,121,123,20,644
870127,121.5,122,121,121.4,37,626
870128,120,121.5,120,120.6,97,630
870129,121,121.95,121,121.95,54,647
870130,122,122.25,121.7,122.25,19,636
870202,122.4,123,122.4,122.9,16,637
870203,122.5,126.25,122.5,126.25,170,683
870204,125.75,126,125,125.65,187,679
870205,125.75,126.7,125.75,126.7,43,590
870206,126.7,127,126.25,126.25,43,593
870209,126,126.5,126,126.4,39,593
870210,126.5,126.55,126.25,126.25,59,618
870211,125.75,126.1,125.5,125.7,59,613
870212,125.5,125.6,125.15,125.6,91,627
870213,124.9,125.35,124.9,125.35,58,597
870217,125.5,126.8,125.5,126.8,45,610
870218,126.8,127.25,126.8,127,31,636
870219,126.6,126.7,126,126.7,67,647
870220,126.3,126.8,126.3,126.6,31,644
870223,126.6,126.8,126.2,126.2,10,655
870224,126.4,127.8,126.4,127.3,127,766
870225,127.4,128.45,127,128.3,246,812
870226,127.9,128.2,127.9,128,21,831
870227,127.95,128.95,127.95,128.15,32,841
870302,130.35,131.5,130,131.5,139,912
870303,131.5,132.5,131.4,131.8,70,877
870304,132.3,132.65,132.05,132.05,20,891
870305,132,133.3,131.8,132.65,178,961
870306,132.25,134,132.25,133.75,109,991
870309,134,134.2,133.6,133.8,84,1015
870310,133.1,135,133.1,133.2,177,1081
870311,132.25,133.25,132.05,132.5,94,1070
870312,132.75,133.45,132.5,133.1,97,1050
870313,133.6,134,133.25,134,100,1075
870316,133,133.7,133,133.5,29,1078
870317,133.8,134,133.1,133.5,70,1120
870318,133.6,133.75,133.1,133.1,154,1132
870319,133.1,133.75,132.8,133.75,151,1187
870320,134,134.5,132.9,133,59,1161
870323,133.5,133.5,132.15,132.15,43,1164
870324,132,132.1,130.75,131,171,1180
870325,131,131,129.75,130.15,59,1167
870326,130,130,129.45,129.5,175,1151
870327,129.7,130.1,129.6,129.95,41,1150
870330,129.5,130,127.55,127.85,322,1209
870331,127,127,125.5,126.15,93,1197
870401,125.9,127,125.5,127,211,1245
870402,127.25,127.9,126.9,127.9,93,1260
870403,127.9,127.95,127.55,127.9,38,1279
870406,127.1,128,127,127.15,83,1269
870407,127.5,128.4,127.5,127.95,72,1259
870408,127,127.9,127,127.8,39,1249
870409,128,128.9,127.75,128.4,128,1231
870410,127.75,127.95,127.3,127.65,20,1330
870413,127.8,127.8,126.95,127,47,1323
870414,127.75,127.75,126.95,126.95,45,1349
870415,126.7,127,126.5,127,103,1418
870416,127.15,127.15,126.8,126.8,77,1468
870420,127.05,127.6,127.05,127.55,85,1502
870421,128,129.7,128,129.7,118,1519
870422,129.3,129.95,129.15,129.15,102,1544
870423,129.25,129.95,129.2,129.5,38,1544
870424,129.75,130.3,129.5,129.5,359,1638
870427,130,130,129.5,129.6,73,1649
870428,129.8,130.4,129.5,129.9,112,1693
870429,130,130.3,128.1,128.1,147,1760
870430,128.75,129,128.4,128.95,167,1846
870501,129,129.1,128.3,129,49,1856
870504,128.9,129.4,128.9,128.9,34,1870
870505,129,129.5,129,129.1,71,1862
870506,129.1,129.3,128.75,128.75,57,1898
870507,128.75,129,128.5,128.5,68,1911
870508,129,129,128.15,128.6,55,1934
870511,128.5,129.55,128.5,129.55,54,1952
870512,129.5,129.5,128.8,129.1,35,1954
870513,129.7,130.4,129.7,130.3,185,2008
870514,130.3,130.5,129.2,129.35,71,2020
870515,128.75,129,125,126.5,281,2053
870518,127.1,127.25,126.4,126.55,204,1992
870519,126.5,127.9,126.5,127.6,278,2052
870520,127.6,127.9,127.5,127.5,84,2094
870521,127.5,127.9,127.5,127.85,30,2114
870522,127.95,128.25,127.65,128.25,122,2200
870526,127.75,128.35,127.75,128.35,36,2193
870527,127.75,128.3,127.75,128.3,141,2249
870528,128.4,128.8,128.35,128.5,83,2286
870529,128.7,128.85,127.8,127.8,47,2296
870601,128.2,128.2,127.6,127.8,106,2317
870602,127.55,128.5,127.55,127.95,174,2450
870603,128.15,128.15,127.4,127.7,139,2536
870604,127.5,127.75,127.5,127.7,202,2678
870605,127.55,127.6,127.15,127.6,91,2690
870608,127.55,127.55,127,127.15,56,2699
870609,127,127.4,127,127.35,62,2729
870610,126.5,127.1,126.5,127,72,2758
870611,127.3,128,127.3,128,122,2753
870612,128.4,128.9,127.8,128.1,361,2961
870615,128.6,129.1,128.5,128.6,378,3115
870616,128.3,128.4,127.9,127.95,112,3111
870617,127.85,128,127.45,127.45,206,3195
870618,127.5,127.8,126.8,127.1,301,3324
870619,127.5,128.15,126.7,126.75,362,3286
870622,126.4,126.4,125.5,125.95,767,3088
870623,125.7,125.95,124.85,125.55,533,3078
870624,125.35,125.45,124.2,125.4,714,3246
870625,124.15,125.25,124.15,124.75,390,3369
870626,124.75,125.25,124.65,124.8,59,3396
870629,125.1,125.55,124.2,124.7,182,3371
870630,124.6,125.3,124.5,125.3,141,3344
870701,125.5,125.5,125.05,125.2,48,3354
870702,125.5,125.9,125.4,125.7,101,3350
870706,125.75,126.9,125.75,126.7,258,3311
870707,126.85,126.9,126,126.05,225,3274
870708,126.6,127.5,126.45,127.35,405,3237
870709,127.25,127.6,127.25,127.25,162,3191
870710,127.3,127.3,126.05,126.6,207,3132
870713,126.6,127,126.45,126.8,57,3123
870714,126.7,126.8,125.5,126,382,3109
870715,125.75,126.6,125.75,126.2,222,3037
870716,125.95,128,125.95,127.9,440,3046
870717,127.6,128.25,126.7,127.45,459,3014
870720,127.45,127.7,126.7,126.7,189,3027
870721,127.2,127.5,127,127,67,3062
870722,127.7,127.7,127,127,135,2983
870723,127.05,127.4,126.7,127.25,38,2969
870724,126.9,126.95,126.1,126.15,136,2947
870727,125.9,126.8,125.9,126.05,161,2916
870728,126.2,127,126.2,126.3,94,2943
870729,127,127,126.7,127,46,2923
870730,127.15,127.4,127,127.4,94,2923
870731,127.75,127.75,127.05,127.6,88,2917
870803,127.4,129.3,127.3,128.95,430,2764
870804,128.7,130.25,128.55,128.65,707,2476
870805,129.15,129.6,128.45,128.45,208,2416
870806,128.7,129.25,128.3,128.5,96,2435
870807,128.65,128.95,128.6,128.75,24,2431
870810,128.75,128.85,128.3,128.65,65,2400
870811,128.95,129.35,128.9,129.1,223,2386
870812,129.25,129.4,129.05,129.05,147,2347
870813,129.4,129.4,128.5,128.6,193,2290
870814,128.75,129.1,128.6,128.75,80,2271
870817,128.75,129.5,128.75,129.5,254,2244
870818,129.5,130.4,129.5,130.3,247,2100
870819,130.4,131.1,130.25,130.6,353,2048
870820,130.5,131.25,130.5,130.5,320,1968
870821,130.5,130.6,129.8,130.1,135,1930
870824,130.35,130.35,129.3,129.35,193,1831
870825,129.3,130.4,129.3,129.6,149,1768
870826,129.7,130.35,129.7,130.25,129,1745
870827,130.5,131.25,130.5,131.25,220,1614
870828,131,131.1,130.25,130.4,171,1477
870831,130.3,131,130.2,130.4,532,1015
870901,130.75,133,130.75,132.2,147,951
870902,132.25,133,132.25,132.55,94,921
870903,133,135,133,135,155,908
870904,135,135.75,135,135.7,152,812
870908,136.25,137.95,136.25,137.15,120,802
870909,137.2,137.2,135.9,136.8,244,625
870910,138,138,137.25,138,18,583
870911,138,138.5,137.55,137.55,182,417
870914,136.75,137.65,136.75,137.65,37,393
870915,137.5,138.65,137.5,138.65,78,344
870916,138.65,139.1,138.65,139.1,132,259
870917,139,139.6,136.5,137.15,215,157
