851014,108.4,108.4,108.4,108.4,0,0
851015,109.6,109.6,109.6,109.6,0,0
851016,109.75,109.75,109.75,109.75,0,0
851017,111.5,111.5,111.5,111.5,0,0
851018,112.5,112.5,112.5,112.5,0,0
851021,111,111,111,111,0,0
851022,112,112,112,112,0,0
851023,113.25,113.25,113.25,113.25,0,0
851024,113.9,113.9,113.9,113.9,0,0
851025,114.15,114.15,114.15,114.15,0,0
851028,113.5,113.5,113.5,113.5,0,0
851029,113,113,113,113,0,0
851030,113.4,113.5,113.4,113.5,0,0
851031,112,112,112,112,0,0
851101,112.4,112.4,112.4,112.4,0,0
851104,113.5,113.5,113.5,113.5,0,0
851105,112.75,112.75,112.75,112.75,0,0
851106,113.5,113.5,113.5,113.5,0,0
851107,112.5,112.5,112.5,112.5,0,0
851108,112.55,112.55,112.55,112.55,0,0
851111,112.75,112.75,112.75,112.75,0,0
851112,112.85,112.85,112.85,112.85,0,0
851113,112.6,112.6,112.6,112.6,0,0
851114,112.6,112.6,112.6,112.6,0,0
851115,112.5,112.5,112.5,112.5,0,0
851118,113,113,112.5,112.5,1,1
851119,112.5,112.5,112.5,112.5,0,1
851120,112.1,112.1,112.1,112.1,0,1
851121,112.25,112.25,112.25,112.25,0,1
851122,112.1,112.1,112.1,112.1,0,1
851125,112.6,112.6,112.6,112.6,0,1
851126,112.4,112.4,112.4,112.4,0,1
851127,112,112.15,112,112.15,10,11
851129,112.4,112.4,112.4,112.4,0,11
851202,112,112.8,112,112.8,10,21
851203,112.2,112.2,112.2,112.2,0,21
851204,112,112,112,112,1,22
851205,112.6,112.6,112.6,112.6,0,22
851206,115.6,115.6,115.6,115.6,0,22
851209,116.15,116.15,116.15,116.15,0,22
851210,117.5,117.5,117.5,117.5,0,22
851211,117.75,117.75,117.75,117.75,0,22
851212,119,119,119,119,0,22
851213,123.25,123.25,123.25,123.25,0,22
851216,128.25,128.25,128.25,128.25,0,22
851217,124.25,124.25,124.25,124.25,0,22
851218,124.5,124.5,124.5,124.5,0,22
851219,124,124,124,124,1,23
851220,120,120,120,120,0,23
851223,119.95,119.95,119.95,119.95,0,23
851224,123.3,123.3,123.3,123.3,0,23
851226,118.65,118.65,118.65,118.65,0,22
851227,116.5,116.5,116.5,116.5,0,23
851230,111.5,111.5,111.5,111.5,0,23
851231,110,110,110,110,0,23
860102,110.8,110.8,110.8,110.8,1,24
860103,112.5,112.5,112.5,112.5,0,24
860106,114.5,114.5,114.5,114.5,0,24
860107,115,115,113.6,113.6,1,23
860108,113,113,112.1,112.1,2,24
860109,112,112,108.75,108.75,21,23
860110,108,108,108,108,0,23
860113,105,105,103.6,103.6,1,23
860114,102.7,103,102.7,102.75,13,15
860115,103.75,103.95,103.75,103.95,7,8
860116,100.5,100.5,100.5,100.5,0,8
860117,101,101.65,101,101.65,2,9
860120,101.5,101.5,101.5,101.5,0,9
860121,101.1,101.1,101.1,101.1,0,9
860122,98.45,98.45,98.45,98.45,0,9
860123,96.3,96.3,96.3,96.3,0,9
860124,95,95.5,94.8,95.5,5,14
860127,100.5,100.5,100.5,100.5,20,33
860128,97,97.75,95.6,95.6,25,28
860129,93,93,90.6,90.6,26,48
860130,91.65,91.65,91.65,91.65,0,48
860131,90.9,90.9,90.9,90.9,0,49
860203,88.75,90.25,88.75,89.45,14,58
860204,89,89.15,89,89.15,5,58
860205,92.5,93.6,92,93.6,38,73
860206,93.25,93.25,93,93,25,83
860207,92.5,93.1,92.3,93.1,15,93
860210,91.5,91.5,90,91,6,96
860211,90.75,91.15,90,91.15,2,98
860212,91,91,90.8,91,10,96
860213,91.1,91.1,91.1,91.1,0,96
860214,92,92.4,92,92.4,8,95
860218,90.5,90.5,90.4,90.5,8,97
860219,90,90,87.75,87.8,22,107
860220,87.75,87.75,87.25,87.25,22,125
860221,86.75,87.5,86.75,87.5,5,128
860224,86.5,87.5,86,86.15,12,137
860225,86.5,86.7,85.8,85.8,6,147
860226,87,87,86.6,86.6,2,145
860227,88.25,88.25,87.3,87.3,23,168
860228,86.5,86.5,86.3,86.3,4,173
860303,85.3,85.5,85,85,7,177
860304,85.4,85.6,85.4,85.6,19,186
860305,85.4,85.4,85.1,85.1,3,193
860306,86,86.55,86,86.55,2,193
860307,86.2,86.7,85.75,85.75,47,207
860310,86.75,86.75,86.45,86.45,0,200
860311,87,87.8,86.7,86.7,7,195
860312,87.25,89.25,87.25,89.15,48,187
860313,89.1,89.1,87.8,87.8,28,210
860314,88,88,87.5,87.5,6,211
860317,87.5,87.5,86.55,86.55,2,213
860318,86.5,86.8,86.5,86.8,2,214
860319,87,87.2,87,87.2,7,216
860320,84,84,83.6,83.6,17,214
860321,85.5,85.5,84.95,84.95,1,215
860324,86.75,87.1,86.75,87.1,2,217
860325,89.5,89.75,89.25,89.25,97,217
860326,89,89.35,89,89.35,2,218
860327,88.5,89.8,88.5,89.8,65,235
860331,90.25,90.9,90.25,90.8,7,242
860401,91.1,91.75,90.8,91.75,5,245
860402,92.25,92.85,92.1,92.85,40,239
860403,91.85,92.1,91.85,92.1,2,240
860404,92.5,93.5,92,92.95,36,258
860407,94,94,92.95,92.95,37,258
860408,92.95,92.95,92.3,92.6,9,270
860409,92.25,93.25,92.25,93.1,2,270
860410,93,93,92.1,92.1,12,280
860411,91.2,91.2,91,91,6,278
860414,92,92,91.3,91.3,1,278
860415,92.75,92.75,91.8,91.8,1,279
860416,92,92.4,92,92.1,1,279
860417,91.9,91.9,91.5,91.85,27,294
860418,90.25,91.45,90.25,91.45,32,310
860421,90.6,90.6,89.55,89.6,6,304
860422,89.5,90,89.05,89.7,59,295
860423,90.1,90.2,90.1,90.1,4,296
860424,90.5,91.15,90.5,91.15,9,302
860425,91.5,91.5,91.1,91.1,3,303
860428,91,91,90.7,90.7,1,304
860429,90.8,91.25,90.8,91,6,304
860430,91.6,91.75,91.6,91.7,32,319
860501,91.7,92,91.7,91.95,16,322
860502,91.8,92.25,91.75,92.25,21,325
860505,92.8,92.8,92.3,92.4,1,320
860506,93.2,93.2,93.2,93.2,1,320
860507,93.4,94,93.4,94,12,326
860508,94.8,95.3,94.8,95.3,40,353
860509,95,95,94.6,94.6,6,365
860512,94.85,95,94.85,95,1,365
860513,95.6,95.65,95.25,95.65,3,366
860514,95.75,96.9,95.75,96.9,46,400
860515,97.5,100.9,97.5,100.9,191,446
860516,100.5,100.75,97.4,98.15,88,524
860519,98.15,98.6,98.15,98.6,107,603
860520,98.95,99.25,98.4,98.9,163,697
860521,99,100,99,100,28,680
860522,99.75,99.75,99.35,99.35,2,680
860523,99.05,99.6,99.05,99.6,47,726
860527,99.1,99.1,98.75,98.75,5,730
860528,98.35,99.6,98.35,99.6,5,727
860529,99,99.5,98.8,99.5,37,761
860530,99.95,100.1,99.8,100.1,35,753
860602,99,99.6,99,99.6,125,634
860603,99.1,101.45,99.1,101.45,11,633
860604,101.8,102.2,101.5,101.5,17,622
860605,102,102.1,102,102.1,2,622
860606,103,104.15,102.85,104.15,28,624
860609,103.8,103.8,101.25,101.25,85,657
860610,101.95,102.7,101.75,102.7,59,665
860611,103,103.95,103,103.95,61,664
860612,104,104.15,103.25,103.3,21,660
860613,103.5,103.8,103.5,103.8,10,651
860616,102.8,102.8,102.8,102.8,5,646
860617,102.75,104.15,102.65,104.15,3,650
860618,104.25,105.8,104.25,105.8,43,652
860619,106,106,105.2,105.45,113,653
860620,105,105.9,104.75,105.8,58,644
860623,106.8,108.35,106.8,108.25,116,672
860624,107.75,108.1,106.75,106.85,101,741
860625,106.1,107.25,105.7,107.2,37,749
860626,107.15,107.15,106.45,106.7,69,753
860627,106.5,107.3,106.5,107.1,12,758
860630,107.3,107.3,106.1,106.1,13,758
860701,105.5,105.95,105.4,105.7,19,774
860702,105.35,105.75,105.35,105.75,4,773
860707,107.25,107.5,107,107.5,42,777
860708,106.9,107.25,106.8,107.25,18,776
860709,107.35,107.35,105,105.3,32,792
860710,105.6,106,105.2,105.4,8,792
860711,105.6,105.6,103.25,103.75,85,777
860714,101.5,101.75,99,101.3,167,777
860715,101.5,101.5,100.75,101.25,48,759
860716,102.7,103.5,102.7,103.3,91,772
860717,103,103.15,102.7,103.15,64,824
860718,103.75,103.8,103.5,103.5,7,822
860721,103.5,104.5,103.5,104.5,44,807
860722,105.25,105.3,104,104.1,64,787
860723,103.7,104.7,103.4,104.7,22,772
860724,104,104.45,103.7,103.8,19,773
860725,103.4,104.9,103.4,104.9,17,774
860728,105.25,105.25,104.5,104.7,23,763
860729,104.6,104.9,104.6,104.85,36,789
860730,104,104.75,104,104.7,39,770
860731,104.45,104.6,104.4,104.45,49,800
860801,104,104,103.45,103.7,39,787
860804,103.2,103.4,102.4,102.4,70,783
860805,103,103.35,103,103.35,32,811
860806,103.75,103.75,103.4,103.4,7,815
860807,103.65,103.75,103.65,103.75,3,819
860808,104,104.5,103.5,104.4,84,854
860811,104.9,106.25,104.75,106.25,61,854
860812,105.8,105.8,105.35,105.35,10,855
860813,105.25,105.8,105.25,105.7,7,853
860814,105.75,106,105.5,105.5,37,868
860815,105,105.2,104.6,105.2,34,855
860818,105,105.1,105,105.1,53,904
860819,104.6,105.15,104.6,105.15,10,900
860820,105.2,105.2,105.2,105.2,0,901
860821,105.05,105.25,104,104,86,953
860822,104,104,103.5,104,61,972
860825,104.1,104.85,104,104.85,138,1021
860826,104.3,105.1,104.3,104.9,318,1050
860827,105.25,105.5,103.8,103.8,301,1197
860828,103.8,104.3,103.7,104.2,82,1179
860829,103.65,103.85,103.25,103.25,98,1226
860902,104,105.3,104,105.3,212,1221
860903,105.3,105.75,105,105.3,42,1217
860904,105.4,105.4,104.3,104.3,16,1203
860905,104.95,105.2,104.4,104.45,15,1204
860908,104.1,104.75,104.1,104.75,45,1220
860909,104.75,105,104.5,104.65,35,1229
860910,104.5,104.8,104,104,80,1213
860911,104,105,104,104.85,61,1202
860912,105.1,105.7,105.1,105.1,36,1231
860915,105.55,105.65,105,105.3,68,1253
860916,105.6,105.65,105,105.05,36,1275
860917,105.3,105.7,105.3,105.4,66,1272
860918,105.9,107,105.6,106.9,192,1358
860919,106.5,107.6,106.5,106.8,189,1491
860922,107,108.7,106.8,108.3,323,1555
860923,108.7,109.75,108.3,108.5,414,1578
860924,108,108.6,107,107.1,180,1603
860925,107,107.7,106.15,107.1,76,1573
860926,107.6,108.1,107.6,107.7,64,1571
860929,108,109.4,107.65,107.95,159,1652
860930,108.45,108.8,107,107,121,1680
861001,106.5,107.4,106.25,107,60,1689
861002,107.2,107.9,107.2,107.75,60,1701
861003,107.6,108.1,107.1,107.65,69,1709
861006,108.3,109.25,108.3,109,95,1713
861007,109.5,110.9,109.35,110.85,199,1773
861008,111,111.6,109.5,109.5,233,1781
861009,109,110.3,108.6,108.8,111,1822
861010,109.3,110.7,108.85,109.75,171,1857
861013,109.75,111.25,109.35,110.95,180,1859
861014,111.75,112.5,111,111.75,123,1865
861015,111.75,113.25,111.75,112.8,174,1939
861016,113.3,113.5,112.3,112.35,248,2043
861017,111.7,116.35,111,115.75,420,2136
861020,119.2,119.2,115.4,117.45,422,2114
861021,117.45,118.3,117,117,442,2359
861022,116.2,118.5,116.15,117.3,278,2411
861023,117,117.7,116.6,117.15,233,2442
861024,116.9,117.5,116.4,117.3,241,2415
861027,117.7,117.8,116.4,116.4,171,2432
861028,115.7,117.5,115.6,117.15,560,2367
861029,117.6,118.4,117.6,117.65,417,2417
861030,117.9,119,117.9,118.9,188,2489
861031,119,119.9,118.6,119.4,254,2523
861103,118.8,121,118.8,120.95,196,2527
861104,121.25,121.95,121.25,121.65,295,2519
861105,121.5,121.75,120.2,121.4,222,2575
861106,121.1,122.5,120.25,121.6,227,2611
861107,121.6,121.6,120.8,120.9,112,2592
861110,120.5,122.6,120.5,122.45,199,2586
861111,122.5,123.9,121.5,121.5,522,2705
861112,122.3,122.7,121.3,121.9,239,2730
861113,122.35,123,121.6,122.4,224,2686
861114,122.05,122.1,120.5,121,259,2734
861117,120.6,122.5,120.4,122.2,135,2676
861118,122.9,123.3,122.5,123,249,2756
861119,122.6,123.5,122.6,123.15,140,2799
861120,122.5,122.8,121.6,122.05,198,2814
861121,121.9,122.05,121.1,121.65,111,2776
861124,121.6,122.3,121.5,122.05,85,2749
861125,122.5,123.55,122.5,123.2,98,2759
861126,123,124,122.6,123.15,0,2787
861201,123.5,124.4,123.1,124,408,2708
861202,124.1,124.1,123.25,123.5,188,2676
861203,123.9,124,123.3,123.6,100,2630
861204,123.45,125,123.45,124.9,338,2525
861205,125.1,126.5,125.1,126.4,227,2448
861208,126.6,127.4,126.1,127,75,2464
861209,126.95,126.95,126,126.15,349,2330
861210,125.25,125.45,124,125.4,268,2191
861211,125.05,127.1,125,127.1,92,2159
861212,127.4,129.15,127.4,128.3,378,1870
861215,128.5,128.9,127.8,127.9,126,1794
861216,128,131,128,130.65,275,1638
861217,130,131.5,130,131.45,105,1620
861218,131.4,131.4,127.3,129.4,421,1461
861219,128,130,128,129.35,110,1401
861222,129.5,130,129.4,129.9,59,1369
861223,130,130.6,129.95,129.95,184,1321
861224,129.75,130.1,128.7,129.15,67,1282
861229,127.3,127.3,122.05,123,321,1196
861230,122.7,124.5,122,124.5,414,1019
861231,124.5,124.5,121.4,122,454,862
870105,122.5,124,122,123.9,82,842
870106,125,125.45,125,125.45,63,787
870107,126,126.05,124.5,124.5,103,720
870108,123.75,124,123.75,123.85,30,709
870109,123.25,123.25,120.5,121.5,64,702
870112,123.5,124,122.3,122.75,66,518
870113,123.9,124.5,123.9,124.25,193,491
870114,122.8,124,122,122,12,474
870115,121.9,123,121.75,121.75,195,473
870116,123.75,123.75,121.8,122.25,53,435
870119,123,124,122.3,122.3,83,377
