861002,111.6,111.6,111.6,111.6,0,0
861003,112,112,112,112,0,0
861006,112.75,112.75,112.75,112.75,0,0
861007,115.15,115.15,115.15,115.15,0,0
861008,114.35,114.35,114.35,114.35,0,0
861009,113.75,113.75,113.75,113.75,0,0
861010,113.5,113.5,113.5,113.5,0,0
861013,115.5,115.5,115.5,115.5,0,0
861014,115,115,115,115,0,0
861015,115,115,115,115,0,0
861016,115.15,115.15,115.15,115.15,0,0
861017,118.35,118.35,118.35,118.35,0,0
861020,121,121,121,121,1,1
861021,121,121,121,121,0,1
861022,119.45,119.45,119.45,119.45,0,1
861023,117.9,117.9,117.9,117.9,0,1
861024,118.9,118.9,118.9,118.9,0,1
861027,117.95,117.95,117.95,117.95,0,1
861028,118.9,118.9,118.9,118.9,0,1
861029,119.25,119.25,119.25,119.25,0,1
861030,121.35,121.35,121.35,121.35,0,1
861031,120.45,120.45,120.45,120.45,0,1
861103,120.95,120.95,120.95,120.95,0,1
861104,122,122,122,122,0,1
861105,121.75,121.75,121.75,121.75,0,1
861106,122.5,122.5,122.5,122.5,0,1
861107,121.7,121.7,121.7,121.7,0,1
861110,122.3,122.3,122.3,122.3,0,1
861111,122,122,122,122,0,1
861112,122.15,122.15,122.15,122.15,0,1
861113,122.3,122.3,122.3,122.3,0,1
861114,122.4,122.4,122.4,122.4,0,1
861117,122.6,122.6,122.6,122.6,0,1
861118,122.95,122.95,122.95,122.95,0,1
861119,122.45,122.45,122.45,122.45,0,1
861120,122.75,122.75,122.75,122.75,0,1
861121,122.4,122.4,122.4,122.4,0,1
861124,122.75,122.75,122.75,122.75,0,1
861125,122.55,122.55,122.55,122.55,0,1
861126,123.05,123.05,123.05,123.05,0,1
861201,124.2,124.2,124.2,124.2,0,1
861202,124.05,124.05,124.05,124.05,0,1
861203,124.15,124.15,124.15,124.15,0,1
861204,126.25,126.25,126.25,126.25,0,1
861205,128,128,128,128,0,1
861208,129.3,129.3,129.3,129.3,0,1
861209,130,130,130,130,0,1
861210,130,130,130,130,0,1
861211,131.55,131.55,131.55,131.55,0,1
861212,133.2,133.2,133.2,133.2,0,1
861215,132.95,132.95,132.95,132.95,0,1
861216,135.2,135.2,135.2,135.2,0,1
861217,136.2,136.2,136.2,136.2,0,1
861218,133.5,133.5,133.5,133.5,0,1
861219,134.5,134.5,134.5,134.5,0,1
861222,134.25,134.25,134.25,134.25,0,1
861223,135.2,135.2,135.2,135.2,0,1
861224,135,135,134.95,134.95,2,3
861229,129.95,129.95,129.95,129.95,0,3
861230,127.5,130.5,127,130.5,1,3
861231,127.75,127.75,127.75,127.75,0,3
870105,129.3,129.3,129.3,129.3,0,3
870106,129.5,131.25,129.5,131.25,2,3
870107,130.45,130.45,130.45,130.45,0,3
870108,129.35,129.35,129.35,129.35,0,3
870109,127.1,127.1,127.1,127.1,0,3
870112,127.3,127.3,127.3,127.3,0,3
870113,127.75,127.75,127.75,127.75,0,3
870114,125.9,125.9,125.9,125.9,0,3
870115,126,126,126,126,0,3
870116,125.45,125.45,125.45,125.45,0,3
870119,126.15,126.15,126.15,126.15,0,3
870120,127.65,127.65,127.65,127.65,0,3
870121,128.4,128.4,128.4,128.4,0,3
870122,124.35,124.35,124.35,124.35,0,3
870123,123.1,123.1,123.1,123.1,0,3
870126,123.95,123.95,123.95,123.95,0,3
870127,121.95,121.95,121.95,121.95,0,3
870128,121.45,121.45,121.45,121.45,0,3
870129,121.5,123,121.5,123,2,5
870130,122.5,123.35,122.5,123.35,4,9
870202,123.25,123.25,123.25,123.25,103,109
870203,126.25,126.25,126.25,126.25,100,209
870204,124.75,125.5,124.75,125.5,2,211
870205,125.75,126.25,125.75,126.25,17,221
870206,126.3,126.3,126.3,126.3,0,221
870209,126.35,126.35,126.35,126.35,0,221
870210,126.5,126.5,126.5,126.5,0,221
870211,126.4,126.4,126.4,126.4,0,221
870212,126,126,126,126,0,221
870213,125.9,125.9,125.9,125.9,0,221
870217,126.45,126.45,126.45,126.45,0,221
870218,127.45,127.45,127.45,127.45,0,221
870219,127.2,127.2,127.2,127.2,0,221
870220,126.95,126.95,126.95,126.95,0,221
870223,127.2,127.2,127.2,127.2,0,221
870224,126.45,126.45,126.45,126.45,0,221
870225,126.9,127.1,126.75,126.75,18,223
870226,126.7,126.7,126.7,126.7,0,223
870227,127.5,127.55,127.5,127.55,52,265
870302,129.95,129.95,129.95,129.95,46,311
870303,130,130,130,130,4,358
870304,130.05,130.05,130.05,130.05,0,358
870305,129.95,129.95,129.75,129.95,4,362
870306,130,130,129.95,129.95,20,367
870309,129.95,129.95,129.95,129.95,8,367
870310,130.2,130.2,129.45,129.45,11,370
870311,127.95,127.95,127.95,127.95,0,370
870312,128,128.9,128,128.9,0,378
870313,129,129.3,128.4,128.4,15,377
870316,128,128.3,127.95,128.05,24,388
870317,127.25,127.25,127.25,127.25,0,389
870318,127.5,128,127.5,127.75,49,400
870319,128.25,128.25,127.25,127.25,6,406
870320,127.3,127.3,127.1,127.1,1,407
870323,125.55,125.55,125.55,125.55,0,409
870324,125.55,125.55,125.55,125.55,0,409
870325,125.45,125.45,125.45,125.45,0,409
870326,125.05,125.05,125.05,125.05,0,409
870327,125.8,125.8,125.8,125.8,0,409
870330,125.25,125.25,125.25,125.25,0,409
870331,123.4,123.4,123.4,123.4,0,409
870401,123.4,123.4,123.4,123.4,0,409
870402,123.6,123.6,123.6,123.6,0,409
870403,123.55,123.55,123.55,123.55,0,409
870406,124.55,124.55,124.55,124.55,0,409
870407,125.35,125.35,125.35,125.35,0,409
870408,125.65,125.65,125.65,125.65,0,409
870409,126.15,126.15,126.15,126.15,0,409
870410,126,126,125.2,125.2,13,422
870413,125.5,125.6,125.5,125.6,24,447
870414,125,125,125,125,0,447
870415,125,125.1,125,125.1,26,451
870416,125,125,124.85,124.85,10,461
870420,125.5,125.5,125.5,125.5,6,463
870421,125.75,126.5,125.75,126,20,465
870422,125.55,125.55,125.55,125.55,0,465
870423,126,126,125.75,125.75,7,471
870424,125.95,125.95,125.95,125.95,0,471
870427,126.75,126.75,126.5,126.5,15,471
870428,126.1,126.1,126.1,126.1,0,471
870429,126,126,124,124,3,471
870430,124.5,125.05,124.5,125,18,487
870501,125.3,125.3,125.3,125.3,0,488
870504,124.5,125.65,124.5,125.65,1,488
870505,126.25,126.25,126.25,126.25,0,488
870506,125.8,125.8,125.8,125.8,0,488
870507,125.9,125.9,125.9,125.9,0,488
870508,125.5,126,125.5,125.75,4,489
870511,127,127.25,126.05,126.05,2,488
870512,126.5,126.5,126.5,126.5,2,490
870513,126.95,126.95,126.95,126.95,0,490
870514,126.6,126.7,126.6,126.6,0,490
870515,125.2,125.2,125.2,125.2,0,490
870518,125.9,125.9,125.65,125.65,2,490
870519,126,126,125.95,125.95,1,490
870520,125.5,125.5,125.5,125.5,0,490
870521,126,126,126,126,0,490
870522,126,126,126,126,3,492
870526,124.75,124.75,124.75,124.75,0,492
870527,124.5,124.75,124.25,124.6,11,495
870528,124.6,124.6,123.8,123.8,4,497
870529,124,124,123.2,123.2,14,504
870601,124,124,123.2,123.2,9,511
870602,123.6,123.7,123.6,123.7,2,513
870603,124,124.5,123.2,123.2,6,514
870604,123,123,122.75,122.75,12,520
870605,123,123,122.75,122.9,12,530
870608,122.75,122.9,122.75,122.85,4,540
870609,122.75,123.4,122.75,123.4,15,552
870610,122.75,122.8,122.75,122.8,13,557
870611,123.15,123.15,123.15,123.15,0,559
870612,123.2,123.4,123.2,123.35,5,564
870615,122.8,123.75,122.8,123.25,13,569
870616,123.35,123.4,123,123.1,5,572
870617,122.75,122.75,122,122,28,594
870618,122,122,121.5,121.55,21,613
870619,121.4,121.7,120.8,120.8,102,674
870622,120.5,120.5,120,120.1,86,707
870623,120,120.2,119.25,119.25,86,734
870624,119.25,120,119,119.5,121,749
870625,119.5,119.8,119.25,119.75,113,795
870626,119.75,120.25,119.75,120.2,4,786
870629,120.2,120.2,120.2,120.2,2,789
870630,121,121,121,121,3,786
870701,119.8,119.8,119.75,119.75,6,790
870702,120.25,120.45,120.25,120.45,2,790
870706,120.4,120.65,120.4,120.65,33,796
870707,120.65,120.65,120.65,120.65,10,801
870708,120.8,122.5,120.8,122.5,11,809
870709,122.3,122.4,122.05,122.05,8,808
870710,122.4,122.4,122,122,2,810
870713,121.75,121.75,121.75,121.75,2,812
870714,122,122.25,122,122.25,20,817
870715,122.5,122.95,122.5,122.95,8,824
870716,122.3,124.15,122.25,124.15,9,829
870717,123.8,124.05,123.8,124.05,1,829
870720,123.95,123.95,123.95,123.95,0,829
870721,123.25,124.05,123.25,124.05,5,833
870722,124,124,123.85,123.85,2,823
870723,123.85,123.85,123.85,123.85,1,832
870724,123.7,123.7,123.25,123.25,3,830
870727,123.5,123.5,123.35,123.35,92,830
870728,124,124,122.8,122.95,27,853
870729,123,123.2,123,123.15,3,855
870730,123,123.4,123,123.35,8,855
870731,122.85,122.85,122.5,122.5,14,869
870803,122.75,123.25,122.75,123,38,872
870804,122.95,123.7,122.95,123.4,58,898
870805,123.15,123.3,122.95,122.95,28,900
870806,123,123,122.4,122.55,26,895
870807,122.9,123,122.9,123,9,900
870810,122.9,122.95,122.6,122.95,60,902
870811,122.6,123.3,122.6,123.25,20,917
870812,123.3,123.3,123.3,123.3,6,919
870813,123.3,123.7,123.3,123.7,31,916
870814,123.7,123.9,123.7,123.75,22,936
870817,125,125,125,125,3,936
870818,125,125.7,125,125.7,84,990
870819,125.9,126.8,125.9,126.8,132,1004
870820,126.95,127.2,126.8,127.05,44,1020
870821,127.2,127.2,127.1,127.1,14,1033
870824,127,127,126.9,127,25,1034
870825,127,127.1,127,127,30,1028
870826,127.1,127.35,127.1,127.35,89,1057
870827,127.5,127.75,127.5,127.75,110,1054
870828,127.7,127.75,127.5,127.5,47,1071
870831,127.6,127.75,127.5,127.5,69,1095
870901,127.75,129.4,127.75,129,214,1080
870902,129.2,129.25,128.5,128.5,46,1093
870903,128.8,129.4,128.8,129.25,38,1123
870904,129.4,130.25,129.4,130.05,62,1142
870908,130.25,130.9,130.25,130.65,200,1273
870909,130.7,130.7,129.95,130.5,69,1292
870910,130.3,130.7,130.3,130.5,31,1316
870911,130.2,130.2,129,129.45,42,1338
870914,128.45,128.75,128.3,128.45,54,1357
870915,128.8,128.8,127.5,128.25,91,1403
870916,128.5,128.85,128.3,128.85,75,1429
870917,128.95,129,128.5,128.8,37,1440
870918,129,129.9,129,129.4,142,1475
870921,130.5,130.5,129.9,130.05,14,1443
870922,130.3,130.7,130.05,130.5,36,1451
870923,130.4,130.5,129.25,129.7,53,1463
870924,129.5,130,129.25,129.5,123,1495
870925,129.5,130.1,129.15,130.1,58,1512
870928,130.5,130.85,129.9,130.2,139,1591
870929,130.35,130.45,130,130.2,103,1639
870930,130.3,132.5,130.3,132.5,205,1710
871001,132,132.9,131.7,132.4,146,1779
871002,132.8,133.9,132.65,133.5,172,1893
871005,134.3,138.2,134.2,137.3,620,2191
871006,137.6,140,137.6,138.2,337,2190
871007,138.15,138.8,137.1,137.15,257,2249
871008,138.75,138.85,137.7,138.55,175,2265
871009,143.55,143.55,142.9,143.55,281,2392
871012,144,144.1,142.5,143.05,258,2449
871013,141.75,142.8,141.1,142.05,284,2582
871014,142.2,143.05,141.8,142.95,188,2564
871015,143,144,142.8,144,103,2589
871016,144.1,144.5,143.4,144.5,101,2592
871019,144.1,144.75,143.2,143.2,218,2653
871020,141,141.6,138.2,140.5,516,2680
871021,141.5,142.5,141.25,141.5,207,2661
871022,140.7,142,139,141.6,175,2676
871023,141.5,143,140.85,141.4,375,2681
871026,140.85,142.5,140.5,141.45,163,2724
871027,143,143.5,142.5,143,281,2714
871028,143.4,143.9,142.9,143.9,299,2721
871029,143.5,143.9,143.3,143.8,166,2755
871030,144,144.8,143.6,144.7,178,2705
871102,145.5,147.8,145.25,147.65,299,2733
871103,147.6,147.8,146,147.8,310,2698
871104,147.2,150.8,146.8,149.9,853,3117
871105,149,154,149,152.85,952,3278
871106,153.4,154.7,152.5,153.6,465,3439
871109,153.8,155,153.6,154.3,250,3429
871110,155.4,155.45,154.25,155.1,267,3446
871111,153.8,154.7,153.3,153.5,309,3498
871112,152.6,154.25,152.6,154.25,189,3491
871113,154.8,154.8,154.1,154.4,141,3484
871116,157.5,157.5,155.25,156,145,3472
871117,155.9,160.1,155.7,160,599,3497
871118,159.5,159.7,158.4,159.4,165,3531
871119,159.9,164,159.9,162.35,484,3602
871120,162.35,166.6,161.9,165.55,542,3664
871123,166,169,164,166.65,563,3507
871124,166.25,168.7,166.25,168.55,342,3539
871125,168.05,170.45,168,169.8,349,3620
871130,170.8,172.8,167,168.35,711,3707
871201,168,170.2,167.15,169.1,448,3614
871202,169.8,170.9,168.1,168.85,354,3692
871203,169.4,170.4,168.6,169.4,447,3660
871204,168.5,170.3,168.5,169.1,210,3705
871207,168.2,169,166.8,166.8,763,3705
871208,165,168.3,165,168.05,832,3674
871209,167,168.1,167,167.4,300,3757
871210,166.8,172.4,166.7,172.4,830,3872
871211,171,171.25,168,168.25,820,3945
871214,169.1,170.8,167.7,167.7,520,3962
871215,167.65,168,166.5,166.9,400,4057
871216,167.35,167.45,165,165.6,765,4187
871217,166,166.3,164.3,164.9,746,4305
871218,164.5,168.5,164.5,167.15,921,4416
871221,166,168.1,166,167.05,1030,4627
871222,167.05,168.5,167.05,168.15,429,4621
871223,168.1,169,167.55,169,611,4814
871224,169.1,170,169,169.5,402,4858
871228,173,174,170.5,170.65,1123,4962
871229,170.75,170.8,168.7,168.8,473,4958
871230,169,169,164.8,165.15,1672,5183
871231,164.9,165,163.8,164.1,534,5207
880104,164.5,167,164.25,164.5,652,5265
880105,165.8,166.9,165.55,166.55,539,5328
880106,167.4,168.25,166.2,167.15,755,5518
880107,167,167.15,164.1,165.25,968,5719
880108,166.75,170.25,166.75,170.25,2088,5729
880111,175.25,175.25,175.25,175.25,606,5569
880112,175.2,176.5,173.2,175.3,2003,5484
880113,174,175.6,174,175.45,1100,5290
880114,175,175.2,174.05,174.3,515,5321
880115,173.7,174.95,173.6,174.85,682,5177
880118,173.75,174.3,173.4,173.9,524,5180
880119,174.1,177,173.9,176.75,934,5141
880120,176,176.5,173.75,173.85,652,5057
880121,173.5,173.5,170.75,171.8,1061,5015
880122,168.1,170.05,168,168.65,992,5019
880125,172.75,174,170.1,171.2,1269,4842
880126,170.5,171.4,168,169.1,1518,4373
880127,168.1,169.1,164,166,2030,3918
880128,165.3,169,165.1,168.2,1161,3954
880129,167.5,168.75,167,167.45,597,4032
880201,167.1,168.75,166.6,167.8,668,4099
880202,167.5,170.8,167.5,169.85,698,3901
880203,172.8,177,172.8,176.95,1776,3454
880204,172,173,169,170.5,1094,3234
880205,169.3,172,169.2,170.15,438,3130
880208,168,168.15,166,166.6,603,3057
880209,166.4,169,166,166.9,587,3041
880210,166.45,168.9,166.3,168.3,387,2921
880211,169.7,170.5,169.4,169.75,553,2834
880212,169.5,169.8,168.5,168.5,368,2864
880216,166.7,167.5,165,166.1,647,2737
880217,166.95,168.6,166.2,168.15,433,2718
880218,167.5,167.8,165.75,167.1,487,2608
880219,167.5,168.5,166.5,166.7,348,2445
880222,165.55,166.5,165.5,166.15,234,2330
880223,166,166.5,162,163.35,476,2407
880224,163.75,165.5,163.4,164.25,777,2395
880225,164.7,172.5,164.5,169.25,696,2223
880226,170,170.25,167.9,167.95,281,2140
880229,166.95,167.3,165,166.75,415,2060
880301,167.8,169,167.25,168.3,224,1908
880302,167.8,169.9,167.8,168.55,268,1830
880303,168.1,168.4,166.8,168.2,239,1757
880304,169.4,169.75,167.2,167.55,217,1665
880307,167.5,167.6,166.75,167,84,1642
880308,166.7,167,165.6,165.85,216,1317
880309,165.5,166.7,164.8,165.05,141,1290
880310,164.1,165.75,164.1,165.75,111,1193
880311,167.8,169.3,167,169.25,135,1152
880314,169.25,169.5,167.5,168.35,134,1085
880315,167.85,168,165,165.75,233,1018
880316,165,165.25,163.75,164.9,175,970
880317,164.9,168,164.9,168,196,842
880318,168.5,169,165.4,165.4,474,446
