930802,126.3,126.3,126.3,126.3,0,0
930803,124.75,124.75,124.75,124.75,0,0
930804,121.05,121.05,121.05,121.05,0,0
930805,123.75,123.75,123.75,123.75,0,0
930806,124.7,124.7,124.7,124.7,0,0
930809,124.2,124.2,124.2,124.2,0,0
930810,123.45,123.45,123.45,123.45,0,0
930811,120.25,120.25,120.25,120.25,0,0
930812,121.5,121.5,121.5,121.5,0,0
930813,121.7,121.7,121.7,121.7,0,0
930816,122.35,122.35,122.35,122.35,0,0
930817,122.45,122.45,122.45,122.45,0,0
930818,121.05,121.05,121.05,121.05,0,0
930819,121.5,121.5,121.5,121.5,0,0
930820,122,122,122,122,0,0
930823,125.45,125.45,125.45,125.45,0,0
930824,125.9,125.9,125.9,125.9,0,0
930825,129.3,129.3,129.3,129.3,0,10
930826,130.55,130.55,130.55,130.55,0,0
930827,128.95,128.95,128.95,128.95,0,0
930830,130.95,130.95,130.95,130.95,0,0
930831,129.8,129.8,129.8,129.8,0,0
930902,129.25,129.25,129.25,129.25,0,0
930903,128.5,128.5,128.5,128.5,0,0
930907,124.65,124.65,124.65,124.65,0,0
930908,126.95,126.95,126.95,126.95,0,0
930909,125.95,125.95,125.95,125.95,0,0
930910,122.75,122.75,122.75,122.75,0,0
930913,124,124,124,124,1,1
930914,125.5,125.5,125.5,125.5,0,1
930915,126.45,126.45,126.45,126.45,0,1
930916,130.55,130.55,130.55,130.55,0,1
930917,128.9,128.9,128.9,128.9,0,1
930920,129.4,129.4,129.4,129.4,0,1
930921,129.85,129.85,129.85,129.85,0,1
930922,130.4,130.4,130.4,130.4,0,1
930923,130.15,130.15,130.15,130.15,0,1
930924,130,130.05,130,130.05,0,1
930927,129.95,129.95,129.95,129.95,0,3
930928,134.85,134.85,134.85,134.85,0,3
930929,132,134.1,132,134.1,2,3
930930,134,134,134,134,0,3
931001,135.4,135.4,135.4,135.4,0,3
931004,133.95,133.95,133.95,133.95,0,3
931005,133.95,133.95,133.95,133.95,0,3
931006,133,133,133,133,0,3
931007,132.35,132.35,132.35,132.35,0,3
931008,132.15,132.15,132.15,132.15,0,3
931011,133,133,133,133,0,3
931012,133.25,133.25,133.25,133.25,0,3
931013,128.25,128.25,128.25,128.25,0,3
931014,123.25,123.25,123.25,123.25,0,3
931015,122.45,122.45,122.45,122.45,0,3
931018,121.25,121.25,121.25,121.25,0,3
931019,121,121,121,121,0,3
931020,119.95,119.95,119.95,119.95,0,3
931021,120.6,120.6,120.6,120.6,0,3
931022,120.95,120.95,120.95,120.95,0,3
931025,120.5,120.5,120.5,120.5,0,3
931026,119.1,119.1,119.1,119.1,0,3
931027,116.5,116.5,116.5,116.5,0,3
931028,113.5,113.5,113.5,113.5,0,3
931029,112.65,112.65,112.65,112.65,10,13
931101,111.45,111.45,111.45,111.45,0,13
931102,112.8,112.8,112.8,112.8,0,13
931103,112.2,112.2,112.2,112.2,0,13
931104,112.5,112.5,112.5,112.5,90,102
931105,113.1,113.1,113.1,113.1,0,102
931108,110.4,110.4,110.4,110.4,10,112
931109,111.4,111.4,111.4,111.4,0,112
931110,112.6,112.6,112.6,112.6,0,112
931111,113.5,113.5,113.5,113.5,0,112
931112,116.45,116.45,116.45,116.45,0,112
931115,117.25,117.25,117.25,117.25,0,112
931116,114.5,114.5,114.5,114.5,0,112
931117,114.9,114.9,114.9,114.9,0,112
931118,109.9,109.9,109.9,109.9,0,112
931119,109.7,109.7,109.7,109.7,0,112
931122,113,113,113,113,0,112
931123,110.75,110.75,110.75,110.75,0,112
931124,110.1,110.1,110.1,110.1,0,112
931129,109.5,109.5,105.95,105.95,7,115
931130,103.05,103.05,103.05,103.05,0,115
931201,103.5,105,103.5,105,6,118
931202,108,108.9,108,108.9,88,205
931203,109.4,109.4,109.4,109.4,0,205
931206,108,108.5,108,108.5,7,205
931207,109.95,112.9,109.95,112.9,6,205
931208,116,116.9,116,116.9,1,204
931209,119.4,119.4,119.4,119.4,0,204
931210,114.75,114.75,114.75,114.75,0,204
931213,119.75,119.75,119.75,119.75,15,206
931214,120.5,123,120.25,120.25,24,220
931215,124,124,124,124,0,220
931216,123,123,123,123,0,220
931217,121.2,121.2,121.2,121.2,2,220
931220,124.35,124.35,124.35,124.35,200,420
931221,123.85,123.85,123.85,123.85,0,420
931222,123,123,123,123,21,413
931223,121.45,121.45,121.45,121.45,1,413
931227,119.75,119.75,119.2,119.75,1,414
931228,118.3,118.3,118.3,118.3,1,414
931229,118.5,118.5,118.5,118.5,0,414
931230,117.9,117.9,117.9,117.9,0,414
940103,122.9,122.9,122.9,122.9,1,415
940104,122.45,122.45,122.45,122.45,0,415
940105,123.5,123.5,121.8,121.8,1,414
940106,119.25,119.25,119.25,119.25,5,419
940107,120.6,120.6,120.6,120.6,0,419
940110,122.5,122.5,122.4,122.4,5,419
940111,124,124,124,124,0,419
940112,119.35,119.35,119.35,119.35,0,419
940113,121.25,121.25,121.25,121.25,2,418
940114,121.85,121.85,121.85,121.85,0,418
940117,117,117,117,117,0,418
940118,116.75,116.75,116.75,116.75,0,418
940119,120.25,120.25,120.25,120.25,4,422
940120,120,120,119.95,119.95,5,426
940121,119,119.4,118,119.4,5,429
940124,116.65,116.65,116.65,116.65,0,429
940125,114,114.5,113.95,113.95,32,438
940126,113,113,113,113,1,439
940127,112.25,114.75,112.25,114.75,1,440
940128,115,116.1,115,116.1,1,441
940131,115.65,116,115.65,115.65,2,440
940201,115,115,115,115,0,440
940202,115.9,116,115.9,116,3,443
940203,115.2,115.2,115.2,115.2,2,441
940204,115,115,115,115,212,629
940207,115.15,115.15,115.15,115.15,1,630
940208,115.15,115.95,115.15,115.95,1,631
940209,119,120.95,119,120.95,156,747
940210,120,120,118.75,119,37,792
940211,119,120.75,119,120.75,45,815
940214,120.75,121.75,120,121.75,96,896
940215,121,121.5,121,121.45,13,908
940216,120,120,120,120,1,908
940217,120,120,119.85,119.85,15,923
940218,119,119.5,119,119.35,31,932
940222,118.3,119,118.3,118.3,64,987
940223,117,117.5,116.5,117.35,124,1020
940224,117.25,117.45,117.25,117.45,14,1030
940225,116.4,116.4,116,116,70,1097
940228,115.75,115.95,115.4,115.95,54,1147
940301,115.75,117.25,115.75,117,68,1208
940302,117.5,117.9,117.5,117.9,95,1301
940303,117,117,116,116.95,69,1360
940304,117,117,115.5,116.25,170,1438
940307,115,115.5,115,115.45,12,1448
940308,115,115,115,115,22,1450
940309,115,116,115,115.75,492,1524
940310,115.6,115.6,114.75,115,78,1531
940311,115,115.2,114.8,115.2,66,1547
940314,114.7,115.5,114.7,115.5,22,1617
940315,115,115.05,114.75,115.05,73,1657
940316,115,115.25,115,115.25,9,1648
940317,115.35,115.5,115.2,115.45,9,1648
940318,115.45,115.45,114.5,114.95,172,1700
940321,114.95,114.95,114.5,114.5,18,1706
940322,114.25,114.75,114.1,114.75,28,1724
940323,114.25,114.8,114.15,114.8,56,1762
940324,114.5,115,114.5,114.9,69,1828
940325,114.9,115,114.9,114.95,136,1956
940328,115.25,116.5,115.25,116.4,207,2086
940329,115.5,115.9,115.5,115.75,16,2102
940330,115.45,115.5,114,114,3,2102
940331,114.2,114.2,112.5,112.75,49,2110
940404,110,110.25,107.8,107.95,85,2127
940405,107,108.7,106.95,108,106,2109
940406,109.5,112,109.5,112,157,2078
940407,111.6,113,111.1,111.1,20,2096
940408,110.5,111.5,110.1,111.5,12,2108
940411,112,112.6,112,112.6,38,2105
940412,112.5,112.5,109.5,111,17,2100
940413,110.5,110.75,110.5,110.75,6,2102
940414,110.25,110.9,110.25,110.5,12,2114
940415,108,108.5,108,108.45,11,2118
940418,107.5,108,106.5,107.5,41,2132
940419,106.5,107,105,106.45,157,2113
940420,105.25,106.55,105.25,106.55,249,1748
940421,107.5,109.2,107.5,109,314,1987
940422,107.9,109.5,107.75,109.5,301,2184
940425,109,109,108.25,108.75,26,2171
940426,108,109,108,109,47,2156
940428,108.4,113,108.4,113,165,2285
940429,112.5,112.5,109.5,110,284,2285
940502,110,111.25,109.5,111.25,96,2274
940503,110.8,111.25,109.5,109.5,104,2247
940504,109,109.25,107,108.65,77,2234
940505,108.5,109,108,109,26,2244
940506,109,109,105,105.35,124,2221
940509,104.5,104.5,101,102,291,2118
940510,101.2,101.2,97.75,97.85,216,2154
940511,98.3,100.5,98.3,99.5,30,2178
940512,100.1,100.4,97.7,98.55,94,2194
940513,100.25,100.25,98,98.5,161,2272
940516,98.5,100,98,98.55,32,2283
940517,98.6,100.25,98.5,98.8,173,2300
940518,99,99.4,98.8,99.2,42,2276
940519,102.5,102.5,100.95,101.5,272,2445
940520,101.25,101.25,98,100,112,2503
940523,100,100,98.75,99,38,2485
940524,98.25,101.95,98,101.95,143,2568
940525,102.5,103.45,101,101.25,230,2688
940526,101.5,101.8,101.25,101.7,104,2648
940527,101.5,103.45,100.9,103.45,113,2725
940531,103,107,103,107,302,2816
940601,106.25,106.25,105,105.9,96,2828
940602,106,106,104.75,105.4,155,2906
940603,104.05,105,104.05,104.9,25,2885
940606,104.5,104.5,101.25,101.75,60,2881
940607,101,101.25,100,100.65,74,2921
940608,100.5,101,99.5,100.75,145,2911
940609,101.25,101.6,100.9,101.5,213,2977
940610,100.75,101,100.4,100.95,197,3010
940613,100.8,101.75,100.6,101.75,129,3033
940614,101.2,102,100.5,102,121,3062
940615,102.4,103.25,102,102.2,112,3123
940616,102,102,97.2,97.2,180,3160
940617,96,96.9,95.2,96.55,162,3201
940620,98.25,98.25,95.5,97.25,46,3209
940621,97,97.5,96.5,97.25,55,3234
940622,97.2,97.4,96.8,97.1,97,3260
940623,96.9,96.9,94.25,96.55,350,3416
940624,96.4,97.25,95,95,20,3410
940627,96,98.2,96,96.75,99,3467
940628,97.25,99,97,98.9,219,3527
940629,99.15,99.25,96.65,96.65,212,3687
940630,96.5,96.5,95.25,95.25,276,3737
940701,95,96.25,94.5,96.25,153,3756
940705,96,97,96,96.4,82,3754
940706,96,96,94,94.05,163,3815
940707,94.5,95.25,94,94.05,215,3786
940708,95.5,99.05,93,99.05,207,3896
940711,102,102.75,95,95.5,498,4075
940712,95.5,97,95,95.9,81,4079
940713,97.7,97.7,95.25,95.25,191,4026
940714,94.75,97.75,94.5,96.55,171,4061
940715,97.45,99.25,97.2,98.5,202,4099
940718,99.2,99.25,97.5,98,136,4148
940719,97.75,101.5,97.75,101,514,3969
940720,100.75,103,97.2,97.75,497,4027
940721,98.5,99.5,97.5,98.25,82,4030
940722,98.4,99.9,98.4,99.25,29,4020
940725,99.9,101.75,99.9,101.3,464,3842
940726,102,102,101,101.55,156,3804
940727,102,102,101.1,101.6,121,3757
940728,100.9,102.2,100.9,102.2,78,3755
940729,102.75,105,102.75,104.75,381,3747
940801,104.5,104.5,101.8,103,182,3725
940802,102.3,104.1,102,103.8,79,3707
940803,103.5,105.9,103.5,104.2,341,3620
940804,103.5,104.3,102.3,104,133,3616
940805,104,104.25,101.9,102.05,133,3691
940808,102.25,102.6,101.6,102.35,72,3687
940809,103,104.25,103,104.1,82,3707
940810,100.5,101.9,99.5,100.55,677,3988
940811,100.5,101.5,99.8,99.85,164,4046
940812,100.5,100.75,99.6,100.5,129,4093
940815,100.85,102.35,100.5,102,189,4133
940816,102.1,102.1,99.55,99.7,240,4243
940817,100.75,102,100.75,101,133,4236
940818,100.4,101.7,100.4,101.25,45,4259
940819,101.5,102,101.3,101.35,126,4283
940822,101.15,102.4,100.75,102.3,178,4393
940823,102.4,102.8,100.5,100.75,276,4489
940824,100.75,100.9,99.15,99.5,252,4552
940825,99.7,100.55,99.4,100.55,134,4535
940826,100.25,100.95,98.5,98.5,306,4476
940829,99,99,97.3,98.7,645,4704
940830,98.4,100.8,97.6,100.65,806,4679
940831,100.25,100.25,98.7,99.45,559,4722
940901,99.5,99.85,99.3,99.5,229,4735
940902,99.55,99.55,98.5,98.55,399,4571
940906,97.6,97.75,94.25,94.35,645,4838
940907,94.75,95.5,94.75,94.9,277,4873
940908,94.9,95,90,90.25,1013,5122
940909,90.25,91.65,89,91.1,431,5274
940912,90.9,92.2,90.7,92.1,195,5358
940913,92.05,93.3,91.8,92.6,411,5418
940914,92.2,92.8,90.5,91.1,410,5618
940915,92,92.2,90.75,90.75,166,5688
940916,90.85,91.2,90.1,90.75,514,5933
940919,90.9,91.4,90.7,91.1,280,5985
940920,92.1,94.8,92.1,94.65,662,6048
940921,94.25,94.6,93.65,93.95,636,6227
940922,94.5,98.25,94.5,97.75,6389,6389
940923,97.9,98.5,97.1,98,644,6507
940926,99.7,103,99.7,102.75,1707,6677
940927,102.5,103,100.25,101.1,766,6316
940928,101.75,102,100.4,101.6,830,6482
940929,101.8,102.75,101,102.7,516,6497
940930,100,100.9,97.7,97.75,1303,6205
941003,96.75,99.65,96.75,97.75,641,6232
941004,97.7,98.5,95,95.2,718,6357
941005,95,95.75,94.05,94.7,1030,6352
941006,94.9,95.5,93.75,94.45,875,6253
941007,95.05,96.3,94.3,94.4,976,6232
941010,94.35,95.25,93,95.1,981,6378
941011,96,97.5,95.1,97.25,1079,6778
941012,97.2,98.5,94.3,96.35,1087,7040
941013,94,99.75,94,99.25,2178,7661
941014,103.5,104.25,103.5,104.25,909,7774
941017,107,109.25,106.55,109.15,4173,8429
941018,110.75,111,108.55,108.8,3616,9523
941019,109,110.75,108.6,110.25,1764,10165
941020,111.5,114.9,111.25,113.85,3025,11036
941021,111.8,113,109.25,112.25,1969,11023
941024,107.25,111.4,107.25,109.35,1520,11136
941025,109,109.6,106,106.6,2051,11722
941026,107.4,110.25,107,109.95,1902,12606
941027,110.75,111.25,109.5,109.7,1040,13022
941028,109.1,110.4,108.4,109.05,1003,13432
941031,107.75,112.5,106.3,110,2867,14338
941101,109.4,111,108.25,110.25,928,14363
941102,110.45,111.7,109.9,111.6,1026,14464
941103,111.3,113.6,111.3,112.95,1899,14698
941104,112.5,113.45,111.8,112.15,1120,14853
941107,111.4,112.45,109,109.75,1742,14720
941108,110,114,109.55,113.4,1299,14817
941109,112.6,113.2,111.9,113.15,852,14744
941110,113.5,113.6,112,112.55,564,14839
941111,112.8,115.8,112.8,114.8,1830,15282
941114,116.3,116.3,114.8,115.1,1438,15721
941115,114.6,115.25,113.75,114.95,1465,15851
941116,115.3,115.4,113.5,114.25,1263,15830
941117,118.25,119,117,118.7,4036,17106
941118,118.4,118.4,117.1,117.55,858,17029
941121,112,113.5,107.55,107.55,5417,16315
941122,107.55,108,103,105.25,4735,14466
941123,104.6,109,104.6,107.95,1059,13968
941128,105.6,108.35,105.6,106.5,667,13727
941129,106,107,105.25,105.4,1529,13269
941130,105.5,106.2,100.2,101.4,4248,12141
941201,101.75,105.7,101.75,105.6,2655,11961
941202,105.35,107.4,104.9,104.95,1232,11614
941205,104.95,105,103.25,103.6,1026,11671
941206,103.6,113,103.6,109.1,3098,11765
941207,110,111.45,109.25,109.55,1133,11145
941208,110.35,112,108.5,111.7,957,11060
941209,112.05,112.5,109.6,110.2,653,10841
941212,108.05,110.25,107.6,108.5,1055,10532
941213,108.8,110.4,108,109.85,940,10316
941214,110,114,109.5,113.75,1834,10174
941215,113.95,114,111.75,113.35,1161,9933
941216,112.35,114.85,109.5,114.65,2035,9334
941219,117.45,119.9,116.05,119.5,3574,9124
941220,119.5,119.8,117.5,117.6,1860,8756
941221,118,118.6,115.8,117.3,1480,7581
941222,117.35,117.9,115.8,116.15,925,7200
941223,115.8,117,115.25,115.95,915,6810
941227,114.85,114.85,111.2,112.05,2493,5564
941228,112.45,113.25,108,108.05,1765,4348
941229,107.75,108,105.3,106.8,1988,2473
941230,106.6,108.6,106.6,107.3,1251,1664
950103,108.25,108.25,105.6,107.35,840,1070
950104,107.15,111.25,106.45,110.7,296,712
950105,109.85,109.85,108,108,263,561
950106,108,108,106.3,106.3,326,433
950109,103.95,103.95,99.6,100,419,361
950110,99.85,100.7,97.25,97.5,305,231
950111,97.6,102,97.6,99.85,151,162
950112,96,103.2,95,103.2,25,26
950113,104.85,105,104.25,104.25,19,18
950116,101.6,101.9,101.6,101.9,2,6
950117,103.9,103.9,103.9,103.9,0,2
950118,104.5,104.5,102.45,102.45,27,27
