751219,39.25,39.25,39.25,39.25,0,11
751222,39.3,39.3,39.3,39.3,0,11
751223,39.3,39.3,39.3,39.3,0,11
751224,39.3,39.3,39.3,39.3,0,11
751229,39.3,39.3,39.3,39.3,0,11
751230,39.3,39.3,39.3,39.3,0,11
751231,39.28,39.28,39.28,39.28,0,11
760102,39.28,39.28,39.28,39.28,0,11
760105,39.6,39.7,39.6,39.7,5,14
760106,39.8,39.8,39.79,39.8,3,14
760107,39.7,39.7,39.7,39.7,1,14
760108,39.7,39.7,39.7,39.7,0,14
760109,39.65,39.65,39.5,39.5,6,17
760112,39.48,39.48,39.48,39.48,1,18
760113,39.48,39.48,39.48,39.48,0,18
760114,39.73,39.73,39.73,39.73,1,19
760115,39.85,39.85,39.7,39.7,1,19
760116,39.6,39.6,39.6,39.6,2,21
760119,39.6,39.6,39.6,39.6,0,21
760120,39.6,39.6,39.6,39.6,0,21
760121,39.55,39.55,39.55,39.55,0,21
760122,39.5,39.55,39.48,39.55,7,28
760123,39.55,39.58,39.55,39.58,20,48
760126,39.58,39.58,39.58,39.58,0,48
760127,39.6,39.6,39.6,39.6,1,48
760128,39.6,39.6,39.6,39.6,0,48
760129,39.6,39.6,39.6,39.6,0,48
760130,39.6,39.6,39.6,39.6,0,48
760202,39.85,39.85,39.85,39.85,0,48
760203,39.85,39.85,39.85,39.85,0,48
760204,39.8,39.8,39.8,39.8,1,48
760205,39.8,39.8,39.8,39.8,0,48
760206,39.8,39.8,39.8,39.8,0,48
760209,40.1,40.1,40.08,40.08,2,48
760210,40.09,40.15,40.09,40.15,7,55
760211,40.46,40.46,40.43,40.45,15,52
760212,40.55,40.55,40.52,40.52,4,52
760213,40.52,40.52,40.52,40.52,1,52
760217,40.18,40.18,40.18,40.18,1,52
760218,40.35,40.35,40.25,40.26,7,49
760219,40.26,40.26,40.26,40.26,0,49
760220,40.22,40.22,40.2,40.2,2,49
760223,40.35,40.35,40.35,40.35,4,48
760224,40.35,40.35,40.35,40.35,0,48
760225,40.29,40.29,40.25,40.29,2,49
760226,40.25,40.25,40.25,40.25,0,49
760227,40.05,40.1,40.01,40.01,11,49
760301,39.68,39.7,39.68,39.68,33,64
760302,39.72,39.85,39.72,39.82,49,88
760303,39.82,39.9,39.82,39.9,6,81
760304,39.72,39.75,39.71,39.75,1,82
760305,39.75,39.81,39.75,39.8,2,84
760308,39.92,39.92,39.8,39.8,12,85
760309,39.88,39.95,39.88,39.95,24,108
760310,39.9,39.9,39.9,39.9,11,111
760311,39.75,39.77,39.75,39.77,26,136
760312,39.77,39.77,39.77,39.77,0,136
760315,40,40,39.8,39.9,3,137
760316,39.95,39.95,39.93,39.93,43,118
760317,40.45,40.53,40.45,40.53,10,128
760318,40.75,40.75,40.54,40.6,18,118
760319,40.7,40.7,40.7,40.7,2,117
760322,40.5,40.5,40.5,40.5,1,118
760323,40.15,40.16,40.1,40.1,6,118
760324,40.2,40.2,40.18,40.18,2,118
760325,40.33,40.41,40.33,40.41,6,118
760326,40.4,40.4,40.4,40.4,0,118
760329,40.28,40.33,40.28,40.33,2,117
760330,40.46,40.46,40.46,40.46,0,117
760331,40.5,40.54,40.5,40.53,9,113
760401,40.65,40.65,40.65,40.65,1,114
760402,40.53,40.53,40.53,40.53,0,114
760405,40.53,40.53,40.53,40.53,1,115
760406,40.53,40.53,40.53,40.53,0,115
760407,40.33,40.45,40.33,40.44,3,113
760408,40.62,40.62,40.61,40.61,2,113
760409,40.55,40.55,40.55,40.55,2,114
760412,40.55,40.55,40.55,40.55,0,114
760413,40.55,40.55,40.55,40.55,1,115
760414,40.88,40.88,40.75,40.78,6,118
760415,40.78,40.78,40.78,40.78,0,118
760419,40.7,40.7,40.67,40.7,2,120
760420,40.75,40.75,40.73,40.73,3,123
760421,40.58,40.62,40.57,40.6,9,126
760422,40.65,40.67,40.6,40.67,13,135
760423,40.65,40.65,40.63,40.63,13,137
760426,40.69,40.69,40.66,40.66,5,139
760427,40.64,40.66,40.64,40.64,4,141
760428,40.7,40.7,40.7,40.7,6,147
760429,40.85,40.85,40.83,40.83,5,146
760430,40.85,40.85,40.83,40.85,7,146
760503,41,41.08,41,41.07,14,150
760504,41.09,41.18,41.09,41.15,6,149
760505,41.26,41.26,41.26,41.26,2,150
760506,41.6,41.66,41.52,41.6,5,154
760507,41.51,41.51,41.4,41.44,8,156
760510,41.35,41.38,41.34,41.38,13,158
760511,41.4,41.41,41.3,41.3,9,155
760512,41.15,41.15,41.07,41.15,7,153
760513,41.18,41.18,41.12,41.12,13,154
760514,41.1,41.1,41,41.03,12,154
760517,40.78,40.85,40.66,40.68,55,149
760518,40.68,40.85,40.67,40.8,23,143
760519,40.87,41.13,40.87,41.12,17,152
760520,41.25,41.4,41.25,41.25,6,152
760521,41.14,41.2,41.14,41.2,8,151
760524,41.42,41.42,41.42,41.42,0,151
760525,41.55,41.55,41.44,41.53,11,154
760526,41.55,41.61,41.55,41.58,8,150
760527,41.68,41.71,41.65,41.65,15,155
760528,41.75,41.94,41.7,41.9,14,157
760601,42.22,42.3,42.18,42.27,6,155
760602,42.7,42.87,42.69,42.77,41,155
760603,42.53,42.75,42.3,42.38,33,162
760604,41.99,41.99,41.78,41.8,41,172
760607,41.84,41.84,41.57,41.57,13,175
760608,41.11,41.18,40.97,41.02,47,165
760609,40.92,41.04,40.85,41.03,76,195
760610,41.17,41.42,41.14,41.35,103,260
760611,41.35,41.35,41.1,41.22,44,272
760614,41.1,41.25,41.1,41.15,19,279
760615,41.5,41.56,41.45,41.56,16,276
760616,41.73,41.73,41.51,41.56,22,270
760617,41.25,41.37,41.1,41.27,51,272
760618,41.18,41.4,41.18,41.33,29,281
760621,41.3,41.3,41.2,41.24,16,269
760622,41.2,41.28,41.2,41.26,6,270
760623,41.28,41.3,41.28,41.3,1,270
760624,41.51,41.56,41.45,41.52,55,267
760625,41.55,41.55,41.48,41.55,3,268
760628,41.55,41.65,41.55,41.63,7,265
760629,41.52,41.52,41.39,41.4,6,270
760630,41.47,41.52,41.47,41.47,4,271
760701,41.46,41.49,41.45,41.47,7,270
760702,41.48,41.5,41.44,41.48,10,274
760706,41.28,41.28,41.28,41.28,1,269
760707,41.14,41.22,41.13,41.18,21,261
760708,41.1,41.18,41.08,41.16,19,266
760709,41.27,41.27,41.15,41.15,17,266
760712,41.08,41.09,41.04,41.04,13,274
760713,41.05,41.16,41.05,41.13,10,273
760714,41.18,41.18,41.15,41.18,38,264
760715,41.16,41.16,40.98,40.98,9,299
760716,41,41.08,40.99,41.03,74,290
760719,41.06,41.06,40.98,40.98,49,283
760720,40.96,40.96,40.81,40.85,128,317
760721,40.81,40.88,40.79,40.86,72,346
760722,40.7,40.72,40.41,40.47,211,479
760723,40.48,40.49,40.4,40.43,72,512
760726,40.5,40.55,40.5,40.53,54,506
760727,40.52,40.56,40.52,40.55,24,513
760728,40.68,40.73,40.64,40.73,62,482
760729,40.9,40.92,40.78,40.84,85,461
760730,40.9,41.13,40.9,41.12,209,361
760802,41.08,41.08,40.97,40.97,16,355
760803,40.9,40.92,40.83,40.83,96,344
760804,40.95,41.08,40.95,41.02,66,347
760805,41,41.02,40.88,40.93,43,342
760806,40.83,40.9,40.82,40.86,34,343
760809,40.81,40.81,40.64,40.69,46,344
760810,40.56,40.59,40.5,40.58,106,324
760811,40.65,40.82,40.64,40.82,90,283
760812,40.75,40.78,40.63,40.77,34,285
760813,40.82,40.84,40.71,40.72,66,266
760816,40.71,40.85,40.71,40.85,16,269
760817,41,41.2,41,41.08,148,334
760818,41.11,41.14,41.06,41.11,77,345
760819,41.1,41.12,40.93,41,60,344
760820,40.94,40.96,40.86,40.87,28,346
760823,40.9,41.04,40.9,40.99,54,353
760824,41.06,41.06,40.99,40.99,55,376
760825,40.98,40.98,40.85,40.85,42,373
760826,40.94,40.95,40.9,40.92,21,377
760827,40.82,40.84,40.81,40.81,92,445
760830,40.9,40.91,40.82,40.83,23,428
760831,40.79,40.85,40.76,40.83,50,439
760901,40.92,41,40.92,40.98,80,450
760902,40.88,40.88,40.6,40.62,113,458
760903,40.74,40.75,40.69,40.75,63,473
760907,40.74,40.75,40.69,40.72,44,461
760908,40.79,40.79,40.72,40.72,25,456
760909,40.75,40.88,40.75,40.78,41,476
760910,40.75,40.78,40.75,40.77,30,476
760913,40.75,40.77,40.75,40.75,13,462
760914,40.65,40.84,40.65,40.82,49,427
760915,40.86,41.02,40.86,40.97,90,438
760916,40.8,40.91,40.8,40.89,68,441
760917,40.89,40.9,40.8,40.8,34,439
760920,40.87,40.88,40.72,40.72,104,481
760921,40.7,40.82,40.7,40.8,69,440
760922,40.9,40.93,40.82,40.9,168,505
760923,40.85,40.85,40.74,40.75,40,496
760924,40.8,40.93,40.8,40.88,23,510
760927,40.92,40.92,40.86,40.9,40,522
760928,40.9,41.01,40.84,40.96,146,572
760929,41.02,41.1,40.98,41.07,164,656
760930,41.22,41.3,41.12,41.26,470,859
761001,41.18,41.2,41.12,41.16,293,871
761004,41.08,41.08,40.94,40.95,114,813
761005,40.99,41.13,40.96,41.13,175,906
761006,41.2,41.28,41.1,41.22,335,810
761007,41.15,41.2,41.1,41.16,225,845
761008,41.12,41.14,41.11,41.12,26,847
761011,41.08,41.08,41.01,41.05,63,896
761012,41.15,41.18,41.15,41.16,24,900
761013,41.22,41.25,41.19,41.21,54,901
761014,41.24,41.26,41.11,41.12,96,878
761015,41.05,41.1,41.04,41.1,135,914
761018,41.02,41.02,40.92,40.98,62,899
761019,41.05,41.23,41.05,41.2,123,921
761020,41.2,41.27,41.11,41.13,339,802
761021,41.21,41.22,41.1,41.16,234,896
761022,41.12,41.17,41.11,41.12,33,890
761025,41.26,41.35,41.21,41.24,198,834
761026,41.2,41.3,41.19,41.29,14,845
761027,41.3,41.39,41.27,41.34,199,880
761028,41.4,41.42,41.33,41.33,64,835
761029,41.3,41.35,41.26,41.29,43,848
761101,41.25,41.25,41.1,41.18,99,930
761103,41.25,41.25,41.15,41.17,75,887
761104,41.1,41.12,41.01,41.08,39,884
761105,41.04,41.08,41.03,41.07,29,881
761108,41.05,41.15,41.05,41.14,10,881
761109,41.05,41.09,41.05,41.09,26,859
761110,41.07,41.16,41.07,41.12,50,822
761111,41.14,41.14,41.12,41.12,4,822
761112,41.14,41.14,41.04,41.05,16,814
761115,41.03,41.08,41.03,41.08,10,806
761116,41.04,41.04,41.02,41.03,14,794
761117,41.01,41.01,40.97,40.97,31,790
761118,40.98,40.99,40.92,40.92,68,783
761119,40.96,40.98,40.93,40.95,218,606
761122,41.18,41.25,41.18,41.25,53,578
761123,41.14,41.14,41.12,41.13,18,576
761124,40.88,40.99,40.88,40.99,33,546
761126,41.02,41.07,41.02,41.07,8,531
761129,41.01,41.01,40.97,41,17,525
761130,40.94,40.95,40.94,40.94,4,519
761201,40.83,40.83,40.78,40.8,105,446
761202,40.69,40.77,40.69,40.77,82,392
761203,40.76,40.82,40.75,40.76,99,307
761206,40.94,40.94,40.88,40.88,44,270
761207,40.77,40.77,40.68,40.73,81,235
761208,40.74,40.82,40.74,40.81,29,213
761209,40.74,40.82,40.74,40.82,38,197
761210,40.8,40.8,40.76,40.77,64,162
761213,40.73,40.74,40.73,40.74,38,135
