810109,61.1,61.1,59.76,60.76,35,152
810112,60.2,60.2,60.01,60.01,2,152
810113,59.95,60.47,59.95,60.47,2,152
810114,60.29,60.53,60.29,60.46,11,162
810115,60.46,60.46,59.4,59.55,12,167
810116,59.6,60,59.05,60,101,112
810119,59.8,60.05,59.31,59.83,27,109
810120,59.66,59.75,59.4,59.7,41,107
810121,59.9,59.9,59.45,59.7,13,104
810122,59.55,59.71,59.23,59.7,11,126
810123,59.25,59.25,59.1,59.1,6,123
810126,58.48,58.8,58.48,58.8,3,124
810127,58.48,58.48,58,58.1,43,124
810128,57.41,57.67,57.35,57.35,19,90
810129,56.93,56.93,56.6,56.6,32,66
810130,56,56,55.75,55.83,15,67
810202,56.38,56.4,55.9,55.9,10,70
810203,55.68,56.39,55.35,56.1,81,103
810204,56.28,56.28,56.15,56.15,10,73
810205,55.7,55.7,55.18,55.23,11,72
810206,55.5,55.65,55.5,55.62,5,72
810209,55.47,55.5,55.45,55.5,3,74
810210,55.3,55.38,55.3,55.3,2,74
810211,55,55.19,54.6,54.85,29,91
810212,54.4,54.4,53.86,53.86,120,153
810213,53.7,53.7,53.25,53.25,11,78
810217,53.85,54.42,53.85,54.42,28,79
810218,54.66,55.03,54,54.04,12,80
810219,54,55.54,54,55.54,6,82
810220,56.75,57,56.3,56.55,4,83
810223,56.15,56.15,55.55,55.55,34,82
810224,55.71,55.71,55.3,55.51,2,83
810225,55.5,55.5,54.9,54.9,1,84
810226,54.76,54.76,53.9,54.2,161,206
810227,53.9,54.05,53.39,53.4,41,240
810302,52.8,53.2,52.75,52.9,19,239
810303,53,54.4,53,54.4,17,238
810304,54.49,54.6,54,54,8,242
810305,53.96,54.2,53.8,53.9,18,241
810306,53.85,54.16,53.8,53.84,16,241
810309,54.18,54.54,54.18,54.35,8,244
810310,55.25,55.32,54.66,54.66,112,142
810311,54.55,54.56,54.17,54.2,12,147
810312,54.29,54.5,54.29,54.44,2,147
810313,54.8,54.8,54.75,54.8,5,149
810316,55.25,55.36,54.95,54.95,39,144
810317,55.21,55.3,55.05,55.25,11,141
810318,55.8,56.4,55.8,56.4,19,148
810319,55.85,56.1,55.5,55.51,27,151
810320,55.86,55.9,55.39,55.75,20,147
810323,55.6,55.6,55.4,55.59,8,147
810324,55.35,55.35,55.15,55.15,55,146
810325,55.15,55.15,55.15,55.15,0,113
810326,54.8,54.8,53.89,54,11,113
810327,54.15,54.4,54.1,54.1,7,114
810330,54.3,55.35,54.3,55.2,4,115
810331,54.78,54.78,54.5,54.5,9,121
810401,54.7,54.78,54.5,54.6,5,121
810402,54.2,54.35,54.18,54.2,2,117
810403,53.95,53.95,53.72,53.76,7,117
810406,53.17,53.34,53.17,53.22,9,107
810407,53.8,54.26,53.7,53.92,5,112
810408,54,54.2,53.58,53.58,11,110
810409,53.5,53.6,53.4,53.51,15,110
810410,53.25,53.3,53.12,53.12,5,111
810413,52.85,52.95,52.85,52.95,2,111
810414,53.39,53.39,52.75,52.75,1,111
810415,52.75,52.75,51.99,51.99,10,117
810416,52.41,52.42,52.22,52.35,9,116
810420,52.37,53.2,52.3,53.01,7,114
810421,52.77,52.92,52.5,52.75,12,120
810422,53,53.04,52.6,52.6,7,123
810423,52.75,52.8,52.55,52.62,9,125
810424,52.47,52.51,51.97,52.01,5,123
810427,52.2,52.2,52.1,52.1,3,123
810428,52.3,52.35,52.22,52.22,2,123
810429,51.8,51.8,51.65,51.7,19,133
810430,51.64,51.71,51.6,51.6,4,133
810501,51.7,51.7,51.7,51.7,0,132
810504,51.3,51.3,51.08,51.13,6,134
810505,50.8,51,50.8,51,9,130
810506,51.28,51.36,51,51.02,43,146
810507,50.65,50.87,50.65,50.8,38,144
810508,51.2,51.2,51.1,51.1,2,151
810511,50.89,50.89,50.59,50.6,11,155
810512,50.79,50.8,50.65,50.76,21,164
810513,50.71,50.71,50.59,50.65,10,170
810514,50.33,51.06,50.33,51.01,33,170
810515,50.72,50.9,50.5,50.5,54,162
810518,51.2,51.2,50.9,51.15,29,177
810519,51.12,51.13,50.65,50.7,16,180
810520,50.98,51.15,50.85,51.15,19,193
810521,50.58,50.66,50.26,50.41,26,199
810522,50.47,50.63,50.38,50.38,43,212
810526,50.03,50.25,50,50.05,23,214
810527,49.9,50.18,49.8,50.09,43,228
810528,50.15,50.43,50.1,50.3,66,260
810529,50.3,50.3,50.02,50.08,92,286
810601,50.3,50.3,49.8,49.8,27,299
810602,49.56,49.75,49.5,49.6,136,380
810603,49.65,49.7,49.2,49.3,95,415
810604,48.72,48.85,48.32,48.5,144,472
810605,48.41,48.63,48.12,48.47,149,557
810608,48.41,49.2,48.41,48.85,88,562
810609,49.14,49.19,48.88,48.91,133,662
810610,49.3,49.65,49.3,49.41,108,718
810611,49,49.04,48.83,49,156,692
810612,49.21,49.55,49.2,49.52,41,623
810615,50.28,50.81,50.26,50.66,111,628
810616,50.62,50.62,50.22,50.35,77,631
810617,50.52,50.57,50.29,50.42,177,475
810618,49.99,50.07,49.86,49.94,40,468
810619,49.73,50.35,49.73,50.33,72,482
810622,50.18,50.51,50.18,50.48,43,481
810623,50.69,51,50.6,50.62,232,606
810624,50.92,51.02,50.6,50.85,201,599
810625,50.93,50.94,50.55,50.84,192,650
810626,50.76,51.23,50.62,51.03,155,662
810629,51.06,51.15,50.72,50.82,204,691
810630,50.7,50.88,50.24,50.28,127,689
810701,50.05,50.1,49.67,49.91,152,725
810702,49.87,50.06,49.76,49.94,126,708
810706,49.37,49.51,49.29,49.35,135,740
810707,49.49,49.55,49.32,49.38,67,737
810708,48.98,49.07,48.78,48.97,378,752
810709,49.3,49.85,49,49.62,268,794
810710,49.57,49.9,49.5,49.82,174,778
810713,50.06,50.08,49.61,49.62,109,802
810714,49.4,49.65,49.31,49.65,141,823
810715,49.65,49.99,49.64,49.87,96,833
810716,49.66,49.95,49.5,49.52,173,891
810717,49.45,49.65,49.39,49.54,158,924
810720,49.3,49.33,49.18,49.24,180,913
810721,49,49.12,48.84,49.04,238,831
810722,49.23,49.46,49.1,49.14,301,915
810723,49.12,49.26,48.82,48.93,203,962
810724,49,49.16,48.96,49.09,118,1025
810727,49.28,49.29,48.59,48.6,535,1018
810728,48.63,48.88,48.55,48.68,288,1120
810729,48.75,48.93,48.43,48.54,219,1149
810730,48.19,48.55,48.11,48.46,430,1238
810731,48.22,48.33,47.93,47.93,293,1268
810803,47.45,47.51,46.89,47.01,550,1286
810804,47.31,47.34,46.85,47.05,341,1336
810805,47.38,47.55,47.24,47.48,446,1487
810806,47.23,47.45,47.04,47.39,498,1579
810807,47.08,47.43,46.93,47.13,342,1575
810810,46.73,46.95,46.65,46.82,419,1686
810811,46.82,47.3,46.81,47.26,695,1798
810812,47.52,48.57,47.51,47.68,1344,2162
810813,47.81,47.87,47.32,47.37,560,2079
810814,47.48,47.5,46.96,47.03,638,1857
810817,47.19,47.72,47.19,47.49,639,2017
810818,47.84,47.89,47.31,47.41,888,2117
810819,47.26,47.89,47.18,47.83,733,2257
810820,47.65,48.08,47.6,47.64,1202,2385
810821,48.14,48.83,47.93,48.81,1571,2440
810824,48.3,48.3,47.52,47.61,2239,2329
810825,47.18,47.46,46.88,47.16,2214,2566
810826,47.55,47.98,47.55,47.9,1838,2710
810827,47.7,48,47.64,47.92,1386,2885
810828,48.1,48.5,48.09,48.17,1766,2872
810831,48.4,48.4,47.53,47.66,2699,3310
810901,47.8,47.86,47.47,47.73,4036,4659
810902,47.83,48.04,47.57,48.01,5031,5274
810903,48.22,48.7,48.2,48.67,6790,5715
810904,48.65,49.06,48.57,48.73,5094,6366
810908,48.72,48.76,48.05,48.25,5385,6262
810909,48.4,48.79,48.28,48.75,5698,7020
810910,49.07,49.61,48.98,49.27,12094,9175
810911,49.47,49.92,49.32,49.89,9882,11372
810914,50.47,50.81,50.08,50.78,9944,12119
810915,50.71,51.33,50.56,51.08,11702,10449
810916,50.83,51.57,50.68,51.36,9831,10949
810917,52,52.39,51.31,51.62,10811,10090
810918,52.35,52.49,52.05,52.23,5405,10223
810921,52.82,53.37,52.67,53.17,8126,10521
810922,51.9,52.29,51.67,51.74,8119,10866
810923,51.8,52.16,51.44,51.56,8017,10873
810924,51.14,51.62,50.96,51.44,6797,10349
810925,51.2,51.45,50.75,50.95,7538,10027
810928,50.72,51.45,50.65,51.29,7707,10440
810929,51.9,51.93,51.17,51.28,5788,11415
810930,51.35,51.5,51.17,51.29,4465,10543
811001,51.26,51.59,51.21,51.53,4130,10835
811002,52.4,52.75,52.34,52.72,7271,12200
811005,53.5,53.71,53.2,53.44,8913,12823
811006,53.2,53.39,52.5,53.35,8008,12015
811007,53.85,54.01,53.58,53.76,5523,12603
811008,53.5,54.45,53.49,54.38,4389,12608
811009,54.92,55.15,54.63,54.84,6571,12830
811012,54.87,55.19,54.55,54.62,4897,12436
811013,54.7,54.92,54.22,54.29,8248,12115
811014,53.99,54.62,53.8,54.59,7575,11132
811015,54.66,54.74,53.65,53.68,8650,11125
811016,53.69,54.01,53.56,53.87,5822,11220
811019,53.84,54.14,53.78,53.99,4859,10955
811020,54,54.09,53.38,53.5,9721,10629
811021,53.31,53.39,52.75,52.96,9284,10659
811022,53,53.4,52.59,53.35,10030,9912
811023,53.06,53.5,52.99,53.25,7383,9842
811026,52.11,52.56,52.08,52.35,7556,9762
811027,52.75,52.8,52.51,52.76,5823,9742
811028,52.87,53.55,52.82,53.51,8145,10157
811029,53.7,54.53,53.68,54.49,10415,10622
811030,54.5,55.58,54.25,55.55,10586,11242
811102,55.61,56.06,55.39,55.74,11491,11546
811103,55.68,56.3,55.52,56.25,7587,11374
811104,56.43,56.52,55.78,55.96,12225,11241
811105,55.95,56.6,55.75,56.03,12507,11366
811106,55.96,56.36,55.88,56.34,7360,11142
811109,56.73,56.99,56.5,56.65,8322,11321
811110,56.41,56.46,55.87,55.96,9028,10819
811111,56.65,56.95,56.3,56.75,7759,10867
811112,56.8,57.3,56.75,57.21,9502,10946
811113,57.15,57.35,56.7,57.29,9656,10877
811116,56.65,57.04,56.17,56.19,8603,10871
811117,56.22,56.38,55.47,55.87,10714,9826
811118,55.4,56.46,55.35,56.29,9687,9251
811119,56,56.16,55.38,55.4,9087,9278
811120,55.6,55.69,54.96,55.33,8894,9039
811123,55.16,55.8,55.12,55.48,8621,8714
811124,55.95,56.25,55.83,56.08,6241,8379
811125,56.35,56.52,56.02,56.22,5282,8179
811127,56.14,56.76,56.13,56.7,3399,7640
811130,56.85,56.99,56.46,56.57,2566,6993
811201,56.39,56.44,55.97,56.21,3138,6291
811202,55.98,56.47,55.91,56.42,1891,5718
811203,56.1,56.12,55.75,55.91,2088,5280
811204,56.05,56.39,55.76,55.85,1809,4558
811207,56,56.05,55.28,55.34,1522,3817
811208,54.96,55.05,54.6,54.66,2308,2718
811209,54.74,54.9,54.35,54.6,1573,1952
811210,54.16,54.57,54.05,54.56,1023,1631
811211,54.17,54.55,54.1,54.37,884,1288
811214,53.72,53.9,53.57,53.79,365,1177
