800409,61,61,60.98,61,67,89
800410,61,63,61,62.5,40,120
800411,62.35,62.85,62.1,62.1,24,123
800414,62.25,62.25,61.8,61.8,9,116
800415,61.2,61.5,60.55,60.9,8,118
800416,61.5,62.4,61.5,62.4,51,73
800417,62.4,62.73,61.76,61.85,24,73
800418,62.15,62.64,61.6,61.65,28,76
800421,61.65,61.65,61.65,61.65,0,73
800422,61.5,61.8,61.1,61.2,4,74
800423,62.7,62.7,62.7,62.7,0,74
800424,63.1,63.1,63.02,63.02,1,74
800425,63.55,63.55,63.01,63.01,3,77
800428,64.36,64.36,63.1,63.5,4,80
800429,63.92,64.1,63.92,64.1,2,82
800430,63.71,63.71,63.71,63.71,0,82
800501,64.2,64.2,63.45,63.45,2,83
800502,63.45,63.45,61.99,62,10,82
800505,63.12,63.5,63.12,63.26,6,85
800506,63.7,64.05,63.1,63.11,7,90
800507,63.5,63.7,63.05,63.41,6,92
800508,63.35,63.36,62.52,62.52,9,96
800509,62.7,62.8,61.98,61.98,13,95
800512,63.1,63.1,62.76,62.76,3,94
800513,63,63,62.68,62.68,1,96
800514,63,63,62.3,62.3,4,96
800515,62.4,62.5,62.31,62.31,2,96
800516,62.65,62.65,62.01,62.01,9,97
800519,62.1,62.1,62.01,62.01,5,97
800520,62.1,62.1,62.1,62.1,0,97
800521,62.1,62.1,62.1,62.1,0,97
800522,62.1,62.1,62.1,62.1,0,97
800523,62.75,63.15,62.75,62.8,64,100
800527,63.1,63.1,63.1,63.1,0,100
800528,63.15,63.25,62.35,62.6,43,140
800529,63.1,63.2,62.71,62.71,42,145
800530,62.75,62.85,62.61,62.73,4,146
800602,62.73,62.95,62.5,62.5,2,147
800603,63.15,63.26,62.9,62.9,11,157
800604,63.02,63.02,62.75,62.75,1,157
800605,62.8,63.1,62.6,62.6,19,164
800606,63,63,62.91,62.91,5,166
800609,64,64,63.31,63.31,1,167
800610,63.47,63.98,63,63,14,176
800611,63.4,63.4,63.05,63.05,3,179
800612,63.5,63.85,63.26,63.26,23,196
800613,64.5,64.5,63.65,63.65,49,205
800616,63.55,63.55,62.45,62.7,13,204
800617,63.06,63.45,62.76,63.3,7,203
800618,63.3,63.45,63.23,63.23,24,224
800619,63.2,63.3,63.05,63.15,26,242
800620,63.1,63.16,63,63,5,247
800623,63.23,63.23,63,63,1,247
800624,63.12,63.12,62.8,62.8,14,244
800625,62.9,63.06,62.83,62.83,8,250
800626,63.15,63.15,63.15,63.15,0,250
800627,63.2,63.44,63.15,63.25,5,255
800630,63.5,63.58,63.3,63.3,13,259
800701,63.42,63.7,63.36,63.51,14,271
800702,63.95,63.95,63.65,63.65,6,273
800703,63.85,64.33,63.7,64.2,30,274
800707,64.5,65.15,64.5,64.85,40,303
800708,65.15,65.15,64.63,64.7,53,325
800709,65.05,65.05,64.65,64.65,21,343
800710,64.64,64.7,64.3,64.55,20,340
800711,64.41,64.6,64.25,64.25,11,341
800714,64.2,64.2,64,64.15,6,339
800715,63.93,64.1,63.75,63.75,38,327
800716,64.22,64.34,64.2,64.34,15,340
800717,64.5,64.51,64,64,23,334
800718,63.88,64.18,63.88,64.05,20,333
800721,64.32,64.42,64.23,64.23,10,337
800722,64.58,64.6,64.15,64.15,9,343
800723,64.25,64.3,64.25,64.3,3,342
800724,64.31,64.52,64.31,64.42,23,340
800725,64.35,64.35,64.25,64.26,10,350
800728,64.05,64.05,63.69,63.75,98,395
800729,63.5,63.56,62.95,63,69,395
800730,63.22,63.22,62.07,62.35,106,420
800731,62.37,62.45,61.71,61.95,94,363
800801,61.9,61.94,61.7,61.76,39,359
800804,62.55,62.9,62.38,62.86,42,355
800805,62.72,62.9,62.56,62.9,19,357
800806,63.02,63.25,62.94,63.25,41,357
800807,62.7,62.8,62.62,62.75,6,362
800808,62.35,62.45,62.29,62.29,28,360
800811,62.35,62.8,62.35,62.8,70,355
800812,62.7,63.2,62.7,63.2,55,356
800813,63.16,63.18,62.78,63,70,358
800814,62.82,62.89,62.71,62.89,9,363
800815,62.84,62.98,62.6,62.6,26,365
800818,62.24,62.35,62.1,62.15,32,364
800819,62.3,62.4,62.22,62.22,35,365
800820,62.43,62.46,62.28,62.3,66,345
800821,62.22,62.45,62.15,62.15,15,347
800822,62.04,62.3,61.7,62.3,61,359
800825,62.05,62.05,61.85,62.05,16,364
800826,62.16,62.75,62.09,62.65,24,370
800827,62.25,62.44,62.16,62.16,30,377
800828,62.83,63.2,62.79,62.95,71,354
800829,62.9,63.15,62.71,63.02,45,369
800902,63.35,63.46,63.3,63.39,231,510
800903,63.27,63.63,63.24,63.42,58,509
800904,63.57,63.64,63.2,63.2,30,519
800905,63.2,63.33,63.1,63.15,32,527
800908,63.64,63.72,63.43,63.5,137,629
800909,63.5,63.5,63.25,63.35,88,634
800910,63.33,63.46,63.25,63.35,21,641
800911,63.59,63.61,63.5,63.53,58,639
800912,63.33,63.39,63.19,63.24,214,704
800915,63.14,63.31,63.1,63.23,58,722
800916,63.22,63.24,63.2,63.23,17,725
800917,63.25,63.4,63.25,63.3,53,722
800918,63.02,63.04,62.59,62.73,199,692
800919,62.62,62.8,62.55,62.66,139,743
800922,62.5,62.54,62.14,62.23,248,753
800923,62.23,62.3,62.03,62.24,569,838
800924,62.45,62.83,62.45,62.52,255,878
800925,62.78,62.88,62.49,62.59,232,963
800926,62.59,62.77,62.54,62.7,35,970
800929,62.6,62.62,62.44,62.52,315,1120
800930,62.7,62.75,62.58,62.61,208,1129
801001,63.03,63.2,62.95,63.09,255,1081
801002,63.09,63.14,62.85,62.91,64,1074
801003,62.98,63.57,62.94,63.53,223,1108
801006,63.4,63.47,63.22,63.26,238,1151
801007,62.87,63.1,62.86,63.04,93,1176
801008,63.03,63.11,62.92,62.94,237,1012
801009,62.95,63.2,62.93,63.14,144,1025
801010,63.1,63.16,63.06,63.15,138,1091
801013,63.1,63.1,62.65,62.7,115,1114
801014,62.88,62.88,62.46,62.47,452,1205
801015,62.29,62.73,62.27,62.72,185,1249
801016,62.55,62.59,62.27,62.29,224,1280
801017,62.22,62.4,61.88,61.93,771,1769
801020,62.47,62.53,62.13,62.35,411,1912
801021,61.96,62.31,61.96,62.11,206,1978
801022,62.03,62.27,61.76,62.21,370,1940
801023,61.95,62.22,61.75,61.83,418,1807
801024,61.67,61.78,61.38,61.47,461,1917
801027,61.12,61.12,60.44,60.52,934,2223
801028,60.36,60.78,60.31,60.63,741,2454
801029,60.64,61.04,60.6,60.85,429,2360
801030,60.82,60.85,60.13,60.27,459,2423
801031,60.19,60.54,60.19,60.23,264,2402
801103,60.12,60.95,59.96,60.7,512,2506
801105,59.55,59.92,59.43,59.74,675,2390
801106,59.69,59.69,59.36,59.38,324,2413
801107,59.15,59.61,58.84,59.49,840,2305
801110,59.7,60.99,59.7,60.99,1259,2459
801111,60.8,61.5,60.44,60.95,1055,2427
801112,60.28,60.9,60.18,60.51,542,2271
801113,60.66,60.75,60.23,60.26,539,2410
801114,60.22,60.44,60.2,60.37,295,2369
801117,59.9,59.93,59.59,59.75,954,2715
801118,59.85,60.22,59.75,60.05,551,2780
801119,60.32,60.57,60.15,60.53,722,2670
801120,60.15,60.15,59.83,59.93,889,2806
801121,59.6,59.88,59.6,59.83,924,3124
801124,59.78,59.98,59.68,59.78,1182,3630
801125,59.85,59.9,59.61,59.81,480,3670
801126,59.7,59.73,59.45,59.52,1511,3960
801128,59.41,59.52,59.25,59.31,1176,4228
801201,58.96,59.16,58.86,58.9,2478,5574
801202,59.1,59.23,58.78,58.82,3181,6043
801203,59,59.19,58.84,58.92,2327,6038
801204,58.95,59.08,58.88,58.89,2352,6038
801205,58.6,58.62,58.26,58.46,2386,6553
801208,58.45,58.51,58.18,58.34,1043,6780
801209,57.81,57.86,57.32,57.56,1999,6973
801210,57.25,57.36,56.7,56.84,3109,6748
801211,56.45,56.86,56.37,56.55,2769,6489
801212,57.1,57.33,56.96,57.09,2828,6130
801215,58.03,58.06,56.9,57.11,3254,6467
801216,56.72,56.88,56.44,56.85,2682,6609
801217,56.9,57.75,56.88,57.45,3791,6103
801218,57.07,57.41,56.93,57.27,2685,5936
801219,57.05,58.56,57.04,58.5,5877,6342
801222,57.5,58.11,57.39,57.77,4910,7118
801223,58.1,58.38,57.85,57.88,2709,7184
801224,57.99,58.3,57.5,57.82,1318,7053
801229,58,58.02,57.63,57.81,1439,6752
801230,58.35,58.36,57.45,57.56,1935,6279
801231,57.94,57.94,56.94,56.97,1865,6247
810102,57.15,57.64,56.65,57.55,1592,6324
810105,57.99,58.38,57.9,58.27,4058,7223
810106,58.55,58.65,58.2,58.34,5303,7619
810107,58.17,58.26,57.72,57.81,3304,7400
810108,57.54,57.75,57.41,57.45,3172,6769
810109,57.48,57.6,56.71,56.85,3948,7056
810112,57.01,57.1,56.37,56.38,6518,7998
810113,56.6,56.7,56.2,56.64,5926,7724
810114,56.42,56.76,56.42,56.59,3860,7946
810115,56.4,56.4,55.71,55.73,4009,8468
810116,55.82,56.42,55.52,56.34,5048,8439
810119,56.04,56.28,55.82,56.04,2848,8382
810120,55.98,56.3,55.9,56.1,2361,8121
810121,56.4,56.48,55.55,55.85,3284,8203
810122,55.65,55.97,55.39,55.83,4724,8466
810123,55.55,55.77,55.26,55.27,4460,8699
810126,54.85,55.04,54.79,54.88,2121,8698
810127,54.74,54.92,54.27,54.47,3473,8455
810128,53.94,54.19,53.8,54,3060,8360
810129,53.5,53.56,53.22,53.29,3225,7753
810130,52.68,52.9,52.36,52.41,3565,7571
810202,53.17,53.18,52.63,52.66,2836,7744
810203,52.18,53,51.95,52.72,4961,6906
810204,52.74,53,52.58,52.66,4216,7088
810205,52.5,52.55,51.77,51.84,2966,6805
810206,52,52.41,51.92,52.21,3549,6130
810209,52.21,52.23,51.91,52.02,1586,6134
810210,51.7,51.9,51.63,51.82,2753,6278
810211,51.55,51.8,51.4,51.44,2138,6593
810212,50.79,50.92,50.39,50.46,2940,6824
810213,50.27,50.37,49.84,49.97,2072,6473
810217,50.4,51.05,50.26,51.03,3379,6399
810218,51.25,51.64,50.55,50.79,4647,6654
810219,52,52.69,51.63,52.64,5245,5697
810220,53.55,53.93,52.93,53.39,3465,5242
810223,53.05,53.1,52.3,52.36,2920,4638
810224,52.75,53.07,52.05,52.54,4487,4440
810225,52.42,52.6,52.11,52.18,2325,4418
810226,51.77,51.9,51.18,51.26,4858,4310
810227,50.85,51.3,50.71,51.17,2780,3683
810302,50.5,50.64,50.18,50.28,1285,3305
810303,50.23,51.65,50.18,51.53,1585,2832
810304,51.88,52.07,51.2,51.4,1338,2477
810305,51.13,51.7,51.03,51.46,587,2325
810306,51.02,51.31,51,51.12,359,2231
810309,51.3,51.9,51.28,51.74,369,2161
810310,51.9,52.47,51.81,51.95,378,2128
810311,51.6,51.84,51.4,51.66,496,1830
810312,51.53,51.7,51.47,51.69,184,1676
810313,51.66,52,51.66,51.95,292,1508
810316,52.32,52.56,52.18,52.5,107,1477
