840210,47.8,47.8,47.8,47.8,0,4
840213,48,48,47.8,47.8,1,5
840214,48.22,48.22,48.22,48.22,0,5
840215,48.3,48.3,48.3,48.3,0,5
840216,48.3,48.3,48.3,48.3,0,5
840217,48.3,48.3,48.3,48.3,0,5
840221,48.3,48.3,48.3,48.3,0,5
840222,48.7,48.7,48.7,48.7,0,5
840223,48.9,48.9,48.7,48.7,3,8
840224,48.7,48.7,48.7,48.7,0,8
840227,48.85,48.85,48.85,48.85,0,8
840228,49.62,49.62,48.94,48.94,1,9
840229,48.94,48.94,48.94,48.94,0,9
840301,49.35,49.35,49,49,1,10
840302,49,49,49,49,0,10
840305,50,50,50,50,0,10
840306,50.1,50.1,50.1,50.1,0,10
840307,50.35,50.35,50.35,50.35,10,12
840308,50.1,50.2,50.1,50.2,1,13
840309,50.2,50.2,50.2,50.2,0,13
840312,49.8,49.8,49.8,49.8,0,13
840313,50.25,50.25,50.25,50.25,0,13
840314,49.8,49.8,49.8,49.8,0,13
840315,49.8,49.8,49.8,49.8,0,13
840316,49.75,49.75,49.35,49.35,4,17
840319,49.4,49.4,49.4,49.4,0,17
840320,49.45,49.45,49.4,49.4,6,19
840321,49.4,49.5,49.35,49.35,1,19
840322,49.3,49.3,49.3,49.3,0,19
840323,49.55,49.55,49.55,49.55,0,19
840326,49.55,49.55,49.55,49.55,0,19
840327,49.65,49.65,49.65,49.65,0,19
840328,49.5,49.5,49.5,49.5,0,19
840329,49.55,49.55,49.55,49.55,0,19
840330,49.6,49.6,49.6,49.6,0,19
840402,49.42,49.42,49.3,49.3,1,18
840403,49.1,49.1,49.1,49.1,0,18
840404,49.22,49.22,49.22,49.22,0,18
840405,48.8,48.8,48.8,48.8,0,18
840406,48.92,48.92,48.92,48.92,0,18
840409,48.97,48.97,48.97,48.97,0,18
840410,49.07,49.07,49.07,49.07,0,18
840411,49.07,49.07,49.07,49.07,0,18
840412,49.3,49.3,49.1,49.1,1,18
840413,48.9,48.9,48.9,48.9,0,18
840416,48.88,48.88,48.6,48.6,3,20
840417,48.6,48.6,48.6,48.6,0,20
840418,48.62,48.62,48.62,48.62,0,20
840419,48.55,48.55,48.3,48.3,4,24
840423,48.65,48.65,48.27,48.4,2,26
840424,48.25,48.25,47.9,47.9,1,26
840425,48,48,48,48,0,26
840426,47.76,47.76,47.76,47.76,0,26
840427,47.6,47.6,47.53,47.53,3,27
840430,47.45,47.6,47.35,47.35,8,30
840501,47.3,47.48,47.3,47.4,6,34
840502,47.4,47.4,47.4,47.4,0,33
840503,47.45,47.45,47.45,47.45,0,33
840504,47.15,47.15,47.15,47.15,0,33
840507,46.95,46.95,46.61,46.61,3,31
840508,46.67,46.67,46.67,46.67,0,31
840509,46.44,46.44,46.44,46.44,0,31
840510,46.45,46.45,46.45,46.45,0,31
840511,46.32,46.32,46.32,46.32,0,31
840514,46.85,46.92,46.65,46.65,2,30
840515,46.85,46.85,46.85,46.85,0,30
840516,47.28,47.28,47,47.01,1,29
840517,46.95,46.95,46.55,46.55,7,31
840518,46.7,46.7,46.7,46.7,0,31
840521,46.7,46.7,46.7,46.7,0,31
840522,46.98,47,46.98,46.98,1,32
840523,47.1,47.1,46.4,46.4,2,32
840524,46.7,47,46.7,47,1,33
840525,47.4,47.45,47.35,47.35,2,35
840529,46.9,46.9,46.9,46.9,0,35
840530,47,47,47,47,0,35
840531,47,47,47,47,0,35
840601,47.49,47.49,47.49,47.49,0,35
840604,47.49,47.49,47.49,47.49,0,36
840605,47.35,47.35,47.35,47.35,0,35
840606,47.35,47.35,47.35,47.35,0,35
840607,47.15,47.15,47.15,47.15,0,35
840608,47.15,47.15,47.15,47.15,0,35
840611,46.88,46.88,46.88,46.88,0,34
840612,46.59,46.66,46.55,46.63,0,34
840613,46.7,46.72,46.63,46.63,2,35
840614,46.83,46.83,46.55,46.55,7,42
840615,46.4,46.53,46.3,46.3,3,45
840618,46.25,46.25,46.25,46.25,0,45
840619,46.27,46.27,46.27,46.27,0,45
840620,45.98,45.98,45.98,45.98,0,45
840621,45.8,45.9,45.8,45.88,1,44
840622,45.88,45.88,45.88,45.88,0,44
840625,45.38,45.43,45.31,45.31,3,44
840626,45.63,45.76,45.58,45.76,2,45
840627,45.55,45.55,45.42,45.42,2,46
840628,45.37,45.58,45.37,45.48,3,49
840629,45.5,45.55,45.31,45.31,1,50
840702,45.21,45.21,45.21,45.21,0,50
840703,44.76,44.76,44.76,44.76,1,50
840705,44.6,44.72,44.4,44.43,4,50
840706,44.4,44.51,44.3,44.31,3,52
840709,44.18,44.65,44.18,44.65,1,50
840710,44.3,44.5,44.15,44.15,1,51
840711,44.04,44.04,43.85,43.85,4,54
840712,43.79,43.79,43.45,43.45,1,54
840713,43.84,43.84,43.7,43.7,1,55
840716,44.11,44.13,44,44.03,0,55
840717,43.6,43.6,43.6,43.6,3,58
840718,43.5,43.5,43.48,43.5,1,56
840719,43.5,43.6,43.48,43.56,3,57
840720,43.15,43.15,43.15,43.15,0,57
840723,43.06,43.06,42.86,42.86,4,57
840724,42.9,43,42.86,42.86,5,54
840725,43.2,43.2,43.03,43.03,1,53
840726,43.3,43.3,42.7,42.7,22,57
840727,42.7,42.7,42.5,42.55,2,59
840730,42.4,42.6,42.4,42.6,3,60
840731,42.59,42.59,42.34,42.34,2,60
840801,42.35,42.52,42.35,42.46,9,62
840802,43.05,43.1,42.93,42.93,4,64
840803,43.33,43.55,43.33,43.52,4,63
840806,43.2,43.38,43,43,4,63
840807,42.55,42.6,42.25,42.25,4,62
840808,42.58,42.58,42.58,42.58,0,62
840809,42.89,42.92,42.85,42.92,1,62
840810,43.07,43.07,42.5,42.5,10,61
840813,42.43,42.93,42.43,42.85,3,61
840814,43.2,43.2,43.2,43.2,0,61
840815,43.9,43.9,43.72,43.72,1,62
840816,43.6,43.88,43.55,43.6,9,68
840817,43.6,43.6,43.6,43.6,10,75
840820,43.25,43.25,43.25,43.25,0,75
840821,43.18,43.18,42.95,42.97,8,82
840822,43.32,43.55,43.3,43.54,1,82
840823,43.65,43.72,43.25,43.25,3,83
840824,43.55,43.55,43.55,43.55,0,83
840827,43.18,43.18,43.18,43.18,0,83
840828,43.25,43.25,43.25,43.25,0,83
840829,43.4,43.43,43.35,43.43,1,84
840830,43.28,43.28,43.18,43.23,2,86
840831,43.1,43.2,43.05,43.08,5,87
840904,42.5,42.64,42.26,42.35,46,99
840905,42.18,42.29,42.08,42.19,41,129
840906,42.13,42.28,42.13,42.25,18,137
840907,42.04,42.08,41.64,41.64,84,183
840910,41.66,41.85,41.61,41.72,70,194
840911,41.65,41.75,41.5,41.62,36,191
840912,41.66,41.72,41.5,41.5,103,245
840913,41.35,41.41,41.18,41.24,147,305
840914,41.42,41.45,41.12,41.14,106,354
840917,41,41.02,40.54,40.59,141,411
840918,40.32,40.75,40.27,40.65,273,416
840919,40.79,40.86,40.55,40.67,133,456
840920,40.6,40.74,40.17,40.21,179,484
840921,39.95,41.2,39.95,41.15,219,463
840924,41.64,41.68,41.1,41.17,156,496
840925,40.78,40.98,40.73,40.96,126,469
840926,40.8,41.32,40.67,41,72,464
840927,41.08,41.47,41.07,41.09,92,484
840928,41.02,41.25,40.58,40.65,49,474
841001,41.11,41.15,40.88,40.91,30,465
841002,40.99,41.38,40.99,41.35,37,471
841003,41.36,41.47,40.98,40.99,65,471
841004,41.03,41.16,40.96,41.1,34,471
841005,40.91,41.02,40.73,40.91,51,479
841008,41,41.01,40.83,40.97,46,501
841009,40.6,40.6,40.37,40.39,105,525
841010,40.34,40.58,40.23,40.4,81,513
841011,40.25,40.43,40.1,40.16,75,527
841012,40.22,40.36,40.04,40.06,50,542
841015,39.79,39.89,39.75,39.78,264,586
841016,39.84,39.96,39.78,39.83,132,599
841017,40.25,40.25,39.86,39.88,132,654
841018,39.78,40.24,39.78,40.12,184,669
841019,40.4,40.53,40.2,40.23,285,701
841022,40.25,40.39,40.18,40.2,169,766
841023,40.53,40.96,40.46,40.95,331,809
841024,40.97,41.11,40.85,40.94,180,845
841025,41.04,41.3,40.9,41.24,143,892
841026,40.93,41.05,40.76,40.82,218,852
841029,40.55,40.6,40.39,40.41,178,880
841030,40.62,40.93,40.58,40.86,144,923
841031,40.93,41.11,40.81,41.1,415,990
841101,40.97,41.53,40.95,41.47,559,1239
841102,41.95,42.23,41.8,42.15,938,1604
841105,42.24,42.43,41.96,42.28,970,1893
841106,42.03,42.14,41.87,41.92,1077,2361
841107,42.48,42.58,42.13,42.46,624,2517
841108,42.11,42.19,41.97,42.14,613,2796
841109,41.8,42.12,41.8,41.9,748,3126
841112,42.02,42.16,41.91,42.06,843,3293
841113,42.21,42.25,41.69,41.75,1169,3569
841114,41.8,41.82,41.5,41.65,1031,3567
841115,41.56,41.69,41.38,41.44,1468,4082
841116,41.53,41.59,41.38,41.46,485,4111
841119,41.33,41.37,40.88,40.93,1399,4355
841120,40.98,41.06,40.66,40.76,1320,4244
841121,40.5,40.79,40.36,40.57,1169,4379
841123,40.55,40.6,40.32,40.34,1225,4666
841126,40.18,40.19,39.98,40,4215,5460
841127,40.15,40.25,39.88,39.94,2152,5603
841128,40,40.45,39.9,39.99,2119,6095
841129,40.14,40.17,39.96,39.98,2001,6638
841130,39.78,39.85,39.52,39.55,3207,7046
841203,39.43,39.74,39.41,39.71,6563,8013
841204,39.73,40.15,39.72,39.98,10459,9493
841205,39.97,40,39.53,39.57,12744,10603
841206,39.95,40.25,39.77,40.06,16706,12372
841207,39.89,39.92,39.65,39.74,12345,11997
841210,39.66,39.8,39.5,39.55,11499,13220
841211,39.73,39.8,39.47,39.58,12041,13856
841212,39.51,39.65,39.45,39.52,9083,13883
841213,39.61,39.63,39.38,39.43,9945,14768
841214,39.43,39.92,39.38,39.62,16982,15317
841217,39.55,39.7,39.43,39.53,10840,16462
841218,39.55,39.75,39.52,39.69,10400,17962
841219,39.57,39.57,39.16,39.18,14944,17983
841220,39.32,39.38,39.13,39.15,11299,17293
841221,39.22,39.39,39.11,39.21,6356,16812
841224,39.19,39.36,38.94,38.96,3085,17107
841226,39.1,39.19,38.98,39.04,3270,17013
841227,38.95,39.03,38.76,38.85,5620,16940
841228,39.04,39.07,38.87,38.94,3369,16964
841231,38.7,38.85,38.7,38.79,1708,16657
850102,38.4,38.58,38.37,38.41,6930,17223
850103,38.54,38.63,38.36,38.5,9530,17425
850104,38.44,38.56,38.21,38.29,9410,17758
850107,38.17,38.6,38.02,38.43,13918,18817
850108,38.36,38.41,37.96,37.98,16381,18267
850109,38,38.18,37.92,38.11,17378,19791
850110,38,38.27,37.98,38.09,13296,20048
850111,38.16,38.24,37.81,37.82,14477,19904
850114,37.87,37.91,37.41,37.45,13352,20615
850115,37.47,37.6,37.34,37.39,16009,21382
850116,37.52,37.64,37.42,37.45,13575,20657
850117,37.52,37.61,37.39,37.54,9755,21214
850118,37.57,37.87,37.41,37.84,14898,21468
850121,37.66,37.75,37.54,37.68,8842,22461
850122,37.62,37.7,37.41,37.46,13814,21518
850123,37.52,37.64,37.38,37.6,11545,21596
850124,37.63,37.95,37.6,37.78,18342,23609
850125,37.8,37.84,37.6,37.69,11634,21954
850128,37.67,37.8,37.65,37.75,8357,23125
850129,37.75,37.77,37.54,37.63,10994,22332
850130,37.57,37.69,37.48,37.59,13008,23039
850131,37.56,37.65,37.39,37.43,15732,22812
850201,37.28,37.4,36.89,36.9,18891,22668
850204,36.75,36.82,36.57,36.63,13476,22233
850205,36.65,36.79,36.58,36.7,15116,21875
850206,36.72,36.79,36.58,36.64,10651,21758
850207,36.62,36.62,36.34,36.38,13892,22333
850208,36.24,36.36,36.11,36.14,14815,23986
850211,36.05,36.19,35.84,36.15,16882,23288
850212,35.92,36,35.77,35.83,12065,22747
850213,35.81,35.83,35.64,35.69,17889,24137
850214,35.82,35.95,35.74,35.77,12045,23930
850215,36.09,36.18,35.97,36.15,12301,24352
850219,35.55,35.69,35.53,35.61,16198,23824
850220,35.61,35.62,35.43,35.5,10648,23453
850221,35.45,35.54,35.32,35.44,18806,24098
850222,35.06,35.23,35.02,35.06,11492,23203
850225,34.56,34.73,34.23,34.29,18382,22774
850226,34.09,35,34.08,34.65,19730,21920
850227,35.49,35.6,35.24,35.44,16763,21832
850228,35.35,35.44,34.91,34.93,13404,21966
850301,34.92,35.3,34.74,34.93,14481,21256
850304,34.63,34.73,34.5,34.68,13454,19966
850305,34.38,34.42,34.2,34.27,10043,17764
850306,34.27,34.81,34.16,34.71,8467,16045
850307,34.45,34.52,34.38,34.43,2939,15037
850308,34.42,34.79,34.42,34.55,2661,13910
850311,35,35.18,34.91,35.14,2723,12392
850312,35.01,35.31,34.83,35.27,1208,11363
850313,35.21,35.42,34.93,34.96,1272,11046
850314,34.8,34.84,34.61,34.68,1371,10346
850315,34.5,34.83,34.47,34.62,1715,9382
850318,34.79,34.98,34.78,34.96,446,9014
