851211,48.78,49.05,48.78,49.05,2,2
851212,49.05,49.05,49.05,49.05,3,5
851213,49.05,49.05,49.05,49.05,0,5
851216,49.35,49.35,49.35,49.35,0,1
851217,49.3,49.3,49.3,49.3,0,1
851218,49.3,49.3,49.3,49.3,0,1
851219,49.07,49.07,49.07,49.07,0,1
851220,49.21,49.21,49.21,49.21,0,1
851223,49.07,49.07,49.07,49.07,0,1
851224,49.26,49.26,49.26,49.26,0,1
851226,49.13,49.13,49.13,49.13,0,1
851227,50.01,50.01,50.01,50.01,0,1
851230,50.1,50.1,50.1,50.1,0,1
851231,50.6,50.6,50.6,50.6,0,1
860102,50.6,50.6,50.6,50.6,0,1
860103,50,50,50,50,0,1
860106,50,50,50,50,0,1
860107,50,50,50,50,0,1
860108,49.45,49.45,49.45,49.45,0,1
860109,50.3,50.3,50.3,50.3,0,1
860110,49.91,49.91,49.62,49.62,2,3
860113,49.7,49.7,49.7,49.7,0,3
860114,49.55,49.55,49.55,49.55,0,3
860115,49.7,49.7,49.7,49.7,0,3
860116,49.85,49.85,49.85,49.85,0,3
860117,49.6,49.6,49.6,49.6,0,3
860120,49.6,50.1,49.6,50.1,2,5
860121,49.68,49.68,49.68,49.68,0,5
860122,49.78,49.78,49.78,49.78,0,5
860123,50.08,50.08,50.08,50.08,0,5
860124,50.48,50.7,50.48,50.7,3,4
860127,50.85,50.9,50.75,50.9,2,5
860128,51,51,51,51,0,5
860129,51.05,51.05,51.05,51.05,0,5
860130,51.3,51.3,51.3,51.3,0,5
860131,51.1,51.1,51.1,51.1,0,5
860203,50.96,50.96,50.9,50.9,1,6
860204,50.66,50.75,50.6,50.71,1,7
860205,51.2,51.2,51.2,51.2,0,7
860206,51,51,51,51,0,7
860207,51.11,51.11,51.11,51.11,0,7
860210,51.43,51.97,51.43,51.96,6,8
860211,52.3,52.3,52.25,52.25,2,10
860212,52.65,52.65,52.65,52.65,0,10
860213,53.25,53.25,53.25,53.25,0,10
860214,53.05,53.2,52.8,53.2,3,10
860218,53.35,53.67,53.35,53.67,1,10
860219,54.3,54.7,53.7,53.7,1,11
860220,53.8,53.8,53.8,53.8,1,12
860221,53.15,53.7,53.15,53.7,4,11
860224,54.4,54.4,54.4,54.4,0,10
860225,54.6,54.8,54.55,54.65,5,11
860226,54.5,54.7,54.45,54.45,9,13
860227,55.4,55.4,54.95,54.95,9,16
860228,54.8,54.8,54.8,54.8,0,16
860303,55,55,55,55,0,16
860304,55.35,55.35,55.25,55.3,4,18
860305,55,55,53.78,53.96,4,18
860306,54.3,54.3,54.25,54.25,3,19
860307,54.3,54.3,54.3,54.3,1,20
860310,53.5,53.65,53,53.5,11,28
860311,53.5,53.5,53.5,53.5,2,28
860312,53.15,53.43,53.15,53.43,4,32
860313,53.15,53.15,53.15,53.15,1,33
860314,54.1,54.1,54.1,54.1,2,33
860317,54.62,54.62,54.62,54.62,0,33
860318,54.52,54.8,54.35,54.64,10,37
860319,54.15,54.2,54.1,54.2,1,38
860320,54.35,54.35,54.35,54.35,0,38
860321,54.5,54.83,54.5,54.8,1,39
860324,53.3,53.6,52.85,52.85,2,38
860325,52.5,52.68,52.2,52.2,8,38
860326,52.38,52.6,52.3,52.33,5,37
860327,52.73,52.85,52.55,52.7,7,46
860331,52.4,52.8,52.2,52.65,1,45
860401,52.5,52.73,52.21,52.35,28,65
860402,51.78,51.85,51.55,51.77,51,115
860403,51.15,51.35,51.1,51.31,4,115
860404,51.29,51.45,51.1,51.32,103,167
860407,50.75,50.9,50.7,50.8,26,182
860408,51.9,51.9,51.9,51.9,0,182
860409,52.09,52.35,52.05,52.15,3,182
860410,53.25,53.3,52.95,53.28,6,181
860411,53,53.1,52.65,52.79,8,184
860414,52.6,52.9,52.6,52.75,22,195
860415,52.55,53.05,52.55,52.7,4,196
860416,53.7,54,53.7,54,9,202
860417,54.6,55.18,54.35,54.67,6,203
860418,55.25,55.25,54.62,55.06,4,202
860421,54.78,55.39,54.78,55.33,34,212
860422,55.48,55.65,55,55.35,10,210
860423,55.75,55.75,55.4,55.58,5,211
860424,55.35,55.35,55.27,55.32,1,211
860425,55.82,56.4,55.82,56.32,7,214
860428,56.19,56.35,56.05,56.18,8,215
860429,55.96,55.96,55.8,55.92,44,229
860430,55.6,56.3,55.6,55.7,109,311
860501,54.58,54.58,54.58,54.58,0,311
860502,55.25,55.25,54.85,55.12,2,312
860505,55.8,56,55.5,55.63,4,316
860506,54.68,55.45,54.68,55.32,147,363
860507,55.75,56.04,55.3,55.93,27,358
860508,56.1,56.49,55.8,55.8,34,364
860509,56.09,56.35,55.87,55.89,12,370
860512,56.5,56.6,56.4,56.55,24,380
860513,56.4,56.45,55.55,55.95,10,388
860514,55.75,55.9,55.75,55.81,166,431
860515,55.63,55.78,55.6,55.78,44,431
860516,55,55.15,54.8,54.84,6,434
860519,54.45,55.15,54.45,55.08,3,435
860520,53.85,54.5,53.85,54.2,0,435
860521,54.05,54.4,53.88,53.88,64,452
860522,53.85,54.03,53.65,53.65,12,460
860523,53.65,53.82,53.4,53.5,73,500
860527,53.4,54.1,53.33,54,25,466
860528,54.15,54.16,53.55,53.65,13,467
860529,53.57,53.57,53.08,53.17,22,478
860530,53,53,52.4,52.4,206,598
860602,52.8,52.9,52.38,52.75,43,626
860603,53.9,53.95,53.67,53.95,34,597
860604,54.15,54.25,53.82,54.1,41,608
860605,54.6,55.1,54.42,55.1,59,631
860606,55.2,55.35,54.9,55.35,56,634
860609,54.75,54.9,54.75,54.89,83,677
860610,55.2,55.6,55.2,55.55,30,685
860611,55.55,55.75,55.3,55.39,135,685
860612,55.4,55.59,55.4,55.5,83,739
860613,55.08,55.5,54.95,55.49,97,810
860616,55.75,55.85,55.25,55.35,341,1055
860617,55.09,55.29,54.51,54.63,57,1053
860618,55.03,55.15,54.35,54.95,32,1064
860619,54.9,54.9,54.7,54.89,22,1061
860620,54.61,54.63,54.28,54.31,19,1067
860623,54.08,55.3,54.08,55.04,50,1077
860624,55,55.45,55,55.21,96,1102
860625,55.42,55.71,55.03,55.05,167,1118
860626,55.35,55.56,55.33,55.48,41,1148
860627,55.85,56.2,55.8,56.15,255,1230
860630,56.36,56.77,56.18,56.71,215,1231
860701,56.7,57.16,56.58,56.68,241,1377
860702,56.62,56.92,56.55,56.84,575,1881
860703,57.29,57.38,56.94,57.11,105,1941
860707,57.43,57.43,56.39,56.43,110,1948
860708,57.3,57.36,56.58,56.69,173,1994
860709,56.51,57,56.33,56.96,121,2027
860710,56.86,56.92,56.57,56.8,315,2076
860711,56.54,56.77,55.85,55.97,184,2124
860714,56.31,56.88,56.12,56.8,282,2203
860715,57.4,57.78,56.98,57.7,264,2234
860716,57.76,58.02,57.6,57.83,264,2331
860717,57.71,57.85,57.38,57.71,295,2313
860718,57.6,58.46,57.55,58.41,188,2297
860721,58.58,58.87,58.32,58.79,288,2400
860722,58.75,58.75,58.05,58.56,363,2606
860723,58.56,58.8,57.75,58.74,408,2624
860724,58.38,58.48,58.23,58.31,274,2711
860725,57.99,58.2,57.84,58.05,348,2715
860728,58.38,59.48,58.27,59.38,448,2816
860729,59.3,59.7,58.98,59.37,443,2770
860730,59.22,59.73,59.18,59.46,359,2820
860731,60,60.34,59.9,60.28,466,2948
860801,60.51,60.55,59.93,60.35,347,2958
860804,60.5,60.55,60.04,60.26,236,2916
860805,59.3,59.89,59.3,59.62,554,2905
860806,60.1,60.35,59.96,60.13,523,3024
860807,60.35,60.53,60.27,60.37,475,3130
860808,60.27,60.6,60.21,60.5,634,3299
860811,61.01,61.01,60.76,60.88,1152,3509
860812,60.25,60.32,59.91,59.97,638,3600
860813,60.3,60.45,60.13,60.35,432,3682
860814,60.66,60.73,60.49,60.71,645,3795
860815,60.63,60.65,60.45,60.57,410,3958
860818,60.49,60.49,59.91,60.11,1014,4020
860819,60.12,60.8,60.05,60.76,981,4123
860820,61,61.15,60.87,61.04,1408,4322
860821,60.77,61.22,60.73,61.16,2141,4628
860822,61.16,61.2,60.84,60.96,6313,9825
860825,61.11,61.16,60.98,61.14,725,9881
860826,60.96,61,60.48,60.52,1389,9948
860827,60.54,61.31,60.5,61.12,2153,10560
860828,60.96,61.2,60.42,60.55,2272,10841
860829,60.7,61.49,60.7,61.44,6134,13189
860902,61.5,61.59,61.29,61.52,6062,15561
860903,61.1,61.59,60.95,61.44,7602,17093
860904,61.46,61.51,61.05,61.08,4314,18398
860905,61.08,61.1,59.88,60.01,10199,18308
860908,59.65,59.79,59.32,59.36,22705,18765
860909,59.77,60.16,59.62,59.86,24677,21067
860910,60.23,60.39,59.87,60.02,19910,22530
860911,59.62,59.65,59.02,59.2,21889,23289
860912,59.66,60.5,59.31,60.19,23591,25949
860915,60.65,60.85,60.47,60.79,22908,24313
860916,60.78,60.92,60.46,60.6,16264,24344
860917,61.07,61.42,61,61.35,23605,25153
860918,61.74,62.47,61.72,62.43,25075,27711
860919,62.36,62.68,62.2,62.52,20006,31875
860922,61.37,61.4,61.04,61.15,16496,29983
860923,60.79,60.9,60.32,60.44,24481,27935
860924,60.72,60.76,60.42,60.57,15481,25946
860925,60.34,60.64,60.25,60.57,11895,25631
860926,60.62,60.68,60.19,60.22,9776,24488
860929,61.14,61.52,61.04,61.44,18346,24245
860930,61.46,61.5,60.86,61.12,20130,25524
861001,61.08,61.42,61.06,61.38,13098,25180
861002,61.24,61.89,61.24,61.79,19363,26296
861003,61.83,62.3,61.78,61.89,16311,27889
861006,62.12,62.17,61.94,62.04,12033,28744
861007,61.23,61.74,61.17,61.66,21696,29933
861008,61.57,61.83,61.57,61.69,10589,30317
861009,61.77,61.79,61.43,61.64,13964,29219
861010,61.6,62.12,61.58,62.03,14135,30747
861013,62.21,62.54,62.18,62.52,6020,31765
861014,62.04,62.22,62.04,62.15,13663,32894
861015,62.05,62.27,61.89,62.17,10270,32687
861016,62.16,62.25,61.85,61.96,14658,33114
861017,62.04,62.19,61.86,62.05,11678,32345
861020,61.77,61.77,61.4,61.68,20686,32976
861021,61.42,61.66,61.38,61.54,18303,30726
861022,61.67,61.79,61.42,61.53,15027,30908
861023,61.17,61.24,60.4,60.59,32386,31918
861024,60.06,60.06,59.63,59.79,31065,28057
861027,59.43,59.51,59.09,59.14,30279,27023
861028,59.84,59.98,59.68,59.72,19172,28419
861029,59.93,59.94,59.63,59.88,16136,30032
861030,60.13,60.14,58.84,58.99,31005,31438
861031,58.4,58.72,58.24,58.63,21822,30596
861103,58.2,58.57,58.14,58.38,22927,29395
861104,58.61,58.78,58.45,58.46,15669,29005
861105,58.15,58.46,57.95,58.33,22928,29526
861106,58.1,58.49,58.07,58.33,19624,29404
861107,58.22,58.59,57.87,58.45,19359,29632
861110,59.05,59.2,58.9,59.03,18530,29384
861111,59.5,59.5,59.28,59.32,11860,29015
861112,59.67,59.87,59.64,59.86,23241,29825
861113,59.68,60.17,59.65,60.08,25968,31069
861114,60.01,60.38,59.78,60.27,24348,30626
861117,60.01,60.05,59.75,59.78,17321,29015
861118,59.58,59.91,59.53,59.79,14158,28487
861119,59.77,60.14,59.6,60.02,20737,28423
861120,60.03,60.12,59.77,59.95,13287,29105
861121,59.53,59.63,59.03,59.16,28178,28908
861124,59.15,59.36,59.07,59.32,12967,28800
861125,59.61,60.69,59.61,60.58,30793,29150
861126,60.56,60.67,60.21,60.41,21566,29325
861128,60.84,61.1,60.84,60.99,12267,28877
861201,61.4,61.49,60.86,61.02,20559,27933
861202,60.83,61.05,60.63,60.75,20200,27619
861203,60.67,61.15,60.64,60.99,21432,26266
861204,60.61,60.98,59.9,59.92,30849,24510
861205,60.05,60.23,59.41,59.52,29386,22711
861208,59.55,59.65,59.36,59.58,9145,19550
861209,59.5,59.51,59.03,59.06,6746,15800
861210,59.22,59.67,59.16,59.54,3584,14739
861211,59.46,59.47,59.15,59.29,3029,13360
861212,58.85,59.24,58.69,59.17,2616,11527
861215,58.95,59.07,58.82,58.83,1766,10926
