940304,68.52,68.52,68.52,68.52,0,0
940307,69.65,69.75,69.56,69.56,3,3
940308,69.73,69.73,69.73,69.73,0,3
940309,69.87,69.87,69.87,69.87,1,3
940310,70.75,71.05,70.75,70.97,22,24
940311,70.8,71,70.52,70.52,32,43
940314,70.2,70.2,69.85,69.9,39,0
940315,69.55,69.8,69.5,69.55,2,0
940316,69.9,70.1,69.9,70,1,0
940317,69.74,69.74,69.74,69.74,0,0
940318,69.57,69.57,69.57,69.57,0,37
940321,70,70,70,70,0,0
940322,70.15,70.35,70,70.19,4,0
940323,70.25,70.25,70.25,70.25,3,0
940324,70.7,70.7,70.7,70.7,2,0
940325,70.75,70.75,70.75,70.75,0,0
940328,70.56,70.56,70.56,70.56,0,0
940329,70.32,70.32,70.32,70.32,0,0
940330,70.69,70.69,70.69,70.69,0,0
940331,70.8,71.3,70.8,71.15,1,0
940401,70.35,70.35,70.35,70.35,0,0
940404,70.45,70.45,70.45,70.45,0,0
940405,69.21,69.21,69.21,69.21,0,46
940406,69.28,69.28,69.28,69.28,0,0
940407,69.42,69.42,69.4,69.4,2,44
940408,69.41,69.41,69.41,69.41,0,44
940411,69.63,69.63,69.63,69.63,1,45
940412,69.38,69.38,69.38,69.38,0,45
940413,69.73,69.73,69.73,69.73,0,45
940414,69.43,69.43,69.43,69.43,0,45
940415,69.17,69.2,68.85,69.09,1,44
940418,69.26,69.45,68.85,69.45,1,44
940419,69.69,69.69,69.69,69.69,300,333
940420,69.95,70.12,69.6,70.12,7,337
940421,70.12,70.12,70.12,70.12,0,337
940422,70.1,70.1,70.1,70.1,164,337
940425,70.13,70.13,70.13,70.13,1,337
940426,70.29,70.29,70.29,70.29,0,337
940428,71.31,71.31,71.31,71.31,0,337
940429,71.65,71.82,71.4,71.82,1,336
940502,71.73,71.73,71.73,71.73,0,336
940503,72.08,72.08,72.08,72.08,0,336
940504,71.65,71.66,71,71.66,15,343
940505,71.3,71.34,71.09,71.09,4,339
940506,70.8,71.4,70.75,71.37,2,340
940509,71.47,71.47,71.47,71.47,1,340
940510,70.55,70.7,70.25,70.33,15,352
940511,70.7,70.7,70.7,70.7,0,352
940512,70.6,70.8,70.38,70.76,24,337
940513,70.69,70.69,70.69,70.69,0,337
940516,70.58,70.65,70.58,70.65,5,342
940517,71.3,71.3,70.81,70.81,14,339
940518,71.5,71.5,71.5,71.5,0,339
940519,71.45,71.45,71.23,71.23,5,340
940520,71.62,71.62,71.62,71.62,3,337
940523,71.47,71.85,71.3,71.67,2,338
940524,71.1,71.15,70.98,71.07,5,339
940525,71.61,71.8,71.54,71.62,7,340
940526,71.45,71.45,71.45,71.45,0,340
940527,71.3,71.6,71.3,71.6,5,340
940531,71.59,71.59,71.59,71.59,11,347
940601,71.72,71.83,71.63,71.63,5,344
940602,71.45,71.47,71.3,71.4,65,368
940603,71.07,71.07,70.55,70.65,5,367
940606,70.68,70.85,70.67,70.67,10,377
940607,70.75,70.99,70.75,70.89,104,424
940608,70.95,71,70.75,70.85,32,445
940609,70.95,71.15,70.85,71.03,38,446
940610,71.1,71.4,71.05,71.37,164,529
940613,71.56,72.33,71.56,72.21,198,640
940614,72.44,72.57,72.17,72.27,82,671
940615,72.68,73.16,72.68,73.1,201,745
940616,73.09,73.23,72.95,73.14,145,802
940617,72.75,74.1,72.65,73.95,477,1042
940620,74.6,74.62,74.07,74.25,405,1099
940621,73.92,75.05,73.92,74.87,232,1120
940622,74.4,74.65,74.05,74.26,466,944
940623,74.4,74.47,74.22,74.36,163,868
940624,74.97,75.65,74.1,75.51,176,840
940627,75.7,76.03,75.54,75.54,103,867
940628,75.15,75.73,75.04,75.6,91,895
940629,75.46,75.58,75.15,75.32,347,949
940630,74.68,75.35,74.64,75.25,124,935
940701,74.83,75.15,74.79,75.04,27,940
940705,75.29,75.59,75.25,75.58,115,952
940706,75.78,76.19,75.4,75.67,101,997
940707,75.5,75.88,75.2,75.79,68,1003
940708,75.75,76.4,75.45,76.22,117,1010
940711,76.85,78.3,76.85,77.84,270,1127
940712,77.66,78.4,77.62,77.85,197,1112
940713,77.7,78.04,77.25,77.33,62,1114
940714,77,77.4,76.47,76.54,73,1080
940715,76.69,76.72,76.29,76.62,189,1045
940718,77.11,77.23,76.75,76.86,200,1043
940719,76.6,76.75,75.45,75.65,117,1053
940720,75.21,76.2,75.21,75.86,110,1049
940721,76.1,76.25,74.31,74.56,277,1071
940722,74.35,74.48,73.75,73.97,253,1094
940725,74.34,74.68,74.23,74.32,91,1098
940726,74.3,74.5,74.18,74.47,192,1171
940727,75.05,75.27,74.87,75.14,629,1527
940728,75.5,75.61,74.21,74.32,265,1523
940729,74.14,74.85,74.03,74.75,214,1543
940801,75.4,75.65,75.22,75.37,125,1526
940802,75.15,75.22,74.75,74.84,98,1508
940803,74.8,75.35,74.8,75.28,36,1529
940804,75.34,75.4,74.58,74.73,89,1570
940805,74.71,75.31,74.6,75.21,44,1561
940808,74.95,75.32,74.95,75.06,89,1567
940809,75.03,75.26,75,75.14,91,1590
940810,75.68,75.74,75.07,75.15,149,1592
940811,75.1,76.4,74.81,76.24,235,1625
940812,77.02,77.02,76.35,76.83,390,1737
940815,76.82,77.08,76.8,76.88,160,1749
940816,76.72,77.54,76.08,76.65,387,1737
940817,76.45,76.83,76.33,76.81,237,1724
940818,77.2,77.45,76.89,77.41,983,2255
940819,77.53,77.7,77.25,77.42,726,2561
940822,77.52,78,77.4,77.81,376,2685
940823,77.62,77.62,77.08,77.46,572,2974
940824,76.95,77.26,76.86,76.98,371,3053
940825,76.75,77.02,76.6,76.97,1705,4192
940826,76.96,76.96,75.04,75.26,1357,4477
940829,75.19,75.25,74.33,75.23,1108,4769
940830,74.96,75.47,74.9,75.44,2247,5506
940831,75.28,75.44,75.15,75.2,495,5567
940901,75.4,75.87,75.34,75.71,867,5664
940902,75.62,76.69,75.18,76.65,1830,0
940906,77.3,77.64,77.1,77.54,5009,9374
940907,77.51,77.57,77.1,77.37,4672,11081
940908,77.27,77.38,76.73,77.02,4704,12393
940909,76.82,78.5,76.76,78.29,11648,18273
940912,78.19,78.35,77.9,77.99,18704,24364
940913,77.92,78.33,77.42,78.08,29276,27937
940914,78.22,78.66,77.95,78.26,26199,31212
940915,78.27,78.27,77.88,78.13,12979,33128
940916,78.15,79.05,77.95,78.37,32631,37882
940919,78.11,78.25,77.53,77.94,24865,36219
940920,77.88,78.2,77.72,77.89,19170,34742
940921,78.02,78.38,77.89,78.17,16487,35551
940922,77.9,78.2,77.79,78.13,12645,35294
940923,77.94,78.25,77.88,78.02,10234,35620
940926,77.9,77.99,77.7,77.89,12463,35448
940927,78.18,78.7,78.01,78.46,15533,36036
940928,78.33,78.51,77.76,77.88,19683,35117
940929,78.15,78.22,77.96,78.06,10977,34629
940930,77.97,78.09,77.55,77.83,14595,33581
941003,77.23,77.72,77.1,77.55,19789,33779
941004,77.8,78.1,77.73,78.01,14809,33477
941005,78.28,78.65,78.23,78.43,21687,35094
941006,78.39,78.5,78.23,78.33,9251,34207
941007,78.77,78.99,78.13,78.29,25783,35257
941010,78.1,78.31,78.07,78.26,8971,35055
941011,78.08,78.1,77.55,77.75,20439,34406
941012,77.88,78.09,77.8,78.02,12215,34272
941013,78.19,78.48,77.8,78.45,18020,34119
941014,78.96,79.47,78.88,79.37,26855,38297
941017,80.1,80.6,79.9,80.41,26228,41170
941018,80.2,80.43,80.13,80.33,16131,41969
941019,80.69,80.74,80.22,80.44,14753,41888
941020,80.4,81.05,80.3,80.91,18385,42889
941021,80.76,80.89,80.1,80.29,19412,42083
941024,80.19,80.59,80.06,80.53,12950,41878
941025,81.03,81.08,80.2,80.39,19859,40726
941026,80.09,80.56,80.03,80.54,17767,41225
941027,80.35,80.38,79.9,80,17781,41057
941028,80.12,80.44,79.07,79.44,33224,41588
941031,79.49,79.95,79.43,79.71,18438,39965
941101,80.21,80.38,79.89,80.28,20870,41366
941102,80.36,80.63,78.65,79.21,28825,40616
941103,79.05,79.18,78.52,79.01,22676,38681
941104,78.69,79.15,78.42,79.01,16912,39748
941107,79.06,79.12,78.83,78.9,11561,40237
941108,79.21,79.65,79.19,79.36,20367,41850
941109,78.21,78.5,78.02,78.08,28415,41349
941110,78.31,78.33,77.7,77.94,28502,44268
941111,78.08,78.28,77.93,78.07,9266,44106
941114,77.4,77.43,77.07,77.19,29139,46467
941115,77.36,77.36,76.5,76.54,22157,0
941116,76.46,76.87,76.28,76.73,24591,51781
941117,76.86,77.18,76.79,76.91,15141,52177
941118,75.99,76.36,75.82,75.87,21881,53102
941121,75.8,75.98,75.66,75.83,17438,54997
941122,76.17,76.22,75.55,75.68,18859,56217
941123,76.32,76.36,75.92,76.07,15039,55528
941125,75.9,75.9,75.7,75.81,5358,55567
941128,75.39,75.57,75.36,75.39,14174,55332
941129,75.67,75.87,75.25,75.31,18976,56009
941130,75.24,75.6,75.15,75.39,19203,54260
941201,75.5,75.54,75.04,75.25,18572,54913
941202,75.15,75.33,74.9,75.06,17492,53786
941205,75.22,75.53,75.18,75.39,16289,50097
941206,75.69,75.7,75.2,75.36,21501,47329
941207,75.52,75.66,75.25,75.41,24320,44679
941208,75.01,75.08,74.7,74.75,19607,43154
941209,74.68,74.91,74.56,74.85,18390,40218
941212,74.85,75.09,74.85,74.98,16258,37007
941213,75.04,75.55,74.94,75.36,4990,34585
941214,75.15,75.45,75.15,75.35,3933,33254
941215,75.3,75.46,75.21,75.36,3599,30995
941216,75.22,75.3,75.1,75.16,3028,28350
941219,74.86,74.96,74.86,74.93,2010,26955
