970828,70.29,70.29,70.29,70.29,100,100
970829,69.92,69.92,69.92,69.92,0,100
970902,69.27,69.27,69.27,69.27,0,100
970903,69.48,69.48,69.48,69.48,0,100
970904,69.64,69.64,69.64,69.64,0,100
970905,70.55,70.55,70.55,70.55,0,100
970908,70.19,70.19,70.19,70.19,0,100
970909,69.98,69.98,69.98,69.98,0,100
970910,70.39,70.39,70.39,70.39,0,100
970911,70.67,70.67,70.67,70.67,0,100
970912,71.25,71.25,71.25,71.25,0,100
970915,71.95,71.95,71.95,71.95,0,100
970916,71.72,71.72,71.72,71.72,0,100
970917,71.4,71.4,71.16,71.16,25,105
970918,71,71,71,71,1,106
970919,71.03,71.03,71.03,71.03,0,106
970922,70.67,70.67,70.67,70.67,0,106
970923,70.68,70.68,70.68,70.68,0,106
970924,71.26,71.26,71.26,71.26,0,106
970925,71.57,71.57,71.57,71.57,0,106
970926,71.52,71.52,71.52,71.52,0,106
970929,71.4,71.4,71.4,71.4,0,106
970930,71.57,71.57,71.57,71.57,0,106
971001,70.95,71.12,70.95,71.12,1,106
971002,71.24,71.24,71.24,71.24,0,106
971003,71.59,71.59,71.59,71.59,0,106
971006,71.66,71.66,71.66,71.66,0,106
971007,71.64,71.64,71.64,71.64,0,106
971008,71.82,71.82,71.82,71.82,0,106
971009,71.06,71.06,71.06,71.06,0,106
971010,71.05,71.05,71.05,71.05,0,106
971014,70.77,70.77,70.77,70.77,0,106
971015,70.82,70.82,70.82,70.82,0,106
971016,70.99,70.99,70.99,70.99,0,106
971017,70.15,70.15,70.15,70.15,0,106
971020,70.19,70.19,70.19,70.19,0,106
971021,69.38,69.38,69.38,69.38,0,106
971022,69.7,69.7,69.56,69.56,12,109
971023,70.46,70.46,70.46,70.46,0,109
971024,70.39,70.39,70.39,70.39,0,109
971027,71.17,71.17,71.17,71.17,0,109
971028,72.55,72.55,72.55,72.55,0,109
971029,73,73.11,73,73.11,14,116
971030,73.66,73.66,73.66,73.66,0,116
971031,73.78,73.78,73.78,73.78,0,116
971103,73.03,73.03,73.03,73.03,0,116
971104,73.49,73.49,73.49,73.49,0,116
971105,73.45,73.45,73.45,73.45,0,116
971106,72.99,72.99,72.99,72.99,0,116
971107,74.1,74.1,74.1,74.1,0,116
971110,74.15,74.15,74.15,74.15,0,116
971112,73.5,73.83,73.5,73.83,1,106
971113,73.51,73.51,73.51,73.51,0,106
971114,73.46,73.46,73.46,73.46,0,106
971117,73.2,73.2,73.2,73.2,0,106
971118,73.37,73.37,73.37,73.37,0,106
971119,73.37,73.37,73.37,73.37,0,106
971120,72.86,72.86,72.86,72.86,0,106
971121,73.07,73.07,73.07,73.07,0,106
971124,73.22,73.22,73.22,73.22,0,106
971125,72.91,72.91,72.91,72.91,0,106
971126,72.66,72.66,72.66,72.66,11,111
971128,72.32,72.32,72.32,72.32,0,111
971201,72.04,72.04,72.04,72.04,0,111
971202,72.02,72.02,72.02,72.02,0,111
971203,72.17,72.17,72.17,72.17,0,111
971204,71.99,71.99,71.99,71.99,0,111
971205,71.59,71.59,71.59,71.59,0,111
971208,70.7,70.73,70.7,70.73,6,110
971209,70.89,70.89,70.89,70.89,0,110
971210,71.28,71.28,71.28,71.28,0,110
971211,72.36,72.36,72.36,72.36,0,110
971212,71.76,71.76,71.76,71.76,0,110
971215,72.05,72.05,72.05,72.05,0,110
971216,71.53,71.53,71.53,71.53,0,110
971217,71.76,71.76,71.76,71.76,0,110
971218,71.66,71.66,71.66,71.66,0,110
971219,71.85,71.85,71.85,71.85,0,110
971222,71.65,71.65,71.65,71.65,0,110
971223,71.81,71.81,71.81,71.81,0,110
971224,71.85,71.85,71.85,71.85,0,110
971226,71.8,71.8,71.8,71.8,0,110
971229,71.08,71.08,71.08,71.08,1005,1102
971230,70.74,70.74,70.74,70.74,2,1102
971231,70.37,70.37,70.37,70.37,2,1102
980102,70.02,70.02,70.02,70.02,0,1102
980105,69.36,69.36,69.36,69.36,0,1102
980106,69.32,69.32,69.32,69.32,0,1102
980107,69.7,69.7,69.7,69.7,0,1102
980108,69.65,69.65,69.65,69.65,0,1102
980109,69.54,69.54,69.54,69.54,0,1102
980112,69.56,69.56,69.56,69.56,0,1102
980113,69.48,69.48,69.48,69.48,0,1102
980114,69.26,69.26,69.26,69.26,0,1102
980115,69.1,69.1,68.44,68.44,5,1107
980116,68.52,68.52,68.52,68.52,0,1107
980120,68.58,68.58,68.58,68.58,1,1108
980121,69.54,69.54,69.54,69.54,0,1108
980122,69.74,69.77,69.74,69.77,15,1116
980123,71.21,71.21,71.21,71.21,3,1113
980126,70.41,70.41,70.41,70.41,0,1113
980127,70.77,70.77,70.77,70.77,0,1113
980128,70.15,70.15,70.15,70.15,0,1113
980129,69.67,69.67,69.67,69.67,1,1114
980130,69.51,69.51,69.51,69.51,0,1114
980202,69.5,69.5,69.5,69.5,972,1114
980203,69.35,70.03,69.35,70.03,80,1120
980204,70.75,70.75,70.75,70.75,4,1123
980205,71.05,71.14,71.05,71.14,1,1123
980206,70.22,70.22,70.22,70.22,0,1123
980209,69.95,69.95,69.95,69.95,70,1190
980210,70,70.12,70,70.12,1,1191
980211,70.13,70.15,70.13,70.15,1,1191
980212,70.54,70.54,70.54,70.54,1,1190
980213,70.14,70.14,70.14,70.14,0,1190
980217,69.9,69.9,69.63,69.63,1,1191
980218,69.73,69.73,69.73,69.73,0,1191
980219,69.83,69.83,69.83,69.83,0,1191
980220,69.78,69.78,69.78,69.78,0,1191
980223,70.5,70.72,70.5,70.72,7,1191
980224,70.68,70.68,70.68,70.68,2,1191
980225,70,70,69.76,69.76,1,1191
980226,69.77,69.77,69.77,69.77,0,1191
980227,69.95,69.98,69.95,69.98,3,1193
980302,69.92,69.92,69.92,69.92,0,1193
980303,69.73,69.73,69.73,69.73,0,1193
980304,69.17,69.17,69.17,69.17,0,1193
980305,68.49,68.49,68.49,68.49,4,1193
980306,68.55,68.62,68.55,68.62,5,1198
980309,68.75,68.76,68.65,68.76,4,1199
980310,68.5,68.66,68.5,68.66,29,1220
980311,68.68,68.68,68.68,68.68,228,1230
980312,68.8,68.86,68.8,68.86,23,1212
980313,69.27,69.27,69.24,69.24,13,1220
980316,69.1,69.1,69.04,69.06,46,1234
980317,68.91,69.12,68.91,69.03,5,1234
980318,68.7,68.7,68.5,68.5,2,1233
980319,68.5,68.5,68.14,68.14,4,1233
980320,68.16,68.16,68.08,68.14,5,1237
980323,68.27,68.64,68.27,68.64,11,1232
980324,68.45,68.49,68.45,68.49,11,1229
980325,68.33,68.33,68.33,68.33,0,1229
980326,68.4,68.6,68.4,68.6,15,1229
980327,68.13,68.13,68.13,68.13,0,1229
980330,67.35,67.35,66.9,66.9,81,1273
980331,66.93,66.97,66.86,66.86,13,1284
980401,66.57,66.62,66.4,66.46,19,1283
980402,66.7,66.7,66.47,66.47,9,1279
980403,66.3,66.8,66.23,66.8,6,1279
980406,66.71,66.71,66.65,66.7,40,1307
980407,66.57,66.84,66.55,66.81,59,1301
980408,66.89,67.55,66.82,67.52,32,1294
980409,67.14,67.16,67.13,67.16,33,1274
980413,67.08,67.42,67.05,67.37,69,1267
980414,67.75,68.41,67.75,68.18,42,1270
980415,68.29,68.29,67.98,67.98,28,1259
980416,67.5,67.64,67.44,67.64,30,1274
980417,67.96,67.96,67.77,67.83,17,1261
980420,67.77,67.89,67.77,67.89,1,1262
980421,68.16,68.83,68.16,68.69,200,1330
980422,68.43,68.53,68.43,68.51,9,1309
980423,68.48,68.48,68.13,68.29,13,1303
980424,68.07,68.19,68.07,68.17,2,1305
980427,68.1,68.37,68.08,68.37,8,1298
980428,68.1,68.11,68.04,68.07,12,1300
980429,67.8,67.95,67.71,67.8,23,1291
980430,67.8,67.85,67.52,67.62,11,1291
980501,67.72,68.31,67.72,68.16,20,1288
980504,68.04,68.15,68.04,68.15,4,1285
980505,68.5,68.69,68.5,68.64,49,1300
980506,68.5,68.92,68.49,68.83,143,1329
980507,69.2,69.3,68.83,68.93,44,1346
980508,68.66,68.66,68.39,68.55,78,1363
980511,68.38,68.38,68.16,68.3,284,1516
980512,68.48,68.58,68.43,68.45,182,1586
980513,68.5,68.62,68.45,68.47,32,1585
980514,68.58,68.64,68.32,68.48,58,1580
980515,68.34,68.4,67.95,68.2,61,1594
980518,68.13,68.26,68.13,68.23,36,1597
980519,68.26,68.45,68.26,68.45,49,1610
980520,68.37,68.68,68.35,68.59,39,1615
980521,69,69.33,68.94,69.24,1192,2450
980522,69.05,69.29,69.05,69.22,2788,3289
980526,68.76,68.88,68.72,68.81,312,3328
980527,69.53,69.63,68.5,68.81,3558,6398
980528,68.53,68.81,68.4,68.6,1244,6817
980529,68.27,68.49,68.02,68.21,3348,6994
980601,68.33,68.57,68.31,68.55,747,7472
980602,68.3,68.38,68.19,68.35,1927,8435
980603,68.51,68.66,68.38,68.52,1923,9277
980604,68.53,69.01,68.5,68.83,1998,10354
980605,68.57,68.6,68.26,68.38,3522,11938
980608,68.39,68.43,68.24,68.27,21713,28692
980609,68.47,68.48,68.26,68.42,9058,31459
980610,68.46,68.49,67.79,67.92,29635,42304
980611,67.83,67.87,67.43,67.47,20870,49660
980612,67.37,67.62,67.3,67.31,17804,55418
980615,66.9,67.01,66.72,66.97,32968,67205
980616,67.29,67.58,67.24,67.53,12108,67767
980617,67.87,67.91,67.54,67.75,11449,65256
980618,67.6,67.67,67.27,67.34,7854,68248
980619,67.26,67.7,67.22,67.35,11061,69159
980622,67.16,67.44,67.1,67.35,5394,69431
980623,67.3,67.35,66.88,67.06,9500,72145
980624,67.03,67.05,66.77,66.84,8092,71258
980625,66.78,66.99,66.32,66.35,20288,76393
980626,66.43,66.51,65.8,66.05,17257,79749
980629,66.12,66.19,65.92,65.99,8417,81765
980630,66.35,66.58,66.22,66.28,12196,84238
980701,65.92,66.03,65.69,65.94,11210,86961
980702,65.82,65.87,65.58,65.69,10406,89437
980706,66.02,66.25,65.94,66.06,10903,90674
980707,66.14,66.17,65.85,65.93,6735,91659
980708,65.89,66.02,65.81,65.88,7375,93737
980709,65.2,65.34,65.1,65.28,17838,100649
980710,65.58,65.62,65.25,65.39,11003,102355
980713,65.64,66.4,65.6,66.22,23502,94364
980714,66.28,66.49,66.1,66.13,13274,93994
980715,66.29,66.62,66.18,66.58,9546,93845
980716,66.9,67.05,66.7,66.98,14013,90033
980717,66.65,67,66.54,66.89,10640,88583
980720,66.91,67.1,66.7,66.78,9109,87324
980721,66.52,66.59,66.44,66.54,7876,89178
980722,66.5,66.61,66.34,66.51,6587,88586
980723,66.36,66.77,66.33,66.7,9649,74234
980724,66.97,67.4,66.95,67.17,28569,72383
980727,67.25,67.3,66.8,66.81,10536,72316
980728,66.97,67.63,66.97,67.53,18683,71227
980729,67.7,67.8,67.4,67.77,18300,72273
980730,67.91,68.1,67.22,67.39,28186,70083
980731,67.29,67.48,67.15,67.39,9742,69066
980803,66.88,67,66.8,66.87,9103,70530
980804,67.01,67.39,66.88,67.29,11265,68678
980805,67.43,67.56,67.31,67.5,8546,68274
980806,67.39,67.69,67.17,67.21,11816,63775
980807,67.39,67.43,66.94,67.11,7444,63527
980810,67.1,67.22,67.02,67.13,4216,63017
980811,67.33,67.56,67.28,67.38,11261,62740
980812,67.67,67.8,67.32,67.35,17558,65050
980813,67.37,67.51,67.28,67.38,9305,65270
980814,67.26,67.3,66.28,66.46,29888,71254
980817,66.71,66.83,66.52,66.59,12629,69932
980818,66.48,66.68,66.33,66.38,10222,71170
980819,66.42,66.69,66.18,66.6,13087,68890
980820,66.62,66.83,66.41,66.59,9608,69529
980821,66.65,66.94,66.45,66.7,11573,69503
980824,66.85,66.88,66.71,66.78,6217,68444
980825,66.71,66.75,66.51,66.62,8335,69535
980826,66.62,66.7,66.46,66.54,9673,70556
980827,66.79,67.75,66.68,67.6,38099,69667
980828,67.82,69.75,67.82,69.62,59512,78302
980831,68.94,69.6,68.93,69.41,28245,80032
980901,69.62,70.2,69.32,69.51,19455,82185
980902,69.26,69.58,69.12,69.4,12135,80349
980903,70.6,71.05,70.21,70.53,39065,73722
980904,69.95,70.63,69.88,70.39,13196,72689
980908,70.77,71,70.38,70.79,19412,66526
980909,69.99,70.95,69.82,70.83,7594,55271
980910,71.43,72.6,71.43,72.09,5613,52429
980911,72.18,72.38,71.82,71.88,5872,46591
980914,71.22,71.41,71.22,71.24,2798,45989
