870928,227.35,227.35,227.35,227.35,47,23
870929,227.1,227.1,227.1,227.1,1,24
870930,225.25,225.25,224.95,224.95,1,25
871001,226.7,228.15,226.7,228.15,17,25
871002,228.2,229,228.2,229,39,60
871005,229.6,230.05,229.2,230.05,5,64
871006,230.25,230.25,230,230.25,48,37
871007,230.2,230.25,229.5,230.25,27,53
871008,231.65,231.65,231.65,231.65,16,37
871009,231.45,231.45,231.15,231.15,3,39
871012,231.1,231.1,231.1,231.1,0,39
871013,230.8,230.8,230.8,230.8,0,39
871014,231.5,232.15,231.5,231.85,13,42
871015,232.45,232.45,232.4,232.4,2,42
871016,233,233.55,232.95,233.55,2,42
871019,233.75,235,228.2,228.2,50,842
871020,222,223.75,220,223.75,10,44
871021,227.8,227.8,227.8,227.8,10,42
871022,227.5,227.6,227.5,227.6,10,52
871023,228.5,228.5,228.5,228.5,20,62
871026,227.5,227.5,224.3,224.3,10,72
871027,224.6,226.4,224.6,226.4,115,176
871028,225.4,225.55,224.6,225.55,43,171
871029,224.6,224.7,223.7,223.7,4,167
871030,223.7,224,222.35,222.35,67,228
871102,223.35,223.4,223,223.15,62,372
871103,221.8,221.8,221.05,221.05,40,310
871104,220.25,220.35,220.15,220.35,23,323
871105,219,221.6,218.15,221.6,156,443
871106,223.7,224.25,223.7,224.25,20,477
871109,224.8,224.8,224.4,224.4,47,430
871110,224.25,225.9,224.25,225.9,97,406
871111,225.5,225.5,225.5,225.5,22,469
871112,226.25,226.25,225.5,225.65,44,464
871113,226.3,226.3,225.65,225.65,12,412
871116,225.6,225.6,224.55,224.55,35,412
871117,225.3,227.3,224.7,227.3,26,406
871118,227,227.5,226.75,226.75,24,395
871119,226.95,226.95,226.95,226.95,0,395
871120,228,228.3,228,228.3,1,394
871123,228.5,230,228.5,229.9,2,374
871124,230,233.5,230,231.75,29,354
871125,232,233.25,231.5,232.9,40,354
871127,235.8,236.85,235.8,236.85,5,355
871130,234.3,235.25,231.7,232.25,223,258
871201,231.75,232,230.75,230.75,48,242
871202,230.75,231.2,230.3,231.2,26,240
871203,230.6,230.6,226.5,229.15,386,526
871204,228.2,228.2,226.5,226.5,43,526
871207,226.1,226.9,226,226.9,55,632
871208,227.35,227.35,226.95,226.95,137,769
871209,227.3,227.3,227.3,227.3,0,769
871210,227.5,229.2,227.5,229.2,60,769
871211,230.3,230.3,229.8,229.8,0,769
871214,229.5,229.5,228.7,228.7,20,749
871215,225.1,225.1,224.5,224.7,56,728
871216,225,225,224.2,224.2,127,603
871217,222.3,226.95,222.15,226.95,5,602
871218,226.5,226.5,226.5,226.5,21,602
871221,226.5,227.3,226.5,227.1,4,603
871222,228.1,228.8,228.1,228.8,0,607
871223,229.7,230.4,229.7,230.4,1,605
871224,231,231,230.95,230.95,4,605
871228,231,231.5,229.6,229.6,202,467
871229,229,229.5,229,229.25,127,342
871230,228.8,228.8,228.8,228.8,0,342
871231,229.45,229.9,228.65,229.9,124,503
880104,232.05,232.05,232.05,232.05,127,480
880105,231.75,233.2,231.75,233.2,132,395
880106,232.75,235.1,232.75,235.1,29,399
880107,236,236,234.4,234.4,17,388
880108,235.5,235.75,235.5,235.75,2,383
880111,235.2,235.5,234.05,234.05,5,383
880112,232.5,233.5,231.5,232.15,198,459
880113,232.8,233.3,232.8,233.3,5,459
880114,233.15,234.1,233.15,234.1,11,460
880115,235.2,235.2,232.65,233.7,7,459
880118,234.5,235.3,234.5,235.3,5,454
880119,235.1,236.5,235.1,236,20,459
880120,235.5,235.9,233.9,233.9,11,467
880121,233.45,234.3,232.85,234.3,29,466
880122,234.25,234.7,234.25,234.7,36,471
880125,234.25,235.1,233.1,233.1,41,491
880126,233.15,233.15,232,232.6,1,492
880127,232.2,232.2,231.2,231.2,22,490
880128,230.8,231.05,230,230.05,21,482
880129,229.5,229.5,226.2,227,37,487
880201,227.5,227.75,226.5,227.25,30,498
880202,228,228.5,226.25,226.95,63,491
880203,226,227.7,226,226.95,31,476
880204,227.75,228.85,227.3,228.85,11,479
880205,229.2,229.5,227.4,228.5,42,473
880208,229,230,227.55,228.2,61,475
880209,227.75,228.6,227.75,228.4,6,424
880210,228.8,229,228.5,229,18,456
880211,229.5,230,229.35,229.4,20,456
880212,229.4,229.8,228.75,229.8,10,445
880216,230,230,229,229,2,449
880217,229,230.45,229,230.2,55,443
880218,228.25,228.25,228.25,228.25,51,451
880219,227.3,229.25,227,229.25,9,426
880222,229.7,229.8,228.05,228.05,161,453
880223,227.9,228,225,225.25,26,461
880224,225,225.7,224.55,224.55,123,537
880225,223.75,224.5,223.05,223.75,35,551
880226,223.25,223.25,221.3,221.75,221,676
880229,221.6,224.05,221.6,224.05,81,682
880301,224,224.5,223.45,224.5,33,689
880302,224.1,225.1,223.25,224.5,23,626
880303,225,225,222.5,223.5,37,670
880304,224.4,224.8,224.4,224.5,52,629
880307,224.5,224.7,224,224.7,75,616
880308,224.8,225.45,224.65,224.65,24,635
880309,224.4,225.05,223.5,223.5,34,638
880310,224.5,224.8,223.5,224,13,640
880311,223.75,225.05,223.75,225.05,29,645
880314,224.75,225.25,224.5,225.2,227,840
880315,225.1,225.1,224.4,225,186,955
880316,224.75,225.35,224.75,225.3,106,970
880317,225.5,226.95,225.3,226.95,133,988
880318,227,227.9,227,227.8,119,965
880321,227.7,229,227.7,228.2,116,1029
880322,228,229.65,227.4,229.65,75,1058
880323,229.8,230.15,229.5,230.1,61,1077
880324,231.2,231.7,230.35,231.15,89,1082
880325,231.4,231.9,230.6,231.1,255,962
880328,231.1,231.6,230.25,231.2,61,970
880329,231.45,231.95,230.75,231,90,983
880330,230.6,231.85,230.6,231.5,133,981
880331,231.2,232.2,230.95,232,50,953
880404,234.2,234.9,232.7,232.9,59,959
880405,232.4,232.65,231.5,232.5,149,942
880406,232,232.3,230.75,231.7,86,948
880407,231.4,232.45,231.35,232.45,35,942
880408,232.3,234.2,232.3,233.55,114,937
880411,234,235.45,234,235.3,127,1000
880412,235.05,235.9,233.95,234.3,99,966
880413,234.2,234.35,231.9,232.65,98,978
880414,233.1,234,232.2,233.6,161,979
880415,234.5,234.6,232.7,232.8,53,972
880418,234,234.5,233.5,233.65,144,1008
880419,234.1,234.1,233,234.05,64,972
880420,234.3,234.45,233.45,233.85,41,986
880421,233.5,233.6,231.9,232.25,140,988
880422,231.6,233.2,231.5,232.55,61,943
880425,232.5,233.05,232.35,232.5,110,949
880426,232.6,234.1,232.2,234.1,78,1011
880427,233.8,235,233.8,234.3,153,977
880428,234.5,234.5,233.1,233.25,56,974
880429,233.1,234,232.2,233.95,68,1005
880502,231.5,234.45,231.5,232.45,473,817
880503,232.55,233.2,232.55,233.1,99,863
880504,232.7,233.45,232.6,233.4,129,880
880505,233.6,234,233.25,233.8,143,887
880506,233.55,234.25,233.5,234,153,864
880509,233.9,236.9,233.9,236.75,495,1018
880510,236.6,238.55,236.6,238.4,1328,1279
880511,238.8,238.8,237.5,238.15,692,1452
880512,237.9,238.75,237.75,238.1,434,1417
880513,237.6,239.45,237.35,239.25,526,1487
880516,239.5,243.7,238.95,243.45,1421,1645
880517,242.4,244.75,241.85,243.4,853,1742
880518,242.8,243.8,241.75,243.2,443,1680
880519,243.4,246.25,243.4,244.65,1277,1419
880520,244.3,246.3,243.95,246.25,816,1852
880523,245.1,245.5,242.9,243.55,236,1901
880524,242.8,245.85,242.7,245.55,106,1836
880525,244.3,245.85,241,241.3,31,1659
880526,241.4,242.55,240,241.75,884,1665
880527,241.65,243.35,241.65,242.25,641,1587
880531,245,248.45,245,248.3,1067,1402
880601,250,252,247.2,248.55,1235,1525
880602,247.4,252.5,246.7,252.35,1067,1447
880603,249,255.25,249,254,1311,1471
880606,256,262,256,261.7,1609,1554
880607,263.25,264.25,257.6,259.15,2655,1761
880608,257.25,257.6,254.6,255.25,2587,1710
880609,254.1,257.75,253.85,255.55,1213,1614
880610,257.75,259.3,254.3,256.35,1089,1497
880613,255,257.6,253.9,255.3,1091,1508
880614,255,256.45,253.75,256.1,875,1570
880615,256.7,262.7,256.7,262.05,915,1590
880616,263.25,265.4,258.4,258.6,1652,1576
880617,259,262.2,258,261.6,1432,1709
880620,264,267,264,266.75,1590,1792
880621,269.25,269.7,265.3,267.95,1984,1615
880622,266.25,268,265,267.65,1573,1600
880623,266.5,269.7,263.8,264.15,1241,1482
880624,263,264.5,262.05,264.45,1299,1288
880627,267,273.1,267,273,1112,1396
880628,275.5,275.8,264,264.7,1914,1313
880629,260,261.7,257.6,259.1,1774,1052
880630,260.8,265.3,260.5,262,1143,1344
880701,263.5,265.5,263,264.3,659,1153
880705,265.95,266.9,258.8,261.15,914,997
880706,261.7,267.9,260.25,266.7,907,1012
880707,268.5,269,261,261.7,867,909
880708,261.1,264.5,259.75,261.45,421,911
880711,257,258.2,253.1,253.35,380,864
880712,252.65,258,252.3,257.25,493,815
880713,257.3,262.1,257.3,262.1,230,717
880714,264.25,267.25,262.5,264.6,509,665
880715,264.2,265.15,262.3,265,193,0
