870519,240.5,240.5,240.5,240.5,0,4
870520,240.5,240.5,237.35,237.35,1,4
870521,237,240.75,237,238.75,128,6
870522,239,239.25,236.65,236.65,17,15
870526,235,235,231.4,231.75,93,36
870527,232.25,233,231.75,231.75,17,44
870528,233.6,233.6,230,230,14,45
870529,230.2,230.2,230.2,230.2,0,45
870601,228.5,229.65,227.9,229.65,14,47
870602,231.5,234,231.5,232.25,28,42
870603,232,233,231,232.9,80,42
870604,232.9,234.1,232.9,233,17,54
870605,233.25,235,233.25,235,65,49
870608,236.5,236.5,233.9,234,70,81
870609,234.5,234.5,234.15,234.15,99,81
870610,233.5,234.05,233.5,234.05,40,121
870611,233.65,237,233.65,237,33,121
870612,236,237,235.4,235.75,223,221
870615,237.25,240,237,240,5,221
870616,240.5,240.5,238.5,238.5,4,221
870617,237,237,236.5,236.5,103,324
870618,237.7,238.5,237.25,237.25,103,423
870619,236.85,236.95,233.6,233.6,102,525
870622,230.75,231.1,228,228,14,536
870623,230.1,230.1,229.7,230.05,119,633
870624,232.15,232.15,231.45,231.45,8,633
870625,229.8,231,229.4,230.5,360,736
870626,230.75,232.25,230.75,231.5,815,737
870629,229.6,230,229.4,229.4,20,737
870630,229.6,230.35,229.6,230.35,154,887
870701,229.5,230.6,229.5,230.6,153,888
870702,231.2,231.6,231.2,231.6,1,887
870706,231.75,232.45,231.75,232,32,887
870707,231.8,232.05,231.8,232.05,30,887
870708,231.95,231.95,230.8,230.8,21,886
870709,231.7,231.7,231.6,231.6,20,886
870710,231.3,231.55,231.3,231.55,20,886
870713,231.55,231.75,230.8,230.8,2,887
870714,231,231,230,230,4,887
870715,231.5,231.5,230.75,230.75,37,887
870716,229.05,229.05,228.35,228.35,15,887
870717,225.6,228.35,225.6,225.7,1,888
870720,226.3,227.25,226.3,227,29,887
870721,227.05,227.05,225.8,226,28,890
870722,225.4,226.45,224.85,226.45,19,909
870723,226.45,227.45,225.55,225.55,83,887
870724,225.3,225.55,225.15,225.15,76,887
870727,224.35,226,224.35,225.7,104,897
870728,226.25,227.85,226.25,227.85,78,903
870729,228.2,228.4,227.45,227.45,47,909
870730,227.25,229.4,226.9,229.05,86,905
870731,229.05,229.25,228.9,228.9,10,907
870803,230.75,231.9,230.1,230.1,56,904
870804,229.6,229.75,229.3,229.3,160,754
870805,227.8,227.8,226.9,226.9,22,759
870806,226.6,227,226,226,45,769
870807,225.25,225.55,221.5,222.8,55,774
870810,224,224.25,223.4,224,64,779
870811,224,225.4,224,224.5,66,774
870812,223.5,226.45,223.5,226.45,27,764
870813,226.4,226.4,225.35,225.35,26,764
870814,226.25,226.25,225,225.2,13,779
870817,224.65,226,224.65,225.8,12,770
870818,227,227,226.05,226.05,11,769
870819,225.9,227.1,225.9,226.8,35,770
870820,226.55,227.15,225.85,225.85,17,771
870821,225.9,226.5,225.9,226.5,1,770
870824,226.7,226.7,225.4,225.95,11,767
870825,225.65,225.7,225.65,225.7,1,768
870826,226.6,227.1,226.6,227.1,13,777
870827,226.6,226.65,226.5,226.5,42,777
870828,226.75,226.75,224.25,224.25,403,1180
870831,225,225,224,224.8,50,1172
870901,224.85,224.95,224.85,224.95,1,1173
870902,225.8,226.75,225.8,226.75,13,1172
870903,226.1,226.1,226.1,226.1,4,1173
870904,226.05,226.25,226.05,226.25,8,1181
870908,225.3,225.5,224.8,225.1,19,1183
870909,225.5,226.65,225.5,226.65,132,1290
870910,227.45,229.1,227.05,229.1,266,1102
870911,226.8,227.5,226.7,227.5,8,1100
870914,226.9,227.1,226.3,226.95,210,897
870915,227,227.5,226.5,226.8,37,892
870916,227.25,227.25,227.2,227.2,6,894
870917,227.6,227.9,227.5,227.9,26,893
870918,228.1,228.1,227.4,227.55,19,896
870921,227.75,228.5,227.75,228.5,20,908
870922,228.85,228.85,225.75,225.75,4,900
870923,226.85,227.15,226.85,227.15,20,909
870924,227.7,227.7,226.9,226.9,16,908
870925,226.95,227.05,226.85,227.05,35,912
870928,227.1,227.65,226.15,226.15,65,916
870929,225.35,226.2,225,225.95,56,940
870930,225.5,225.8,223.7,223.8,22,945
871001,224.2,227.15,224.2,227.15,119,1027
871002,227.75,228,227.35,228,49,1026
871005,227.85,229.25,227.85,229.15,44,1041
871006,229.35,229.5,228.8,229.3,124,959
871007,229.35,229.45,229,229.35,73,935
871008,229.65,231.05,229.6,230.75,121,979
871009,230.8,232.15,230.25,230.25,24,991
871012,230.1,230.55,229.7,230.25,106,988
871013,229.9,230.6,229.9,230,26,986
871014,230.25,231.7,230.25,231.1,28,986
871015,231.6,233.25,231.55,231.7,81,1007
871016,232.3,232.85,231.6,232.85,44,1022
871019,235.75,236.5,226.5,227.5,129,991
871020,219.1,224,210,223.75,88,1000
871021,225.8,227.75,224.25,227.6,671,951
871022,228.7,229.6,226,227.4,93,1041
871023,230.2,230.2,225.5,227.6,74,1076
871026,226.35,226.35,223.15,223.55,34,967
871027,223.2,225.7,223.2,225.7,19,963
871028,225,225,223.6,224.9,73,961
871029,223.6,224,221.8,223.15,125,981
871030,223,223.15,221.85,221.85,58,1008
871102,222.6,223.05,222.4,222.65,90,1044
871103,221.5,221.5,220.15,220.55,109,1030
871104,219.8,220.25,218.6,219.95,104,1027
871105,217.9,221.85,217.8,221.2,117,1055
871106,221.9,224,221.9,223.75,108,1060
871109,225.25,225.4,223.7,223.95,172,1118
871110,223.5,225.55,223.5,225.4,198,1146
871111,226.05,227.5,225.4,225.4,33,1163
871112,226.5,226.5,225,225.6,83,1168
871113,226.2,226.8,225.4,225.5,296,1230
871116,225.15,225.45,224.3,224.3,118,1271
871117,224.7,227,224.7,226.9,32,1259
871118,228,228,226.1,226.4,62,1261
871119,226.7,226.9,225.5,226.6,38,1263
871120,226.85,228.25,226.35,228,42,1265
871123,227.9,230.4,227.8,229.95,462,1508
871124,230.05,233.1,229.65,231.75,182,1527
871125,232.1,234.05,231.85,233.05,133,1553
871127,234,237.6,233.8,237,390,1679
871130,238,238.1,231.2,232.25,1252,1786
871201,232,233.45,230.5,231,520,1807
871202,231.3,233,231.05,231.6,366,1790
871203,231.5,232.25,227.6,229.75,591,1888
871204,228.75,229,226.7,227.1,326,1756
871207,227,227.75,226.5,227.5,285,1770
871208,227.75,228.5,227.3,227.6,296,1783
871209,227.65,228.9,227.1,227.95,208,1754
871210,228.3,230.55,228.1,229.9,433,1784
871211,232,232,230.1,230.5,208,1719
871214,231.05,231.1,228.75,229.4,347,1677
871215,228.8,229.15,225.3,225.4,447,1682
871216,226.2,226.5,224.85,224.95,534,1618
871217,224.7,228.4,222.25,227.7,516,1546
871218,227.4,229.15,227,227,251,1509
871221,227.05,228.4,227,227.85,127,1435
871222,228.4,229.55,228.3,229.5,186,1309
871223,229.2,231.4,229,231.1,225,1295
871224,231.5,233,230.95,231.65,186,1239
871228,232.7,232.85,229.5,230.2,226,1216
871229,229.5,230.65,229.1,229.95,186,1196
871230,229.5,230.4,229.15,229.5,131,1201
871231,230.2,231.4,230,230.6,88,1234
880104,229.65,232.65,227.9,232.6,404,1276
880105,232.6,234.2,232.2,233.9,352,1223
880106,233.55,235.6,233,235.6,198,1207
880107,236,237.65,234.4,235.1,668,1238
880108,234.6,236.6,234.5,236.45,353,1234
880111,236,236.3,234.05,234.7,436,1230
880112,232.75,234.85,232,232.95,424,1239
880113,233.25,234.15,232.95,234.1,226,1251
880114,233.25,235.2,233.25,234.9,202,1261
880115,234.75,236.3,233.6,234.5,471,1266
880118,234.5,236.3,234.3,236.15,334,1361
880119,236.2,237.45,235.6,236.95,334,1372
880120,237.2,237.85,234.5,234.9,588,1604
880121,234.25,235.65,233.9,235.4,335,1437
880122,235.3,235.95,234.2,235.8,184,1464
880125,235.25,236.65,234,234.2,417,1504
880126,234.35,234.65,232.8,234,445,1473
880127,233.75,233.75,232.45,232.6,288,1496
880128,232.25,232.9,231.25,231.3,376,1666
880129,231.1,231.1,227.5,228,726,1571
880201,228.4,228.7,227.1,227.95,446,1524
880202,229.1,229.6,227.6,227.8,362,1444
880203,227.1,229.3,226.7,227.85,590,1522
880204,228.65,230,228.4,229.75,304,1467
880205,230,230.7,229.05,229.6,287,1391
880208,230.75,230.9,228.65,229.4,276,1382
880209,229.3,230.25,228.4,229.6,364,1384
880210,229.9,230.65,229.55,230.3,203,1494
880211,230.6,231.65,230.5,230.85,251,1497
880212,231,231.15,229.9,231.05,215,1534
880216,231.1,231.7,230.35,230.5,261,1590
880217,230.8,232.1,230,232.05,365,1449
880218,232,232,229.55,229.55,369,1459
880219,229.7,231,228.85,230.55,509,1473
880222,230.6,230.9,229.25,229.45,259,1428
880223,229.2,229.4,226.5,226.8,547,1401
880224,226.25,227.2,226,226.05,423,1391
880225,226.2,226.5,224.5,225.4,333,1373
880226,224.8,225.2,223.4,223.5,547,1339
880229,223.45,225.5,223.45,225.5,480,1357
880301,225.7,225.95,225.05,225.9,380,1309
880302,225.8,226.15,224.9,225.95,395,1068
880303,225.7,226.55,224.4,225,556,1242
880304,225.7,226.3,225.35,225.5,418,989
880307,225.4,226,225.05,225.95,93,1149
880308,226.2,226.85,225.6,225.65,193,1102
880309,225.6,226.15,224.4,224.55,207,1065
880310,224.8,225.65,224.25,224.75,232,1045
880311,224.6,225.95,224.35,225.95,169,976
880314,225.75,226.45,225.5,226.05,409,938
880315,226.05,226.1,225.4,225.8,169,921
880316,225.8,226.4,225.7,226.35,202,704
880317,226.4,227.85,226.2,227.8,115,693
