981118,211.95,211.95,211.95,211.95,0,0
981119,210.35,210.35,210.35,210.35,0,0
981120,209.3,209.3,209.3,209.3,0,0
981123,207.5,207.5,207.5,207.5,0,0
981124,207.2,207.2,207.2,207.2,0,0
981125,207.25,207.25,207.25,207.25,0,0
981130,206.45,206.45,206.45,206.45,0,0
981201,206.2,206.2,206.2,206.2,0,0
981202,204,205,204,205,0,0
981203,204.9,204.9,204.9,204.9,0,0
981204,204.5,204.5,204.5,204.5,0,0
981207,204,204,204,204,0,0
981208,202.75,202.75,201.75,201.75,1,1
981209,200.15,200.15,200.15,200.15,0,1
981210,201.4,201.4,201.4,201.4,0,1
981211,200.35,200.35,200.35,200.35,0,1
981214,202.35,202.35,202.35,202.35,0,1
981215,201.25,201.25,201.15,201.15,10,10
981216,205.15,205.15,205.15,205.15,0,10
981217,204.5,204.5,201.85,201.85,11,20
981218,200.35,200.55,200.35,200.55,0,20
981221,198.25,198.9,196.45,198.9,20,40
981222,198.6,198.6,198.6,198.6,0,40
981223,198.8,198.8,198.8,198.8,0,40
981224,198.85,198.85,198.85,198.85,0,40
981228,198.35,199.3,198.35,199.3,41,81
981229,199.25,200.55,199.25,200.55,1,80
981230,199.95,200,199.95,200,0,80
981231,202.25,203,202.25,203,2,80
990104,203,203,203,203,0,80
990105,200.6,201,200.6,201,240,300
990106,202.5,203,202.5,202.7,153,452
990107,203,203,202.9,202.9,151,601
990108,204.3,204.3,203.5,203.5,6,602
990111,205,205.15,204.8,204.8,3,604
990112,204.05,204.05,203,203,42,564
990113,199,201.2,199,201.2,44,544
990114,199.75,199.75,199.75,199.75,0,544
990115,199.25,199.5,199.2,199.2,2,545
990119,197,197,197,197,0,545
990120,197,197,197,197,0,545
990121,197.5,197.5,197.5,197.5,0,545
990122,196.8,196.8,196.8,196.8,0,545
990125,195.95,195.95,195.65,195.65,0,545
990126,194.6,194.6,194.6,194.6,0,545
990127,194.5,194.5,194.5,194.5,0,545
990128,196,196.15,196,196.15,2,545
990129,197.15,197.15,197.15,197.15,0,545
990201,197.4,197.4,195.6,196,2,545
990202,195.6,197,195.6,196.65,2,545
990203,196.7,196.7,196.7,196.7,0,545
990204,197,198.2,196.75,198.2,5,546
990205,196.65,196.65,196.65,196.65,0,546
990208,196.85,197.5,196.05,196.05,213,751
990209,195.5,195.75,194.2,194.2,302,1051
990210,194.25,194.25,194.25,194.25,31,1077
990211,194.2,194.2,192.25,192.25,28,1102
990212,193.5,193.5,192.75,192.75,4,1103
990216,192.25,192.25,190,190,45,1120
990217,189.05,189.2,189.05,189.2,6,1124
990218,190.4,190.95,189.9,190.95,11,1118
990219,191.2,191.6,191.2,191.4,8,1121
990222,190.3,190.3,189.5,189.8,20,1127
990223,190,191.6,190,191.4,75,1145
990224,191.4,191.4,189.65,189.65,7,1146
990225,189.4,190,189.1,189.35,34,1167
990226,188.7,188.7,187.25,187.25,21,1169
990301,187.5,187.7,187.3,187.6,18,1178
990302,188.1,188.6,187.6,187.6,7,1175
990303,187.3,187.8,187.2,187.7,6,1178
990304,187.6,189,187.6,188.45,25,1183
990305,188.9,189.7,188.8,189.7,3,1184
990308,190.5,191.1,190.5,190.8,34,1194
990309,190.8,191.7,190.7,190.7,24,1197
990310,191.9,192.5,191.15,192.5,47,1207
990311,193.2,193.2,191.4,192.05,75,1229
990312,192.5,192.5,191.1,191.1,36,1243
990315,190,190,188.6,188.6,42,1246
990316,188.7,190.1,188.5,190.1,62,1235
990317,190.5,191.75,190.05,191.25,74,1241
990318,191.5,191.5,189.7,190.1,71,1255
990319,190.6,191.8,190.1,191.8,57,1250
990322,191.5,193.5,191,193.5,84,1300
990323,194.4,194.5,192.9,193.45,191,1383
990324,193.8,194,191.3,191.55,197,1436
990325,191.5,195,191.5,195,94,1451
990326,194.25,196.2,193.6,195.8,149,1476
990329,195.4,195.8,194.6,195.5,57,1486
990330,195.15,195.9,194.4,195.55,105,1498
990331,196,196.25,194.7,194.8,355,1341
990401,193.8,194.1,192.9,193.6,246,1375
990405,193.2,194.25,193,193.8,447,1068
990406,193.4,193.8,192.6,193.4,146,1026
990407,193.6,193.6,191.75,192.1,193,1121
990408,191.05,191.9,189.15,189.4,277,1150
990409,190.7,192.9,190.5,192.5,271,1138
990412,192.6,192.7,191.25,191.5,207,1167
990413,192.1,192.45,191.6,192.1,146,1186
990414,192,192.2,190.1,190.15,181,1199
990415,191.8,192.05,190.75,191.4,155,1198
990416,192.3,192.6,191.7,191.75,147,1193
990419,192,193.6,192,193.25,326,1297
990420,193,193.8,192.55,193,150,1256
990421,193,193.3,192.3,193.1,127,1247
990422,193,193.2,191,191.1,340,1299
990423,190.9,192.3,190.85,191.9,248,1271
990426,191.2,191.2,189.9,190.5,200,1296
990427,190.1,191.1,189.9,189.95,164,1336
990428,190.6,191.2,190.4,191.1,158,1340
990429,191.9,193.6,191.7,193.2,434,1476
990430,193.2,194.7,192.7,193.05,1255,2121
990503,193.35,193.9,193,193.35,156,2149
990504,193.3,194,193.2,193.6,124,2138
990505,193.9,194.5,193.6,194.1,125,2096
990506,194.8,195,193.85,194,200,2114
990507,192.2,193.1,191.6,192.5,332,2157
990510,192.4,193.25,191.9,193.15,150,2151
990511,193.4,193.5,192.4,192.9,153,2153
990512,192.1,192.8,191.8,192.3,320,2179
990513,192.3,193.3,192.2,193.2,148,2171
990514,192.8,193.1,192,192.65,135,2187
990517,192.9,193.05,192.4,192.5,75,2185
990518,192,192,190.7,191.85,338,2245
990519,191.8,191.85,190.9,191.05,178,2168
990520,191.1,191.3,190.4,190.85,103,2150
990521,190.5,190.6,189.9,190.4,220,2190
990524,189.5,189.7,187.4,187.65,615,2052
990525,187.4,187.5,186.4,187.5,505,1796
990526,187.3,189.15,187.3,188.9,278,1707
990527,188.2,188.6,187.2,187.35,151,1621
990528,186.6,188,186.6,188,83,1603
990601,187.7,188.1,186.8,188.05,221,1560
990602,188.55,190,188.55,189.7,323,1528
990603,190.2,191.2,190.1,191.15,377,1451
990604,191.3,191.8,190.8,191.75,134,1388
990607,192,193.25,192,193.1,299,1289
990608,192.5,193,192.1,192.4,310,909
990609,192.1,192.4,191.6,192.2,494,877
990610,192.35,193.1,191.7,191.7,240,711
990611,191.7,192.85,191.5,191.7,199,459
