890421,47,47.25,47,47.25,4,4
890424,47.1,47.15,46.8,47.15,8,8
890425,47.12,47.12,47.12,47.12,1,8
890426,47.15,47.7,47.15,47.4,12,13
890427,47.4,47.4,47.4,47.4,0,13
890428,47.3,47.45,47.3,47.37,4,9
890501,47.3,47.4,47.3,47.35,1,10
890502,47.5,47.5,47.5,47.5,2,11
890503,47.5,47.5,47.2,47.3,3,14
890504,47.3,47.5,47.25,47.5,9,20
890505,47.5,47.57,47.5,47.57,4,23
890508,47.57,47.57,47.57,47.57,0,23
890509,47.7,47.7,47.7,47.7,0,23
890510,47.8,47.85,47.8,47.8,3,25
890511,47.8,47.8,47.75,47.75,5,26
890512,47.8,47.8,47.6,47.75,2,27
890515,47.85,48.15,47.85,47.95,6,33
890516,48.05,48.05,47.75,47.75,6,37
890517,47.75,47.8,47.7,47.77,5,41
890518,47.77,47.77,47.77,47.77,0,41
890519,47.65,47.65,47.6,47.6,5,41
890522,47.75,47.75,47.55,47.55,8,49
890523,47.7,47.7,47.45,47.7,1,50
890524,47.6,47.6,47.45,47.47,5,55
890525,47.47,47.55,47.45,47.52,8,56
890526,47.4,47.4,47.4,47.4,2,57
890530,47.4,47.4,46.95,47,15,62
890531,46.6,47,46.4,47,11,67
890601,47,47.1,46.75,47.1,11,77
890602,46.92,46.92,46.92,46.92,5,79
890605,47.2,47.45,46.85,47.45,1,80
890606,47.4,47.45,47.15,47.15,11,80
890607,47.35,47.35,47.35,47.35,0,80
890608,47.5,47.5,47.1,47.45,11,85
890609,47.4,47.4,47.15,47.25,5,89
890612,47.15,47.4,47.15,47.4,13,94
890613,47.4,47.4,47.4,47.4,0,94
890614,47.4,47.4,47.25,47.25,10,94
890615,47.35,47.55,47.35,47.45,6,96
890616,47.75,47.75,47.55,47.6,4,98
890619,47.85,48.25,47.8,48.1,33,117
890620,48.2,48.25,48.02,48.05,15,127
890621,48.25,48.5,48.15,48.15,44,146
890622,48.25,48.45,48.05,48.2,18,159
890623,48.47,48.65,48.22,48.22,5,160
890626,48.3,48.7,48.3,48.37,22,167
890627,48.05,48.3,48.02,48.17,39,170
890628,47.95,48.5,47.85,48.2,28,188
890629,48.5,48.5,48.3,48.3,20,200
890630,48.3,48.65,48.27,48.6,23,203
890703,47.1,47.1,47.1,47.1,5,207
890705,47,47.75,46.55,47.62,47,207
890706,47.4,47.45,47,47.35,73,239
890707,47.55,47.55,46.8,47.25,46,238
890710,47.2,47.45,47.05,47.37,7,239
890711,46.95,47.05,46.3,46.55,36,244
890712,46.45,46.65,46.4,46.4,3,243
890713,46.5,46.57,46.15,46.3,34,252
890714,46.55,46.75,46.25,46.4,22,260
890717,46.3,46.35,46.25,46.3,8,255
890718,46.35,46.35,45.75,45.77,27,273
890719,46.15,46.35,45.75,46.27,16,271
890720,46.42,46.6,46.35,46.35,12,276
890721,46.42,46.42,46,46,26,276
890724,46.25,46.25,46,46,5,280
890725,46,46,45.15,45.2,20,285
890726,45.2,45.25,45,45.02,27,295
890727,45.12,45.3,44.9,45.22,36,310
890728,45.15,45.5,44.95,44.95,19,315
890731,44.85,45.17,44.75,44.8,17,318
890801,44.8,44.8,44.4,44.5,32,325
890802,44.25,45.25,44.25,45.17,48,347
890803,45.35,45.5,44.95,45.45,65,354
890804,45.45,45.95,45.3,45.87,101,384
890807,45.75,46,45.75,45.95,67,429
890808,46,46.2,46,46,76,474
890809,46,46,45,45.15,62,502
890810,45,45.35,45,45.25,7,495
890811,45.5,45.7,45.35,45.6,61,490
890814,45.7,45.8,45.27,45.3,25,503
890815,45.27,45.27,44.7,45,13,502
890816,45,45.3,44.8,45.27,35,527
890817,45.45,45.55,44.9,44.92,39,526
890818,45.05,45.4,45.05,45.32,16,519
890821,45.22,45.4,44.95,45.32,17,515
890822,45.2,45.42,45.1,45.3,6,516
890823,45.25,45.45,45.2,45.3,7,518
890824,45.5,45.92,45.45,45.55,57,544
890825,45.5,45.55,45.3,45.45,16,551
890828,45.25,45.35,45.1,45.25,3,550
890829,45.3,46.1,45.2,46,81,571
890830,45.85,45.9,45.65,45.65,61,570
890831,45.45,46.15,45.4,45.87,104,589
890901,45.8,45.85,45.6,45.72,67,608
890905,45.5,45.6,45.3,45.5,104,640
890906,45.45,45.75,45.25,45.7,139,672
890907,45.55,45.95,45.5,45.9,37,686
890908,45.4,45.65,45.35,45.4,24,691
890911,45.2,45.65,45.2,45.55,40,707
890912,45.6,45.7,45.3,45.42,94,741
890913,45.55,45.67,45.3,45.5,292,920
890914,45.6,46.1,45.6,45.82,31,932
890915,45.65,46.35,45.65,46.3,75,978
890918,46.3,46.47,46.2,46.35,125,927
890919,46.35,46.8,46.35,46.55,143,924
890920,46.5,47,46.5,46.97,71,926
890921,46.9,47,46.75,46.87,31,928
890922,46.87,47.25,46.85,47.25,117,965
890925,47.2,47.35,47,47.3,101,1025
890926,47.35,47.35,46.97,47.22,96,1010
890927,47.15,47.15,46.9,47.1,34,1032
890928,47,47.35,46.9,47.27,133,1065
890929,47.27,47.5,47.05,47.4,237,1101
891002,47.45,47.9,47.25,47.72,283,1067
891003,47.75,48.2,47.6,48.17,135,1083
891004,48.05,48.05,47.6,47.9,103,1077
891005,47.75,48.2,47.45,48.15,73,1074
891006,48.15,48.2,47.7,47.95,189,1068
891009,47.95,48,47.7,48,21,1069
891010,47.8,48.05,47.4,47.82,103,1095
891011,47.6,47.75,47.4,47.65,41,1085
891012,47.6,47.75,47.05,47.67,142,1127
891013,47.75,47.85,47.25,47.7,121,1173
891016,47.05,47.35,46.5,47.32,150,1189
891017,47.35,47.65,47,47.55,107,1153
891018,47.45,47.6,47.3,47.42,57,1166
891019,47.45,47.45,47.15,47.25,51,1159
891020,47.2,47.65,47.05,47.57,96,1178
891023,47.5,48,47.42,47.9,189,1222
891024,47.9,47.95,47.5,47.75,97,1236
891025,47.55,47.85,47.45,47.85,80,1238
891026,47.5,47.75,47.25,47.67,96,1250
891027,47.45,47.5,47.2,47.5,92,1256
891030,47.45,47.5,47.3,47.5,55,1247
891031,47.5,47.75,47.45,47.75,116,1276
891101,47.7,48.25,47.6,48.2,304,1309
891102,48.25,48.5,47.6,47.75,363,1413
891103,47.72,48.12,47.55,48.02,78,1435
891106,48,48.6,47.85,48.5,350,1426
891107,48.45,48.85,48.35,48.85,329,1537
891108,48.8,48.85,48.42,48.82,209,1537
891109,48.45,48.75,48.35,48.7,239,1632
891110,48.7,48.8,47.95,48.65,318,1605
891113,48.65,49.15,48.6,49.07,266,1608
891114,49,49.1,48.62,48.87,337,1757
891115,48.7,49.5,48.7,49.42,381,1804
891116,49.35,50.1,49.35,49.7,986,1932
891117,49.7,50.1,49.7,49.97,366,2082
891120,49.75,49.9,49.1,49.47,667,2301
891121,49.3,49.85,49.12,49.82,240,2298
891122,49.7,50,49.5,49.87,415,2352
891124,50,50.32,49.85,50.25,389,2399
891127,50.25,50.67,49.87,50.17,781,2447
891128,49.85,50,49.55,49.77,273,2451
891129,49.5,49.75,48.75,49.2,1193,2610
891130,49.2,49.57,49.15,49.42,414,2628
891201,49.35,49.75,49.25,49.7,246,2725
891204,49.52,49.7,49.15,49.42,154,2726
891205,49.35,49.75,49.35,49.65,334,2733
891206,49.65,49.9,49.35,49.47,402,2819
891207,49.5,49.65,48.65,48.75,479,2904
891208,48.85,48.9,47.8,47.82,1099,3078
891211,48.1,48.2,46.9,47.9,2402,3589
891212,47.9,48.3,47.75,48.2,483,3675
891213,48,48.5,47.75,48.4,415,3697
891214,48.42,48.8,48.4,48.45,470,3661
891215,48.45,48.7,48.2,48.55,305,3705
891218,48.45,49.17,48.45,49.07,581,3634
891219,48.92,49.1,48.8,49.05,436,3681
891220,49.05,49.05,48.52,48.62,363,3838
891221,48.55,48.75,48.2,48.65,347,3861
891222,48.7,48.77,48.3,48.57,132,3838
891226,48.4,49.15,48.3,49.1,324,3870
891227,48.9,49.45,48.9,49.25,498,3953
891228,49.25,49.3,48.65,48.75,573,4115
891229,48.7,48.85,48.52,48.62,378,4172
900102,48.4,48.7,48.25,48.55,711,4097
900103,48.45,49,48.3,48.95,714,4055
900104,50.45,50.45,50.45,50.45,70,4058
900105,51.95,51.95,51.75,51.95,1182,4155
900108,51.6,52.62,51.55,52.47,2225,4330
900109,52.4,52.55,52.1,52.4,1180,4555
900110,52.1,52.82,52.05,52.72,1445,4885
900111,52.7,53.05,52.55,52.85,1248,5098
900112,52.65,53,52.25,52.4,1297,5584
900115,52.15,53.05,52.15,52.65,1391,5789
900116,52.35,52.97,52.3,52.42,1007,5752
900117,52.4,52.85,52.2,52.8,1173,6005
900118,53,53.45,52.85,52.95,1458,5980
900119,53,53.3,52.55,52.95,1267,6284
900122,52.65,53.45,52.6,53.35,1213,6754
900123,53.4,53.62,53.25,53.37,2107,7397
900124,53.05,53.27,52.85,52.92,1151,7471
900125,53.05,53.5,52.75,52.85,1878,7729
900126,52.9,53.15,52.4,52.47,1689,7917
900129,52.47,52.72,52.25,52.57,1596,8439
900130,52.55,53.02,52.55,52.75,1076,8521
900131,52.85,52.97,52.32,52.42,1381,8653
900201,52.35,52.35,51.72,51.85,1969,8649
900202,51.75,52.05,51.65,51.82,1333,8485
900205,52.02,52.47,51.8,51.85,1810,8569
900206,51.9,52.07,51.55,51.67,1423,8641
900207,51.55,52.2,51.5,52.15,1211,8845
900208,52.4,52.6,52.15,52.15,914,8849
900209,52.1,52.15,51.85,51.97,651,8967
900212,51.95,52.5,51.95,52.47,863,9099
900213,52.6,52.9,52.47,52.8,1298,8862
900214,52.95,53.2,52.82,53.12,1333,8834
900215,53.1,53.1,52.62,53,818,8824
900216,52.85,52.85,52.5,52.72,751,8876
900220,52.4,53.32,52.4,53.17,2174,9516
900221,53.15,53.55,53.07,53.5,1845,9654
900222,53.4,54.37,53.27,54.2,4107,10026
900223,54.2,54.75,54.1,54.62,2531,10261
900226,54.65,54.8,54.32,54.7,2093,10503
900227,54.55,54.6,54.02,54.52,2200,10212
900228,54.4,55.1,54.15,54.85,2851,10431
900301,54.8,54.82,54.27,54.55,2256,10526
900302,54.4,54.8,54.3,54.37,1438,10616
900305,54.32,55.1,54,54.45,2906,11278
900306,54.5,55.4,54.35,55.3,3401,12160
900307,55.5,56.1,55.35,56.05,3619,12480
900308,56.05,56.85,55.9,56.67,4387,12889
900309,56.45,56.6,56.2,56.47,2440,13076
900312,56.5,57.27,56.25,56.95,4495,13492
900313,56.85,56.92,56.4,56.57,3867,13600
900314,56.55,56.8,56.25,56.35,3136,13536
900315,56.35,57.02,56.1,56.67,3327,13884
900316,56.85,57.2,56.65,57.02,2865,13982
900319,57.1,57.8,56.77,57.27,3411,14009
900320,57.15,57.55,56.82,57.2,3383,14673
900321,57,57.22,56.65,56.85,3134,15064
900322,56.9,57.6,56.8,57.5,2563,15186
900323,57.5,57.85,57.25,57.77,3392,14963
900326,57.75,57.77,57.3,57.55,2433,14896
900327,57.3,57.3,56.82,57.1,3463,14992
900328,57,57.45,56.8,57.35,3221,15114
900329,57.2,57.4,56.7,56.87,3202,14925
900330,56.8,57.15,56.35,57.02,3662,14528
900402,57.1,58.5,57.1,58.47,6330,14442
900403,58.6,58.92,58.22,58.42,4699,15260
900404,58.4,58.75,58.1,58.4,3980,15026
900405,58.3,58.5,58.12,58.35,3055,14995
900406,58.35,58.75,58.05,58.55,2843,14974
900409,58.5,59.3,58.35,59.17,4301,15378
900410,59.15,59.62,59.15,59.57,3155,15730
900411,59.75,60,59.57,59.9,3604,15701
900412,59.87,60.2,59.5,60.05,2852,15866
900416,59.95,60.3,59.8,59.9,3446,15879
900417,59.6,60.3,59.52,60.05,4371,16705
900418,59.95,60.47,59.82,60.37,4906,17409
900419,60.3,61.67,60.3,61.12,6743,17310
900420,61.15,61.55,60.85,61.2,4745,17719
900423,61.75,62.17,61.52,62.02,4438,17949
900424,62.15,62.25,61.37,61.82,4151,17224
900425,62,62.6,61.9,62.52,4548,17346
900426,62.3,63.25,62.3,63.15,4145,17785
900427,63.15,63.7,62.52,63,5062,17904
900430,62.6,63.27,62.55,63.12,3131,17948
900501,63.45,64.55,63.45,63.85,5560,18021
900502,64.05,64.35,63.4,63.87,4991,17661
900503,63.55,63.9,63.25,63.85,3912,17751
900504,63.65,64.3,63.6,63.97,3072,17562
900507,64.2,64.95,64.05,64.9,3255,17552
900508,65.35,65.45,63.5,63.57,5962,17238
900509,63.45,64.55,63.2,64.42,6671,17006
900510,64.7,65.17,63.2,63.62,6184,15904
900511,63.52,64,62.8,63.65,6043,15660
900514,63.75,64.05,62.85,63.5,4830,15127
900515,63.25,63.75,63.1,63.5,3258,14918
900516,63.9,65,63.75,65,4586,15393
900517,65.3,66.35,65.2,66.1,5324,14729
900518,66.35,66.97,65.9,66.82,4004,13868
900521,66.82,67.15,66.52,67,3541,12244
900522,66.92,67.07,66.52,66.92,3020,12224
900523,66.65,66.65,65.42,65.7,3887,11764
900524,65.75,65.95,65.3,65.85,3323,11196
900525,66.15,66.22,65.75,65.95,2213,10245
900529,66.2,67.45,66.05,67.25,3425,9771
900530,67.25,67.35,66.1,66.45,4138,9637
900531,66.35,66.8,65.35,65.5,4077,9294
900601,65.55,66.4,65.45,65.75,2931,9054
900604,66.05,66.65,65.85,66.25,2597,8830
900605,66.35,66.85,65.87,66.77,2405,8689
900606,66.4,66.5,65.8,66.05,2040,8518
900607,65.8,65.85,64.55,64.82,3600,7097
900608,64.6,64.7,63.52,64.15,2927,6089
900611,63.45,64.7,63.4,64.55,1951,5580
900612,64.5,65,64,64.32,1584,5046
900613,64.5,64.5,63.87,64.17,1096,4734
900614,64.15,64.15,62.67,62.67,1785,3780
900615,62.35,62.35,61.17,61.17,1489,2876
900618,61.35,61.35,60.27,61.27,1829,1786
900619,61,61,60.22,60.47,1537,785
900620,60.45,60.9,59.75,60.5,936,16
