921224,41,41,40.7,40.9,1,1
921228,40.9,40.9,40.9,40.9,0,1
921229,40.9,40.9,40.9,40.9,0,1
921230,40.9,40.9,40.9,40.9,0,1
921231,40.9,40.9,40.9,40.9,0,1
930104,41,41,41,41,0,1
930105,41,41,41,41,0,1
930106,41.2,41.2,41.2,41.2,0,1
930107,41.2,41.2,41.2,41.2,0,1
930108,41.7,41.7,41.5,41.55,1,2
930111,41.72,41.72,41.72,41.72,0,2
930112,41.9,41.92,41.85,41.92,4,4
930113,42.1,42.15,42,42.07,1,5
930114,42.27,42.27,42.15,42.15,1,6
930115,42.2,42.2,42.2,42.2,0,6
930118,42.5,42.5,42.3,42.3,1,7
930119,42.02,42.02,42.02,42.02,1,7
930120,42.05,42.05,42.05,42.05,0,7
930121,42.17,42.17,41.95,41.95,1,8
930122,41.95,41.95,41.95,41.95,2,8
930125,42,42,42,42,0,8
930126,42.05,42.05,42.05,42.05,0,8
930127,42.05,42.05,42.05,42.05,0,8
930128,42.05,42.05,41.95,41.95,1,9
930129,41.95,41.95,41.95,41.95,1,9
930201,42,42,41.92,41.92,1,10
930202,41.97,41.97,41.97,41.97,0,10
930203,41.95,41.95,41.6,41.6,3,12
930204,41.82,41.82,41.65,41.65,3,13
930205,41.65,41.65,41.65,41.65,0,13
930208,41.65,41.65,41.65,41.65,0,13
930209,41.85,41.85,41.75,41.75,2,13
930210,41.9,41.9,41.9,41.9,5,13
930211,42,42,42,42,1,13
930212,42,42,42,42,0,13
930216,42,42,42,42,0,13
930217,42,42,42,42,0,13
930218,42.02,42.02,42.02,42.02,0,13
930219,42.1,42.1,42.05,42.05,2,14
930222,42.25,42.3,42.05,42.05,1,15
930223,42.2,42.2,42.15,42.15,2,17
930224,42.1,42.1,42.1,42.1,2,17
930225,42.15,42.15,42.15,42.15,0,17
930226,42.5,42.5,42.25,42.25,5,20
930301,42.2,42.45,42.1,42.1,6,26
930302,42.45,42.5,42.35,42.4,3,28
930303,42.45,42.45,42.45,42.45,2,28
930304,42.5,42.75,42.5,42.75,4,27
930305,42.95,43.3,42.6,43.2,4,28
930308,43.15,44.1,43.15,44.1,12,31
930309,44.1,44.3,44,44,7,35
930310,43.7,43.7,43.7,43.7,0,35
930311,43.9,43.9,43.8,43.8,1,35
930312,43.75,43.75,43.75,43.75,0,35
930315,43.87,44.45,43.87,44.4,3,37
930316,44.2,44.2,44.2,44.2,0,37
930317,44.15,44.15,44.15,44.15,1,37
930318,44.2,44.65,44.2,44.65,29,45
930319,44.75,44.8,44.72,44.8,7,48
930322,44.5,44.65,44.5,44.65,3,51
930323,44.65,44.65,44.25,44.45,6,50
930324,44.1,44.1,43.82,43.82,2,50
930325,44.15,44.15,44.15,44.15,0,50
930326,44.2,44.2,43.9,44,3,50
930329,43.5,43.5,43.4,43.5,4,50
930330,43.6,43.65,43.6,43.65,6,54
930331,44.25,44.25,44.15,44.2,1,54
930401,44.25,44.25,44.25,44.25,2,54
930402,44.15,44.15,43.55,43.8,7,59
930405,43.9,43.9,43.15,43.4,6,60
930406,44,44,44,44,0,60
930407,43.9,43.9,43.9,43.9,1,59
930408,43.95,44.15,43.85,44.05,4,61
930412,44.25,44.25,44.25,44.25,1,61
930413,44.22,44.25,44.22,44.25,4,62
930414,44.2,44.2,44.1,44.1,5,66
930415,44.1,44.1,44.1,44.1,0,66
930416,43.7,43.7,43.6,43.6,1,67
930419,43.5,43.5,43.15,43.5,2,66
930420,43.45,43.45,43.45,43.45,0,66
930421,43.4,43.4,43.4,43.4,1,66
930422,43.25,43.32,43.25,43.3,5,69
930423,43.02,43.02,42.85,42.9,4,71
930426,42.8,43.25,42.8,42.9,16,76
930427,42.8,43,42.8,43,9,82
930428,42.95,42.95,42.7,42.7,10,82
930429,42.7,42.8,42.7,42.7,3,81
930430,42.5,42.5,42.45,42.45,2,81
930503,42.5,42.7,42.5,42.7,8,88
930504,42.7,43.05,42.7,42.9,6,86
930505,43,43,42.95,42.95,1,86
930506,42.97,43,42.9,42.95,6,91
930507,43.2,43.35,42.9,43.32,3,91
930510,43.5,43.55,42.85,42.85,35,95
930511,43,43,43,43,2,95
930512,43.3,43.35,43.25,43.27,9,103
930513,43.3,43.4,43.1,43.1,3,105
930514,43.35,43.35,43.05,43.05,3,108
930517,43,43.15,42.9,42.97,4,108
930518,42.85,42.85,42.85,42.85,0,108
930519,43,43,43,43,0,108
930520,43.3,43.6,43.15,43.6,15,112
930521,43.5,43.75,43.5,43.6,7,118
930524,43.6,43.6,43.6,43.6,0,118
930525,43.75,43.95,43.75,43.75,2,118
930526,43.62,43.62,43.62,43.62,2,116
930527,43.3,43.35,43,43.35,11,120
930528,43.1,43.1,42.95,43,4,124
930601,43,43.15,42.6,42.6,9,126
930602,42.6,42.6,42.55,42.55,4,129
930603,42.5,42.6,42.35,42.35,8,127
930604,42.3,42.45,42.3,42.4,7,129
930607,42.6,42.6,42.5,42.5,1,130
930608,42.4,42.4,42.3,42.3,7,130
930609,42.3,42.45,42.15,42.2,22,137
930610,42.2,42.2,41.7,41.7,48,163
930611,41.5,41.5,40.25,40.5,34,175
930614,40.5,40.75,40.2,40.2,27,185
930615,40.3,40.3,39.57,39.57,30,206
930616,39.8,40.6,39.6,40.3,141,279
930617,40.55,40.9,40.42,40.5,26,278
930618,40.5,40.55,40.4,40.5,25,276
930621,40.8,41.2,40.55,40.55,38,277
930622,40.65,40.7,40.4,40.4,66,312
930623,40.6,40.6,40.15,40.15,50,332
930624,40.2,40.3,40.17,40.17,43,339
930625,40.17,40.27,40.05,40.05,71,359
930628,40.15,40.15,39.87,39.9,90,418
930629,39.9,40.05,39.85,39.87,86,441
930630,40,40.3,40,40.25,84,457
930701,41.75,41.75,41.75,41.75,13,455
930702,42.1,43.25,42.1,43,382,502
930706,43.3,44.2,43.3,43.9,241,576
930707,43.75,43.9,43.2,43.72,159,600
930708,43.55,43.8,43.45,43.5,62,603
930709,43.5,43.6,43.1,43.3,85,621
930712,43.4,43.47,43.15,43.47,31,620
930713,43.4,43.55,43.4,43.45,24,624
930714,43.3,43.42,43.2,43.4,43,630
930715,43.45,43.8,43.3,43.8,87,655
930716,43.8,44.2,43.8,44.15,74,658
930719,44.4,45.2,44.4,44.9,186,644
930720,44.9,45.17,44.8,44.92,76,651
930721,44.9,45.05,44.7,44.9,52,650
930722,44.9,44.9,44.65,44.85,14,657
930723,44.8,45.25,44.7,45.25,57,670
930726,45.15,45.25,44.42,44.92,95,653
930727,44.8,45.2,44.6,45.2,69,646
930728,44.9,45,44.6,44.95,25,649
930729,44.95,45,44.8,44.92,64,674
930730,44.9,44.95,44.62,44.85,89,675
930802,45,45.37,45,45.1,63,679
930803,45.2,45.3,45.1,45.2,34,679
930804,45.25,45.25,44.9,45.1,40,692
930805,44.9,44.9,44.3,44.7,121,746
930806,44.4,45,44.35,45,83,728
930809,44.9,44.9,43.8,43.87,71,704
930810,43.87,43.9,43,43.2,108,717
930811,43.35,43.7,43.25,43.4,47,712
930812,43.5,44.1,43.4,44.05,32,708
930813,44.05,44.1,43.85,43.9,10,713
930816,43.9,44,43.6,43.8,50,731
930817,43.8,43.8,43.4,43.8,32,738
930818,43.8,44.37,43.72,44.35,28,740
930819,44.35,44.55,44.25,44.32,15,738
930820,44.32,44.42,44.1,44.4,22,733
930823,44.1,44.3,44.1,44.17,12,735
930824,44.17,44.25,44.1,44.15,43,758
930825,44.12,44.12,43.65,43.97,38,781
930826,44.05,44.32,44,44.1,218,746
930827,44.17,44.2,43.9,43.95,95,753
930830,44.12,44.17,43.87,43.95,98,760
930831,44,44.15,43.8,44.05,59,729
930902,44.12,44.32,44.05,44.25,66,786
930903,44.25,44.8,44.25,44.72,129,751
930907,44.57,45.15,44.45,45.05,404,729
930908,44.95,45.85,44.95,45.55,208,763
930909,45.6,45.7,45.35,45.4,55,760
930910,45.6,45.7,45.07,45.15,64,749
930913,45,45.8,44.92,45.62,119,781
930914,45.62,45.87,45.5,45.87,61,795
930915,45.7,45.7,44.95,45.25,241,890
930916,45.2,45.5,45.05,45.5,87,883
930917,45.5,45.95,45.5,45.8,148,929
930920,45.6,45.9,45.4,45.77,155,960
930921,45.7,45.77,45,45.35,232,1032
930922,45.25,45.45,45.05,45.25,90,1002
930923,45.25,45.52,45.02,45.5,81,1023
930924,45.5,45.5,45.3,45.32,62,1038
930927,45.25,45.32,44.75,45.07,361,1018
930928,44.9,45.05,44.8,44.97,108,1027
930929,44.97,45.45,44.97,45.1,109,1038
930930,45.12,45.52,45.1,45.15,211,1122
931001,46.65,46.65,46.65,46.65,35,1144
931004,48.15,48.15,47.7,48.02,498,1307
931005,48,48.1,47.7,47.95,547,1519
931006,47.8,47.9,47.37,47.42,196,1551
931007,47.35,47.57,47.2,47.5,254,1569
931008,47.5,48.1,47.4,47.95,507,1501
931011,47.85,48.2,47.8,48.05,250,1587
931012,48,49.05,47.85,48.95,605,1536
931013,48.9,48.9,48.25,48.32,294,1546
931014,48.07,48.25,47.75,47.8,229,1518
931015,47.8,47.85,47.65,47.77,101,1541
931018,47.7,48.37,47.62,48.15,155,1565
931019,48.22,48.25,47.92,48.07,95,1583
931020,48.27,48.47,47.52,47.55,300,1557
931021,47.5,47.9,47.4,47.85,210,1536
931022,47.95,47.95,47.15,47.4,395,1482
931025,47.37,47.8,47,47.37,205,1476
931026,47.45,47.5,47.12,47.27,217,1529
931027,47.27,47.5,47.15,47.22,382,1578
931028,47.12,47.47,47,47.37,346,1648
931029,47.5,48.25,47.5,48.2,318,1750
931101,48.3,48.35,48.07,48.32,325,1828
931102,48.42,48.42,47.8,47.95,231,1864
931103,47.8,47.85,46.85,46.9,459,1906
931104,46.9,47.1,46.45,46.5,613,2093
931105,46.45,47.07,46.45,46.75,237,2126
931108,46.8,47.27,46.8,47.07,243,2136
931109,47.07,47.37,46.82,47.02,485,2260
931110,46.8,47.45,46.6,47.25,1283,2479
931111,47.2,47.45,47.15,47.37,343,2506
931112,47.4,47.7,47.4,47.62,552,2617
931115,47.9,48.05,47.65,47.7,540,2577
931116,47.55,47.9,47.45,47.52,733,2685
931117,47.4,47.67,47.17,47.5,885,2878
931118,47.37,47.95,47.37,47.75,720,3112
931119,47.85,47.85,47.15,47.52,391,3136
931122,47.57,47.97,47.45,47.97,693,3363
931123,47.9,47.95,47.3,47.37,520,3496
931124,47.35,47.7,47.35,47.6,567,3595
931126,47.8,48,47.62,47.62,391,3654
931129,47.7,47.77,47.37,47.4,435,3706
931130,47.4,47.4,46.7,46.9,1064,3882
931201,46.85,47.5,46.67,47.37,728,4015
931202,47.37,47.37,46.77,46.9,714,3985
931203,46.85,47.2,46.55,46.65,730,4105
931206,46.8,47.1,46.65,46.9,905,4220
931207,46.95,47.12,46.62,47.02,799,4452
931208,47.1,47.32,46.92,47.22,787,4452
931209,47.22,47.22,46.77,47.12,956,4492
931210,47,47.12,46.9,47,1016,4868
931213,47.07,47.2,46.52,46.92,938,4926
931214,46.9,47.25,46.57,46.92,698,4936
931215,46.67,46.75,46.52,46.65,801,4970
931216,46.6,46.6,46,46.37,1078,5214
931217,46.3,46.6,46.25,46.47,856,5306
931220,46.35,46.67,46.25,46.6,751,5221
931221,46.55,46.82,46.5,46.72,677,5255
931222,46.5,46.55,46.2,46.25,778,5254
931223,46.35,46.5,46.3,46.42,394,5330
931227,46.5,46.72,46.4,46.6,318,5360
931228,46.6,46.6,45.92,46.22,788,5451
931229,46.1,46.35,46,46.2,960,5641
931230,46.5,46.8,46.25,46.7,1411,5615
931231,46.6,47,46.6,46.95,478,5708
940103,47,47.1,46.65,47.02,1347,6021
940104,47,47.7,46.85,47.47,1673,6840
940105,47.4,47.65,47.22,47.57,748,6651
940106,47.5,48.37,47.35,48.3,2285,7364
940107,48.4,48.6,48.1,48.47,2921,7620
940110,48.35,48.82,48.2,48.45,2166,7709
940111,48.5,48.87,48.4,48.72,1503,7969
940112,48.72,48.77,48.2,48.52,1925,8402
940113,48.35,48.7,47.97,48.42,2092,8812
940114,48.6,49.27,48.45,49.2,2636,9436
940117,49.8,49.8,49.3,49.52,2651,10125
940118,49.45,49.55,48.82,48.87,2499,10029
940119,48.82,48.9,48.45,48.77,1455,10094
940120,48.7,49.25,48.62,48.77,2632,10658
940121,48.85,49.4,48.85,49.27,1589,10945
940124,49,49.57,48.9,49.37,1757,11089
940125,49.5,50.65,49.5,50.32,7065,12116
940126,50.35,50.65,50.1,50.17,3049,12952
940127,50.12,50.32,49.87,50,2078,13111
940128,50.15,51.5,50.05,50.8,4443,13504
940131,51.1,51.92,50.72,51.7,4859,13471
940201,51.65,51.7,51.07,51.2,4023,13374
940202,51.3,51.85,50.8,51.65,3690,14331
940203,51.1,51.42,50.8,51.02,3174,14682
940204,51,51.3,50.25,50.52,2991,14605
940207,50.55,50.85,50.5,50.72,2488,14878
940208,50.7,50.75,50,50.05,3839,14935
940209,50,50.25,49.5,49.52,3699,14416
940210,49.6,49.72,49.27,49.57,2941,14255
940211,49.57,49.85,49.17,49.5,2730,14043
940214,49.45,49.87,49.35,49.65,2100,14019
940215,50,50.25,49.8,50.17,2391,14193
940216,50.15,50.32,49.9,50.27,2562,14334
940217,50.25,50.27,49.3,49.35,2883,14289
940218,49.25,49.45,48.95,49.32,3369,13805
940222,49.5,50.2,49.4,50.15,1481,13776
940223,49.97,50.2,49.45,49.55,3348,14003
940224,49.45,50.05,49.42,49.9,2766,14443
940225,50.15,50.3,49.77,49.87,1963,14450
940228,49.7,49.7,49.3,49.5,2418,14969
940301,49.2,49.22,48.9,48.97,3661,15057
940302,48.9,48.97,48.12,48.22,6598,13535
940303,48.35,48.55,48.25,48.32,2807,13132
940304,48.5,48.82,48.5,48.67,2054,12179
940307,48.65,48.67,48.3,48.45,2679,11460
940308,48.55,48.95,48.52,48.82,2913,10850
940309,49,49.1,48.42,48.47,2563,10745
940310,48.47,48.6,48.05,48.12,3201,10453
940311,47.7,47.87,46.62,46.65,6123,10405
940314,46.62,47.1,46.6,46.92,3558,10129
940315,47,47.25,46.7,46.75,1882,10164
940316,46.75,47.17,46.72,46.97,2491,9439
940317,46.77,46.85,46.35,46.5,2820,9202
940318,46.4,46.9,46.37,46.85,1894,9074
940321,46.67,47.12,46.6,46.87,1370,9012
940322,46.82,47.05,46.75,46.95,2056,8552
940323,47.1,47.35,46.87,47.27,2423,8114
940324,47.1,47.25,46.95,47.12,1812,7441
940325,47.12,47.4,47.12,47.35,1293,7253
940328,46.85,47.2,46.67,47.12,2534,6494
940329,46.85,47.17,46.55,46.6,3451,5815
940330,46.37,46.42,46.07,46.25,2992,4833
940331,46.7,46.92,46.55,46.65,1766,4460
940404,46.8,46.97,46.62,46.8,1871,3860
940405,46.95,47.1,46.7,46.92,1227,3751
940406,46.55,46.67,46.4,46.47,2408,2565
940407,46.3,46.72,46.1,46.22,1473,2264
940408,46,46.05,45.65,45.75,987,1870
940411,45.65,45.85,45.35,45.4,1024,1457
940412,45.9,46.25,45.85,46.05,963,1533
940413,45.9,46.15,45.35,45.45,957,1192
940414,45.32,45.65,45.02,45.5,652,950
940415,45.17,46.1,45.15,45.97,467,759
940418,46.4,47.15,46.3,46.9,413,642
940419,46.85,46.97,46.4,46.5,245,470
940420,46.4,46.4,45.9,45.97,209,341
940421,45.65,45.95,45.47,45.92,279,185
940422,45.92,47.42,45.85,47.12,204,60
