610526,31.46,31.46,31.22,31.46,13,449
610531,31.04,31.15,31.03,31.04,18,444
610601,30.87,30.94,30.77,30.87,34,440
610602,30.95,31.02,30.9,30.95,24,448
610605,30.67,30.75,30.66,30.67,16,452
610606,30.55,30.78,30.55,30.55,23,451
610607,30.38,30.4,30.15,30.38,56,446
610608,30.52,30.57,30.48,30.52,44,425
610609,30.72,30.75,30.67,30.72,27,433
610612,30.36,30.36,30.36,30.36,16,436
610613,30.42,30.42,30.34,30.42,18,437
610614,30.35,30.35,30.35,30.35,2,439
610615,30.15,30.21,30.05,30.15,15,437
610616,29.89,30.16,29.86,29.89,34,429
610619,29.78,30,29.77,29.78,30,443
610620,30.12,30.12,29.7,30.12,26,453
610621,30.42,30.42,30.28,30.42,21,454
610622,30.45,30.54,30.39,30.45,24,452
610623,30.4,30.4,30.4,30.4,1,437
610626,30.37,30.39,30.31,30.37,3,437
610627,30.45,30.45,30.28,30.45,29,437
610628,30.81,30.85,30.51,30.81,22,445
610629,30.5,30.73,30.5,30.5,13,452
610630,30.41,30.45,30.41,30.41,15,459
610703,29.92,30.08,29.82,29.92,53,460
610705,30.1,30.1,29.92,30.1,9,478
610706,29.88,29.95,29.83,29.88,23,482
610707,30.1,30.1,29.99,30.1,5,493
610710,30.17,30.18,30.08,30.17,15,493
610711,30.24,30.33,30.24,30.24,20,501
610712,30.11,30.12,30.1,30.11,8,508
610713,30.16,30.24,30.04,30.16,13,504
610714,30.16,30.16,30,30.16,3,504
610717,30.32,30.33,30.27,30.32,26,505
610718,30.21,30.23,30.07,30.21,23,511
610719,30.23,30.25,30.1,30.23,35,515
610720,30.43,30.55,30.38,30.43,53,533
610721,30.54,30.65,30.54,30.54,42,557
610724,30.61,30.67,30.58,30.61,14,581
610725,30.37,30.56,30.36,30.37,16,592
610726,30.54,30.62,30.52,30.54,22,593
610727,30.61,30.62,30.54,30.61,30,609
610728,30.67,30.74,30.67,30.67,56,630
610731,30.78,30.9,30.75,30.78,32,641
610801,30.36,30.78,30.36,30.36,73,642
610802,30.4,30.56,30.4,30.4,15,663
610803,30.35,30.35,30.23,30.35,4,671
610804,30.52,30.52,30.45,30.52,20,671
610807,30.76,30.78,30.71,30.76,10,670
610808,30.66,30.72,30.66,30.66,8,686
610809,30.65,30.66,30.6,30.65,14,686
610810,30.55,30.77,30.55,30.55,32,694
610811,30.71,30.76,30.7,30.71,17,707
610814,30.68,30.77,30.65,30.68,29,708
610815,30.64,30.64,30.59,30.64,15,710
610816,30.88,30.9,30.73,30.88,35,711
610817,30.81,30.85,30.72,30.81,43,729
610818,30.78,30.8,30.7,30.78,22,737
610821,31.01,31.02,30.96,31.01,45,751
610822,30.97,31,30.9,30.97,17,777
610823,30.83,30.88,30.83,30.83,22,786
610824,30.71,30.8,30.71,30.71,41,787
610825,30.9,30.94,30.88,30.9,41,810
610828,31.05,31.05,31,31.05,31,809
610829,31.14,31.16,31,31.14,44,806
610830,31.08,31.13,30.96,31.08,27,822
610831,31.18,31.22,31.12,31.18,13,811
610901,31.2,31.25,31.2,31.2,29,814
610905,31.28,31.39,31.27,31.28,32,818
610906,31.15,31.24,31.15,31.15,37,822
610907,30.96,31.07,30.96,30.96,37,806
610908,30.88,31,30.8,30.88,38,808
610911,30.95,30.95,30.85,30.95,9,812
610912,31.1,31.12,31,31.1,23,811
610913,31.14,31.18,31.12,31.14,32,821
610914,31.04,31.12,31.04,31.04,29,822
610915,30.97,31.05,30.91,30.97,30,821
610918,30.75,30.9,30.58,30.75,86,821
610919,30.71,30.73,30.58,30.71,35,808
610920,30.57,30.61,30.41,30.57,26,807
610921,30.52,30.64,30.52,30.52,24,798
610922,30.45,30.5,30.4,30.45,16,796
610925,30.21,30.39,30.21,30.21,53,795
610926,30.04,30.05,29.98,30.04,40,779
610927,30.08,30.2,30.08,30.08,24,789
610928,29.83,30.07,29.83,29.83,53,789
610929,29.7,29.91,29.68,29.7,43,803
611002,29.59,29.6,29.48,29.59,57,801
611003,29.65,29.78,29.65,29.65,26,803
611004,29.99,29.99,29.86,29.99,40,807
611005,30.02,30.2,30,30.02,81,798
611006,29.86,30.02,29.85,29.86,25,803
611009,29.58,29.78,29.58,29.58,20,803
611010,29.68,29.75,29.6,29.68,29,812
611011,29.72,29.83,29.7,29.72,43,818
611012,30.03,30.03,29.85,30.03,41,831
611013,30.2,30.22,30.06,30.2,92,800
611016,30.06,30.06,29.98,30.06,34,802
611017,29.77,29.92,29.76,29.77,43,801
611018,29.77,29.84,29.77,29.77,34,809
611019,29.85,29.89,29.83,29.85,11,814
611020,29.79,29.85,29.77,29.79,12,814
611023,29.6,29.68,29.57,29.6,49,813
611024,29.68,29.7,29.6,29.68,9,808
611025,29.82,29.82,29.71,29.82,51,807
611026,29.9,29.93,29.79,29.9,33,838
611027,29.9,30.02,29.88,29.9,66,844
611030,29.72,29.83,29.7,29.72,28,849
611031,29.67,29.74,29.65,29.67,32,844
611101,29.67,29.72,29.66,29.67,22,850
611102,29.7,29.8,29.7,29.7,42,851
611103,29.72,29.8,29.7,29.72,26,841
611106,29.77,29.77,29.75,29.77,18,837
611108,30.03,30.05,29.85,30.03,73,841
611109,29.88,30.02,29.87,29.88,48,811
611110,29.5,29.64,29.43,29.5,123,819
611113,29.37,29.62,29.33,29.37,88,807
611114,29.28,29.33,29.2,29.28,68,787
611115,29.37,29.47,29.36,29.37,43,779
611116,29.36,29.39,29.3,29.36,59,774
611117,29.45,29.46,29.35,29.45,20,768
611120,29.49,29.5,29.4,29.49,10,762
611121,29.38,29.44,29.35,29.38,32,764
611122,29.48,29.48,29.41,29.48,10,776
611124,29.65,29.65,29.54,29.65,52,780
611127,29.74,29.74,29.62,29.74,43,762
611128,29.65,29.72,29.65,29.65,38,768
611129,29.47,29.57,29.46,29.47,64,784
611130,29.67,29.69,29.45,29.67,104,805
611201,29.68,29.69,29.62,29.68,45,779
611204,29.7,29.7,29.67,29.7,5,782
611205,30.02,30.05,29.75,30.02,123,776
611206,30.2,30.21,29.93,30.2,80,792
611207,30.2,30.3,30.19,30.2,123,779
611208,30.1,30.1,30.02,30.1,63,789
611211,30.5,30.52,30.28,30.5,133,820
611212,30.33,30.66,30.32,30.33,80,829
611213,30.51,30.55,30.33,30.51,71,804
611214,30.4,30.5,30.4,30.4,65,791
611215,30.3,30.32,30.13,30.3,42,798
611218,30.1,30.38,30.1,30.1,47,787
611219,30.2,30.24,30.18,30.2,16,794
611220,30.35,30.4,30.24,30.35,30,796
611221,30.23,30.35,30.23,30.23,16,792
611222,30.23,30.25,30.23,30.23,21,791
611226,30.27,30.27,30.27,30.27,62,798
611227,30.2,30.25,30.2,30.2,27,798
611228,30.12,30.17,30,30.12,105,805
611229,30.21,30.21,30.17,30.21,61,829
620102,30.19,30.2,30.1,30.19,77,821
620103,30.32,30.34,30.18,30.32,38,797
620104,30.44,30.49,30.32,30.44,43,787
620105,30.59,30.62,30.5,30.59,70,782
620108,30.38,30.53,30.35,30.38,81,782
620109,30.39,30.45,30.39,30.39,32,766
620110,30.3,30.41,30.3,30.3,86,756
620111,30.27,30.32,30.27,30.27,12,751
620115,29.95,30.17,29.95,29.95,103,737
620116,29.88,30,29.85,29.88,36,715
620117,30,30,29.9,30,42,698
620118,30.2,30.22,30,30.2,80,688
620119,30.25,30.28,30.19,30.25,18,693
620122,30.3,30.42,30.3,30.3,39,692
620123,30.03,30.09,29.99,30.03,58,691
620124,30.35,30.36,30.15,30.35,56,824
620125,30.34,30.46,30.28,30.34,128,689
620126,30.26,30.33,30.26,30.26,19,721
620129,30.21,30.25,30.15,30.21,14,709
620130,30.3,30.35,30.25,30.3,28,711
620131,30.5,30.52,30.43,30.5,74,715
620201,30.35,30.4,30.28,30.35,52,688
620202,30.31,30.33,30.29,30.31,20,681
620205,30.25,30.28,30.25,30.25,18,679
620206,30.31,30.36,30.31,30.31,49,672
620207,30.31,30.35,30.31,30.31,7,653
620208,30.34,30.34,30.28,30.34,11,651
620209,30.32,30.35,30.26,30.32,29,658
620212,30.3,30.3,30.3,30.3,16,657
620213,30.38,30.45,30.35,30.38,28,652
620214,30.3,30.35,30.29,30.3,51,650
620215,30.23,30.3,30.23,30.23,40,649
620216,30.31,30.31,30.26,30.31,71,654
620219,30.31,30.33,30.25,30.31,65,628
620220,30.4,30.43,30.35,30.4,18,602
620221,30.4,30.49,30.4,30.4,32,600
620223,30.39,30.43,30.34,30.39,55,604
620226,30.48,30.49,30.42,30.48,35,579
620227,30.5,30.54,30.47,30.5,44,552
620228,30.5,30.53,30.5,30.5,8,442
620301,30.59,30.6,30.47,30.59,36,436
620302,30.8,30.84,30.69,30.8,92,408
620305,30.89,30.89,30.83,30.89,33,321
620306,30.79,30.85,30.76,30.79,5,295
620307,30.8,30.8,30.8,30.8,4,282
620308,30.8,30.8,30.8,30.8,2,278
620309,30.83,30.83,30.83,30.83,1,276
620312,30.88,30.91,30.77,30.88,29,276
620313,30.94,30.94,30.91,30.94,20,234
620314,30.94,30.94,30.9,30.94,17,225
620315,30.99,30.99,30.93,30.99,23,213
620316,30.92,31,30.92,30.92,16,204
620319,30.97,30.97,30.88,30.97,6,196
620320,30.95,30.95,30.91,30.95,16,183
620321,30.98,31.05,30.97,30.98,15,162
620322,30.98,31,30.98,30.98,10,145
620323,30.85,30.97,30.84,30.85,16,140
620326,30.87,30.88,30.85,30.87,9,145
620327,30.99,31,30.81,30.99,32,115
620328,30.93,30.95,30.85,30.93,39,78
