670529,41.75,41.75,41.75,41.75,2,0
670531,42.2,42.2,42.2,42.2,1,0
670601,42.25,42.25,42.25,42.25,1,1
670602,41.7,41.7,41.7,41.7,10,2
670605,43.65,43.65,43.45,43.45,7,12
670606,41.85,41.85,41.85,41.85,12,19
670607,41,41,41,41,15,23
670608,41.4,41.4,41.35,41.35,2,29
670609,40.7,40.7,40.5,40.5,5,31
670612,40,40.2,39.85,39.85,9,36
670613,39.8,40,39.7,39.75,7,42
670614,40.3,40.3,39.95,40,8,48
670615,40.15,40.25,40.15,40.15,12,53
670616,40.3,40.3,40.3,40.3,7,58
670619,39.65,40,39.55,39.9,3,60
670620,40,40.2,40,40,13,62
670621,40.3,40.3,40.3,40.3,2,68
670622,40.35,40.35,40.3,40.3,3,68
670623,40.35,40.35,40.35,40.35,4,69
670626,40.25,40.25,40.25,40.25,1,71
670627,40.4,40.4,40.4,40.4,3,72
670628,40.45,40.75,40.4,40.4,6,74
670629,40.25,40.25,40.25,40.25,2,75
670630,40.5,40.75,40.5,40.5,2,77
670705,40.85,40.9,40.85,40.85,4,79
670706,40.8,41,40.8,40.8,4,81
670707,40.25,40.25,40.25,40.25,3,85
670710,40.49,40.49,40.49,40.49,1,86
670711,40.7,40.7,40.7,40.7,1,86
670712,41.8,41.8,41.8,41.8,0,87
670713,42,42,41.8,41.8,4,87
670714,41.6,41.6,41.6,41.6,2,88
670717,42.65,42.65,42.65,42.65,4,86
670718,42.35,42.5,42.35,42.35,3,85
670719,42.5,42.5,42.5,42.5,1,86
670720,42.5,42.6,42.49,42.55,9,85
670721,42.6,42.85,42.5,42.5,4,84
670724,42.7,42.85,42.7,42.8,9,83
670725,42.8,42.85,42.65,42.65,13,86
670726,42.3,42.3,42.15,42.15,12,97
670727,42.35,42.35,42.35,42.35,13,88
670728,42.75,42.85,42.75,42.75,2,100
670731,43.5,43.5,43.5,43.5,0,100
670801,43.9,44,43.9,44,4,100
670802,44.4,44.6,44.4,44.4,2,101
670803,44.2,44.3,43.85,43.85,5,101
670804,43.1,43.1,43,43.1,6,102
670807,43.3,43.3,43.3,43.3,4,108
670808,42.5,42.5,42.5,42.5,1,107
670809,42.25,42.25,42.25,42.25,3,107
670810,42.35,42.35,42.35,42.35,4,108
670811,42.4,42.4,42.4,42.4,0,108
670814,43,43,43,43,0,108
670815,43.2,43.2,43.2,43.2,0,108
670816,43.75,43.75,43.75,43.75,0,108
670817,44.45,44.45,44.45,44.45,0,108
670818,44.6,44.6,44.25,44.6,2,108
670821,44.75,44.75,44.75,44.75,2,108
670822,44.5,44.5,44.25,44.3,6,109
670823,44.4,44.4,44.4,44.4,0,113
670824,43.85,43.85,43.85,43.85,0,113
670825,42.65,42.65,42.65,42.65,3,113
670828,43.5,43.5,43.5,43.5,1,112
670829,43,43,43,43,1,111
670830,43.45,43.45,43.1,43.35,10,111
670831,43.45,43.45,43.45,43.45,13,112
670901,43.8,43.8,43.8,43.8,0,113
670905,43.7,43.75,42.7,42.8,4,113
670906,42.95,42.95,42.95,42.95,1,111
670907,42.85,42.9,42.85,42.85,31,111
670908,42.95,42.95,42.95,42.95,1,126
670911,42.9,42.9,42.9,42.9,4,126
670912,42.8,42.8,42.8,42.8,5,124
670913,43.7,43.7,43.7,43.7,1,127
670914,43.7,43.7,43.7,43.7,0,127
670915,44,44,44,44,0,127
670918,44.25,44.25,44.25,44.25,1,127
670919,44.85,44.95,44.75,44.95,12,126
670920,44.85,44.85,44.65,44.85,56,123
670921,44.65,44.85,44.65,44.85,2,172
670922,45.05,45.05,45.05,45.05,0,173
670925,45.4,45.7,45.4,45.7,4,173
670926,45.8,46.1,45.8,46.1,7,171
670927,46,46,46,46,2,169
670928,46,46,46,46,2,169
670929,45.9,45.9,45.8,45.9,14,170
671002,46.35,47,45,45.4,19,180
671003,45.25,45.25,44.8,45,16,187
671004,45,45,45,45,2,192
671005,44.85,44.85,44.85,44.85,1,191
671006,44.84,45,44.8,44.8,33,191
671009,44.85,44.85,44.85,44.85,0,207
671010,44.91,45,44.75,44.75,5,207
671011,44.75,44.75,44.75,44.75,5,207
671013,44.8,44.8,44.8,44.8,2,209
671016,45,45.15,45,45,4,211
671017,45.05,45.05,45.05,45.05,2,212
671018,45.2,45.2,45.2,45.2,0,212
671019,45.35,45.35,45.35,45.35,1,212
671020,45.75,45.75,45.75,45.75,4,212
671023,47.55,47.55,47.55,47.55,34,212
671024,47.8,47.9,47.5,47.5,54,241
671025,47.75,48.35,47.75,48.25,17,249
671026,49.4,49.4,49.1,49.15,39,253
671027,48.6,49.4,48.6,49.15,29,247
671030,50.25,50.85,49.5,50.7,39,269
671031,51.1,51.6,50.8,51.45,73,293
671101,51.55,51.75,50.25,50.8,48,327
671102,51,51.5,51,51,49,314
671103,51.3,51.75,51.3,51.5,30,309
671106,52.1,53.6,52.1,52.75,35,302
671108,53.85,54.5,53.75,53.75,66,319
671109,54,54.3,53.9,53.9,18,334
671110,53.9,53.9,53.5,53.75,16,347
671113,54.5,54.5,52.5,52.5,39,344
671114,51.9,51.9,50.6,51.1,41,354
671115,51.2,52,51.2,51.4,59,358
671116,52.1,52.6,52,52.35,69,397
671117,52.65,52.7,52.05,52.3,15,444
671120,51.6,52.81,51.6,52,28,443
671121,51.9,51.9,51.4,51.45,19,449
671122,51.45,51.95,51.45,51.75,41,447
671124,52.35,53.73,52.35,53.5,76,459
671127,54.6,54.9,54,54.8,44,490
671128,54.5,54.5,53.3,53.6,53,489
671129,53.4,53.45,52.75,52.9,19,507
671130,51.55,51.75,50.95,50.95,18,512
671201,50.9,51.95,50.9,51.3,18,515
671204,50.3,50.3,49.5,49.7,105,517
671205,50.1,51.5,50.1,50.4,55,497
671206,49.05,49.9,49.05,49.4,106,469
671207,50.5,50.5,49.5,49.5,24,543
671208,50.55,50.55,49.75,50.25,25,539
671211,51.4,51.55,51.25,51.4,14,548
671212,52.3,52.95,51.8,51.9,40,553
671213,51.05,51.25,50.75,50.75,17,546
671214,50.65,51.25,49.9,50.1,28,544
671215,50.85,51.25,50.75,51.25,25,534
671218,52,52.2,51.4,51.5,25,547
671219,50.35,50.35,50,50,82,564
671220,50,50.6,50,50.4,22,601
671221,50.5,50.6,49.3,49.5,21,608
671222,49.25,49.25,49,49.25,42,602
671226,49.25,49.45,49.2,49.2,8,602
671227,49.4,49.5,49.25,49.4,12,600
671228,50,50,50,50,45,611
671229,50.1,50.25,50.1,50.25,80,596
680102,51,51.5,51,51.4,227,556
680103,52.1,52.2,49.9,50.35,58,469
680104,49.85,50.55,49.75,50.55,17,477
680105,50.6,50.6,50,50.15,11,476
680108,50,50,49.9,49.9,6,478
680109,50.25,50.25,48.45,48.75,25,479
680110,49,49.65,49,49.6,28,490
680111,49.9,50.75,49.9,50.55,48,496
680112,50.1,50.1,49.5,49.5,9,469
680115,50.26,51.45,50.26,50.7,110,476
680116,50.9,51.4,50.9,51.4,38,420
680117,51.4,51.5,51.25,51.25,31,428
680118,51.1,51.35,51,51.35,10,430
680119,51.5,52.15,51.5,52,47,436
680122,52.8,52.9,52,52,39,438
680123,51.85,51.9,50,51,68,421
680124,49.66,50.2,49.25,49.25,42,437
680125,49.75,51,49.75,51,43,452
680126,51.7,52,51.3,51.3,25,430
680129,52.4,52.4,51.75,51.9,18,430
680130,51.8,51.95,51.4,51.4,11,431
680131,51.8,52.8,51.8,52.75,34,433
680201,53.65,54,53.3,53.5,31,434
680202,53.1,53.75,52.75,53.6,47,431
680205,53.75,54.25,53.55,53.55,31,424
680206,52.8,52.8,52.25,52.25,40,430
680207,52.25,52.85,52.25,52.6,73,435
680208,52,52.5,51.65,52.5,33,490
680209,52.85,53.5,52.85,52.85,29,498
680213,53.4,54.35,53.4,54.35,213,509
680214,55.1,55.2,54.6,54.6,44,503
680215,55,55.5,55,55.45,21,510
680216,56,56.45,55.75,55.9,73,517
680219,57.5,57.6,56.7,57,26,565
680220,57.5,58,57.5,58,83,559
680221,59.5,60,59.5,60,92,579
680223,61.5,61.5,58,58.85,104,621
680226,60.5,60.75,59.75,60,87,591
680227,60.75,60.75,58.8,58.8,146,632
680228,57.75,59.15,57.75,58.25,87,680
680229,57.25,57.5,56.75,56.75,92,646
680301,57.05,57.6,55.15,55.15,118,713
680304,57.15,57.15,56.15,57.15,179,748
680305,58.6,59,57.5,58.5,133,692
680306,58,58,57.1,57.5,26,648
680307,57.1,57.25,56.25,56.85,41,659
680308,57.15,57.65,57.1,57.65,133,669
680311,56.25,56.5,55.9,55.95,43,706
680312,56.75,56.75,55.25,55.25,34,718
680313,56.25,56.25,55.25,55.75,51,743
680314,57,57.75,56.5,56.5,124,746
680318,55.5,56.1,55.5,56.05,157,759
680319,57.1,57.1,56.1,56.25,19,701
680320,55.65,55.65,55.55,55.65,28,707
680321,55.6,55.7,55.35,55.5,75,707
680322,55.3,55.3,54.85,54.85,78,694
680325,53.85,54.15,53.75,54.05,134,735
680326,53.85,53.85,52.25,52.4,103,813
680327,52.45,52.45,51.55,51.9,116,841
680328,53.25,53.35,52.35,53.25,129,901
680329,53.5,53.75,52.6,52.6,160,965
680401,50.6,51.02,50.6,50.6,115,1018
680402,49.75,50.35,49,49.25,178,1002
680403,48.25,48.25,47.25,47.25,294,1074
680404,47,49,47,48.95,160,1156
680405,49.6,49.7,49.25,49.7,216,1168
680408,49.65,50.1,49.3,49.35,107,1041
680410,49.75,49.75,49,49.15,69,1062
680411,48.95,49,48.75,48.8,27,1089
680415,49.15,49.75,49.15,49.7,72,1081
680416,49.55,49.55,48.5,48.85,88,1102
680417,47.5,47.95,47,47.25,135,1082
680418,46.5,46.85,46.5,46.6,261,1113
680419,46.6,47,46.6,46.9,168,1020
680422,47.65,48.25,47.65,48.25,120,853
680423,48.7,48.7,46.75,46.8,97,847
680424,46.6,46.75,46.15,46.6,95,834
680425,46.35,46.6,45.95,45.95,108,802
680426,45.6,45.6,44.35,44.85,170,754
680429,44.45,44.75,44,44,154,649
680430,44.5,44.9,44,44.3,128,588
680501,44.5,44.7,43.9,43.95,56,593
680502,43.75,43.75,43.3,43.3,65,566
680503,43,43.5,42.5,43.4,140,565
680506,43.75,44,43.2,43.3,43,558
680507,43.4,43.95,43.4,43.95,43,584
680508,44.2,44.35,43.8,43.9,49,592
680509,44.25,44.4,43.9,43.9,27,612
680510,44.25,44.4,44.2,44.25,28,626
680513,44.75,44.75,44.35,44.45,21,625
680514,44.25,44.3,44.05,44.2,38,630
680515,44,44,43.75,44,29,648
680516,44.4,44.6,44.4,44.55,27,640
680517,44.7,44.95,44.7,44.75,72,640
680520,45,45.25,45,45.1,30,645
680521,45.25,45.5,44.75,44.75,39,662
680522,45.1,45.25,44.9,44.9,21,646
680523,44.93,44.98,44.93,44.93,17,643
680524,45.4,46.1,45.4,46,50,645
680527,46.1,46.1,45.75,45.75,17,642
680528,45.25,45.35,45.25,45.35,22,643
680529,44.6,45,44.6,44.8,22,638
680603,45,45.25,43.6,43.6,19,623
680604,43.4,44.25,43.4,44.25,50,623
680605,44.1,44.2,43.9,44.2,9,615
680606,44,44.25,44,44.25,16,614
680607,44.35,44.4,44.35,44.35,3,621
680610,44.6,44.6,44.5,44.6,18,620
680611,45,45,45,45,23,607
680612,45.35,46.2,45.35,46.15,78,595
680613,45.5,46,45.5,45.7,14,637
680614,45.45,45.45,45.2,45.2,9,633
680617,45.15,46.3,45.15,46.3,16,627
680618,46.55,46.65,45.8,45.8,14,624
680619,45.55,45.9,45.2,45.7,21,625
680620,45.95,46.2,45.5,45.5,17,613
680621,45.5,45.65,45.5,45.5,63,611
680624,45.35,45.5,45.35,45.35,35,584
680625,45.6,45.6,45,45,56,556
680626,45,45.1,44.85,44.85,85,527
680627,44.8,45.25,44.8,45.25,43,464
680628,45.1,45.49,45.1,45.35,17,440
680701,44.9,44.9,44.7,44.8,32,399
680702,44.6,44.65,44.5,44.65,29,365
680703,44.5,44.8,44.45,44.8,25,338
680708,44.4,44.5,44.25,44.45,34,336
680709,44.35,44.75,44.35,44.7,26,322
680710,45,45,44.6,44.6,18,302
680711,44.5,44.5,44.4,44.5,27,293
680712,44.4,44.45,44.4,44.4,16,254
680715,44.6,44.6,44.5,44.5,16,245
680716,44.5,44.55,44.5,44.55,23,242
680717,44.3,44.5,44.3,44.35,39,199
680718,44.35,44.4,44.35,44.4,24,164
680719,44.3,44.45,44.3,44.4,39,139
680722,43.6,44.15,43.5,43.9,55,117
