690528,52.9,52.9,52.9,52.9,1,0
690529,53,53,53,53,1,1
690602,54.25,54.35,54.25,54.35,6,2
690603,55,55.25,55,55.05,22,6
690604,54,54,54,54,1,21
690605,53.4,53.4,53.4,53.4,1,21
690606,52.65,52.8,52.65,52.65,2,21
690609,53.25,53.5,53.25,53.5,10,22
690610,52.85,52.85,52.85,52.85,6,20
690611,53.75,53.9,53.75,53.75,15,25
690612,53.4,53.4,53.25,53.25,4,34
690613,52.65,52.95,52.65,52.85,7,31
690616,53.25,53.25,53.25,53.25,4,41
690617,54.1,54.1,54.1,54.1,1,42
690618,52.6,52.6,52.6,52.6,0,42
690619,52.25,52.25,52.25,52.25,0,42
690620,51.8,51.8,51.8,51.8,2,42
690623,51.95,51.95,51.95,51.95,0,42
690624,52.15,52.2,52,52,4,42
690625,50.85,50.85,50.85,50.85,0,47
690626,50.69,50.95,50.69,50.85,11,46
690627,51.1,51.2,51.1,51.2,4,50
690630,53,53,53,53,1,50
690701,52.15,52.2,52.15,52.2,11,51
690702,52.9,52.9,52.9,52.9,6,60
690703,53.35,53.9,53.35,53.9,11,56
690707,54,54.25,53.9,53.9,15,63
690708,53.4,53.7,53.35,53.7,6,66
690709,54.3,54.3,54.3,54.3,3,68
690710,54.1,54.1,53.75,53.75,202,68
690711,53.4,53.41,53.2,53.4,220,265
690714,53.2,53.2,53.2,53.2,1,356
690715,53.4,53.4,53.4,53.4,2,356
690716,54.1,54.1,54.1,54.1,1,356
690717,53.75,53.8,53.75,53.8,3,355
690718,54,54.5,54,54.5,31,355
690722,54.35,54.35,54.15,54.35,14,381
690723,54.1,54.1,53.7,53.95,24,389
690724,54,54.5,53.9,54.5,14,396
690725,54.45,54.5,54.45,54.5,7,407
690728,55,55.5,55,55.5,27,410
690729,55.8,56.9,55.7,56.9,45,423
690730,56.3,56.3,56,56.1,30,431
690731,56.55,56.65,55.95,56.5,9,444
690801,55.8,55.8,55.8,55.8,0,444
690804,56.95,57.75,56.95,57.5,307,442
690805,57.25,57.25,56.65,56.85,9,441
690806,57.1,57.15,56.85,57.15,11,444
690807,56.95,56.95,56.95,56.95,3,443
690808,56.7,57.9,56.7,57.6,7,442
690811,58.2,58.25,58.2,58.25,7,443
690812,59,60.2,59,60,28,447
690813,60.75,61.7,60.25,60.3,28,465
690814,59.65,59.9,59.65,59.65,7,468
690815,60,60,59.8,60,4,466
690818,59.2,59.2,58.95,59.1,15,463
690819,58.8,59,58.8,58.8,7,465
690820,58.6,58.9,58.6,58.85,11,465
690821,59.85,60.35,59.85,60.3,7,463
690822,59.6,59.75,59.35,59.35,7,462
690825,60.25,60.45,59.6,59.6,10,459
690826,59.8,59.8,59.25,59.4,20,460
690827,58.7,59.3,58.55,59.3,16,458
690828,59.3,60.05,59.3,60.05,18,450
690829,60.95,62,60.95,61.5,39,448
690902,62.4,63,62.4,62.6,13,466
690903,63.1,63.2,62.5,62.5,26,460
690904,62.55,62.55,62.55,62.55,15,462
690905,62.75,62.75,62.75,62.75,7,463
690908,62.3,62.49,62.3,62.49,26,468
690909,61.95,62.15,61.95,62.1,32,467
690910,61.7,61.75,61.05,61.3,28,483
690911,60.3,60.4,59.3,59.45,11,480
690912,60.3,60.3,59.4,60.3,17,483
690915,60.8,61.1,60.5,60.5,5,481
690916,59.55,59.55,59.55,59.55,27,478
690917,58.45,58.65,58.4,58.65,18,497
690918,59.15,59.35,59.15,59.35,116,507
690919,59.85,59.85,59.8,59.8,9,607
690922,59.05,59.05,59.05,59.05,0,602
690923,59.7,59.8,59.7,59.7,15,602
690924,59.4,59.4,59.4,59.4,4,608
690925,61,61.11,61,61.05,17,609
690926,61,61.1,60.5,60.75,9,616
690929,60.65,60.75,60.65,60.75,14,614
690930,60.55,62.5,60.55,62,49,622
691001,62,62.75,62,62.35,33,629
691002,62.2,62.9,61.3,61.3,20,634
691003,61.35,62.25,61.35,61.35,36,628
691006,61.5,61.95,61.5,61.85,16,632
691007,61.65,61.8,61.25,61.25,5,644
691008,61.05,61.05,60.8,60.95,22,646
691009,60.7,60.8,60.7,60.8,20,639
691010,61.6,62,61.6,62,36,659
691014,62.1,62.1,61.45,61.45,230,662
691015,60.4,60.4,59.8,60.25,18,662
691016,59.7,59.9,59.5,59.9,28,667
691017,60.25,60.8,60.2,60.75,20,680
691020,60.8,60.9,60,60.25,57,691
691021,60.3,61.15,59.9,61,52,702
691022,60.35,61.2,60.35,61.2,66,742
691023,61.2,63,61.2,62.75,41,799
691024,62.8,62.8,61.95,62.3,222,779
691027,62,62.1,62,62.1,16,779
691028,61.95,62,61.95,61.95,13,793
691029,62.1,62.1,61.4,61.5,62,800
691030,61.25,61.25,61,61.25,9,847
691031,61.45,61.9,61.45,61.8,20,851
691103,62.5,62.75,62.1,62.35,38,854
691105,63.35,63.6,62.95,63.4,166,872
691106,63.25,63.7,63.25,63.3,24,851
691107,63.35,63.4,62.85,63.05,29,883
691110,63.3,63.3,63.3,63.3,0,896
691112,64.75,65.3,64.75,65.3,54,896
691113,65.2,65.8,65.2,65.45,41,903
691114,65.1,65.5,64.9,64.9,73,890
691117,65.15,65.5,65.15,65.5,23,892
691118,65.25,65.25,64.65,64.65,19,886
691119,64.8,65,64.7,64.9,38,899
691120,65.75,65.75,65.75,65.75,1,912
691121,66.15,67.25,66.15,67.2,16,912
691124,67.5,67.5,67.15,67.15,11,913
691125,66.95,67,66.95,66.95,9,895
691126,66.7,66.75,66.7,66.75,7,899
691128,67.4,67.4,67.35,67.4,16,897
691201,68.35,69.15,68.35,69,10,896
691202,69.15,69.2,68.25,68.35,29,886
691203,69.05,69.25,69.05,69.25,27,876
691204,69.5,69.6,68.85,69,20,876
691205,69.35,69.75,69.35,69.65,21,875
691208,69.7,69.95,69.4,69.5,30,874
691209,68.9,68.9,67.5,67.5,53,868
691210,65.5,66.05,65.5,65.5,60,896
691211,66.25,66.25,65.8,66.2,20,913
691212,65.6,65.7,65.25,65.6,14,909
691215,64.75,64.8,64.75,64.8,18,915
691216,66.25,67.8,66.2,67.35,27,916
691217,67.3,67.3,66.75,66.85,33,905
691218,66.85,66.85,66.5,66.65,41,899
691219,66.25,66.25,66.25,66.25,20,910
691222,66.5,67.35,66.5,67.25,17,906
691223,67.15,68.2,66.95,68.1,28,899
691224,68,69.1,68,68.6,23,891
691229,68.65,69.05,68.5,68.5,36,883
691230,69.4,69.4,69.4,69.4,7,903
691231,69.2,69.6,69.2,69.5,58,903
700105,69.2,69.5,69,69,93,929
700106,68.5,69,68,68.2,23,932
700107,68.25,68.25,67.55,68.05,45,936
700108,68.05,68.25,67.8,67.95,244,924
700109,68.15,68.65,68.15,68.65,7,928
700112,66.9,66.9,66.65,66.65,238,928
700113,66.85,67.55,66.85,67.55,125,922
700114,67.05,67.05,65.7,65.9,152,823
700115,65.25,65.5,64.5,64.9,147,732
700116,64.95,65,64.2,65,44,628
700119,65,65,64.4,64.45,72,656
700120,63.85,64.55,63.85,64.5,46,662
700121,64.9,65.5,64.75,65.45,54,669
700122,64.75,65.35,64.75,64.75,33,669
700123,64.3,64.55,64.3,64.55,25,692
700126,64.75,64.75,64.25,64.35,39,690
700127,64.1,65.15,63.75,65,40,711
700128,65.2,66.3,65.2,66.3,49,706
700129,65.85,65.85,65.45,65.75,39,712
700130,66.25,66.4,66,66.2,67,720
700202,66.2,66.2,65.45,66.05,12,750
700203,66.05,67.4,66.05,67.1,23,728
700204,66.8,67.4,66.8,66.8,49,715
700205,66.75,67.15,66.75,66.95,16,719
700206,67.45,68.25,67.35,68.25,66,715
700209,67.8,67.95,67.6,67.85,40,728
700210,67.3,67.45,66.85,67.15,41,724
700211,67.3,68.15,67.3,68.1,119,723
700213,68.3,69,68.3,68.85,55,804
700216,68.9,68.9,68.35,68.5,20,812
700217,67.75,67.75,66.95,67.1,93,821
700218,67.2,67.3,66.3,66.35,75,831
700219,67,67.2,66.95,67,27,850
700220,67.2,67.25,66.85,67,41,852
700224,66.45,66.7,66.35,66.7,71,872
700225,67.7,68.2,67.6,67.6,82,895
700226,67.85,69.6,67.8,69.6,125,885
700227,69.55,71.6,69.55,71.15,247,900
700302,70.95,71.1,70.45,70.9,136,883
700303,70.3,70.6,70.1,70.4,91,848
700304,71.1,71.3,70.7,70.7,59,880
700305,70.7,70.95,70.35,70.95,50,868
700306,70.65,70.8,70.35,70.4,47,883
700309,70.45,70.45,69.05,69.05,212,891
700310,69.35,69.75,69.15,69.7,99,926
700311,70.35,71.7,70.35,71.7,163,933
700312,71.8,71.9,71.1,71.25,92,910
700313,71.7,72.75,71.7,72.2,138,932
700316,72.15,72.15,71.65,71.85,116,948
700317,72.1,72.5,71.65,72.1,165,973
700318,71.4,71.5,70.95,71.45,135,981
700319,71,71.9,71,71.9,182,1005
700320,71.8,72.1,71.45,71.65,125,1064
700323,71.4,71.65,71.4,71.55,194,1092
700324,70.75,70.85,70.4,70.65,237,1011
700325,71.3,72.65,71.3,72.6,331,1004
700326,72.5,73,72.25,72.3,131,1023
700330,72.4,72.75,71.9,71.95,95,1047
700331,71.65,72.15,71.3,71.45,160,1078
700401,71.85,73.15,71.85,73.05,286,1113
700402,72.75,72.75,72.25,72.45,176,1122
700403,72.45,73.6,72.45,73.2,347,1184
700406,73.5,74.1,73.3,74,179,1148
700407,74.05,74.45,73.75,74.4,178,1179
700408,74.3,74.45,73.9,74.1,230,1222
700409,73.5,73.7,73.3,73.65,160,1237
700410,73.5,74.25,73.25,73.95,173,1248
700413,73.65,74.1,73.55,74,150,1250
700414,74.4,74.6,74.15,74.3,174,1280
700415,73.95,74.45,73.9,74.3,196,1280
700416,74.5,74.5,73.5,73.65,179,1302
700417,73,73.4,72.85,73.05,349,1304
700420,73.3,73.3,73.05,73.1,123,1351
700421,73,73.3,72.35,72.55,252,1370
700422,72.4,73.2,72.05,72.35,459,1423
700423,72.45,73.2,72.4,72.9,285,1449
700424,72.6,73.5,72.6,73.3,275,1504
700427,73.05,73.15,71.4,71.45,411,1498
700428,70.75,71.9,70.35,71.8,520,1548
700429,71.1,71.95,70.9,71.75,366,1626
700430,71.75,73,71.75,73,396,1617
700501,72.75,73,72.25,72.7,338,1610
700504,72.5,72.8,72.05,72.05,136,1657
700505,71.35,71.95,71.05,71.45,297,1662
700506,72.1,72.45,71.7,72.05,303,1683
700507,71.8,72.2,71.65,71.9,135,1645
700508,72,72.25,71.95,72.05,101,1636
700511,71.9,71.9,70.55,70.75,381,1636
700512,70.3,71.55,70.25,71.05,362,1758
700513,70,70.2,69.6,69.75,461,1721
700514,69.35,70,69.35,69.8,292,1909
700515,70.1,70.5,69.9,70.1,371,1919
700518,69.7,69.7,68.65,68.95,361,1921
700519,68.75,69.3,68.65,69.2,348,2022
700520,68,68.4,67.8,67.95,322,1948
700521,67.45,67.6,66.9,67,394,1951
700522,67.15,67.7,67.15,67.25,328,1960
700525,67.1,67.1,65.8,65.8,482,1992
700526,64.6,65.95,64.25,65.4,721,1873
700527,66,67,65.85,67,512,1896
700528,67.55,67.9,66.35,66.45,453,1807
700601,66.3,66.5,65.45,65.8,291,1804
700602,65.25,65.9,65.25,65.65,306,1716
700603,65.6,67.35,65.55,67.35,377,1701
700604,66.9,66.9,66.3,66.55,198,1656
700605,66,66.1,65.5,66,315,1624
700608,65.8,65.8,65.3,65.6,205,1622
700609,65.95,66.45,65.9,66.25,139,1591
700610,66.55,66.55,64.55,64.6,226,1574
700611,64.65,65,63.25,63.9,374,1591
700612,64.4,65.05,63.8,64.95,346,1576
700615,64.35,64.75,64.1,64.7,174,1579
700616,64.85,66.25,64.15,66.05,372,1556
700617,65.7,68.05,65.4,66.6,532,1531
700618,66.1,66.5,65.85,66.35,241,1362
700619,65.95,66.75,65.9,66.15,175,1311
700622,65.4,65.6,65.05,65.25,122,1257
700623,65.5,65.55,64.5,64.75,220,1253
700624,64.25,64.8,63.4,64.55,256,1187
700625,64.15,64.5,64,64.05,137,1129
700626,63.9,64.25,63.8,64,182,1118
700629,63.2,63.65,62.8,62.95,216,1037
700630,62.7,63.05,62.4,62.85,263,928
700701,63.35,64.1,63.25,63.8,195,766
700702,63.6,63.7,63.15,63.15,142,671
700706,62.65,62.9,62,62,105,612
700707,61.9,62.5,61.85,62.15,59,575
700708,62.05,62.35,61.6,61.65,58,543
700709,61.5,61.6,61.3,61.6,87,533
700710,61.35,62.2,61.3,62,85,497
700713,61.8,62.4,61.7,62.4,145,478
700714,62,62.1,61.1,61.1,62,405
700715,60.7,61.2,60.45,60.7,45,372
700716,60.9,61.45,60.9,61.05,28,336
700717,60.85,61.35,60.8,60.8,58,316
700720,61,61.75,61,61,80,282
