700527,61.1,61.1,61.1,61.1,2,0
700528,62.1,62.1,61.5,61.5,12,1
700601,60.75,60.85,60.75,60.75,4,12
700602,60.35,60.75,60.35,60.75,9,13
700603,61,61,61,61,3,24
700604,61.85,61.85,61.8,61.8,2,26
700605,61.1,61.1,61.1,61.1,3,27
700608,60.9,60.9,60.9,60.9,1,30
700609,61.5,61.5,61.5,61.5,1,31
700610,61.85,61.85,60.9,60.9,8,32
700611,60.4,60.6,59.5,60.4,52,41
700612,61,61,60.6,61,12,76
700615,60.9,60.9,60.9,60.9,1,89
700616,61.55,62,61.55,62,10,87
700617,61.9,63,61.9,62.5,9,85
700618,62.1,62.2,62.1,62.1,11,82
700619,61.55,61.9,61.55,61.7,5,80
700622,61,61,61,61,2,80
700623,60.8,60.8,60.7,60.7,5,77
700624,60.35,60.35,60.15,60.35,16,77
700625,60.15,60.15,60.15,60.15,0,90
700626,60.2,60.2,60.15,60.15,8,90
700629,59.75,59.75,59.35,59.35,26,83
700630,59.1,59.2,58.5,58.7,29,114
700701,59,59,59,59,23,137
700702,58.9,58.9,58.75,58.75,11,153
700706,58.35,58.4,57.9,58.1,20,164
700707,58.3,58.38,58.3,58.35,7,177
700708,58.15,58.15,58.05,58.15,38,181
700709,58.15,58.15,58,58.15,27,217
700710,58.9,58.9,58.9,58.9,0,234
700713,58.85,59.5,58.85,59.5,4,234
700714,58.7,58.7,58.5,58.5,2,233
700715,58,58.25,58,58.2,17,233
700716,58.55,58.55,58.55,58.55,0,240
700717,58.6,58.6,58.6,58.6,0,239
700720,59.12,59.25,59.12,59.12,4,239
700721,59.75,60,59.75,60,11,238
700722,60.5,60.65,60.5,60.5,27,242
700723,60.75,60.85,60.65,60.7,26,252
700724,60.1,60.15,60,60,35,274
700727,60,60,60,60,47,307
700728,61.4,61.85,61.35,61.85,27,342
700729,61.35,61.35,61.15,61.35,67,355
700730,61,61.4,61,61,21,401
700731,60.8,60.9,60.35,60.35,55,407
700803,60.15,60.2,60,60.05,40,361
700804,59.6,59.9,59.35,59.9,34,362
700805,59.5,59.55,59,59,62,357
700806,58.7,58.7,58.55,58.7,41,372
700807,59.25,59.45,58.95,59.15,8,362
700810,58.85,58.85,58,58,5,362
700811,57.9,58,57.9,58,4,365
700812,57.6,57.6,57.35,57.35,6,366
700813,57.3,57.3,57.2,57.3,7,366
700814,57.4,57.8,57.4,57.7,5,370
700817,57.85,58.25,57.85,58.25,12,372
700818,58.15,58.65,57.35,57.4,31,379
700819,56.95,56.95,56.9,56.9,9,380
700820,56.95,57,56.95,56.95,13,377
700821,56.7,56.75,56.65,56.65,9,782
700824,56.45,56.6,56.35,56.35,4,770
700825,56.8,57.25,56.8,57.25,17,784
700826,57,57.5,56.9,57.4,35,766
700827,57.45,57.9,57.35,57.75,23,790
700828,57.75,57.75,57.75,57.75,32,804
700831,58.2,58.3,58.2,58.2,3,833
700901,57.65,58,57.6,57.8,26,824
700902,58.1,58.1,58.1,58.1,2,834
700903,58,58,57.9,58,3,830
700904,57.3,57.3,56.5,56.55,5,823
700908,57.35,57.35,56.95,57.35,16,818
700909,57.6,58,57.5,57.7,15,827
700910,57.4,57.5,57.25,57.5,22,832
700911,57.5,57.55,57.35,57.55,15,837
700914,57.15,57.15,57.15,57.15,13,836
700915,56.8,56.85,56.8,56.85,20,849
700916,57.5,57.75,57.5,57.75,3,850
700917,57.95,57.95,57.95,57.95,1,849
700918,58,58,58,58,19,850
700921,58.4,58.5,58.3,58.5,7,859
700922,58.4,58.4,57.55,57.55,33,856
700923,57.35,57.95,57.35,57.9,40,850
700924,57.4,57.4,56.85,56.85,72,865
700925,56.85,57.25,56.5,56.55,45,882
700928,57,57.8,57,57.8,29,895
700929,57.45,58,57.45,57.5,18,903
700930,56.9,57.1,56.5,57.1,39,902
701001,57.2,57.2,57.2,57.2,1,890
701002,56.95,56.95,56.4,56.4,51,894
701005,56,56,55.5,55.5,26,897
701006,55.75,55.9,54.9,55,26,910
701007,55.2,55.35,54.25,54.4,85,913
701008,54.7,55.5,54.7,55.4,30,920
701009,54.9,54.95,54.9,54.9,11,915
701013,54,54,53.5,53.6,42,911
701014,53.35,53.7,53.35,53.45,14,911
701015,53.8,53.85,53.35,53.6,4,916
701016,53.25,53.25,52.7,52.7,29,915
701019,52.1,52.2,51.65,52.1,44,924
701020,51.5,52,51.05,51.05,62,936
701021,51.6,51.85,51.1,51.55,108,930
701022,52.4,53.5,52,53.1,58,959
701023,52.6,52.7,52,52,31,973
701026,51.5,51.5,50.95,51.05,55,970
701027,50.9,50.9,50.45,50.9,36,998
701028,51.1,51.25,51,51.15,5,984
701029,51.55,51.75,51.55,51.55,58,985
701030,51.25,51.75,51.25,51.75,9,1016
701102,52.4,53.4,52.4,53.2,58,1016
701104,52.55,52.6,52.5,52.5,4,1017
701105,51.45,51.45,51.2,51.4,30,1022
701106,51.6,51.85,51.6,51.7,24,1031
701109,52.1,53.1,52.1,52.7,29,1016
701110,52.7,52.7,52.25,52.25,5,1022
701112,51.65,51.65,50.75,50.8,58,1016
701113,50.7,50.7,50.4,50.7,25,1006
701116,50.95,50.95,50.05,50.1,64,1021
701117,49.55,49.65,49.15,49.3,34,1027
701118,49.65,49.9,49.4,49.7,132,1033
701119,49.55,49.7,49.45,49.7,49,1067
701120,49.6,50,49.6,49.7,26,1109
701123,50.2,50.75,50.1,50.6,12,1105
701124,50.45,50.45,49,49,24,1111
701125,49.3,49.6,49.1,49.6,20,1098
701127,49.65,49.9,49.65,49.65,6,1099
701130,50.05,50.15,49.2,49.55,30,1085
701201,48.45,48.95,48.35,48.9,23,1081
701202,48.4,48.7,47.7,48,22,1072
701203,47.95,48.1,47.8,48.1,22,1067
701204,47.95,48,47.6,47.65,26,1071
701207,47.2,47.35,47.1,47.3,11,1068
701208,47.45,47.65,47.45,47.55,75,1077
701209,47.95,48.2,47.65,47.65,33,1067
701210,48,48.4,48,48.4,12,1066
701211,49.2,49.2,48.65,49.05,25,1069
701214,48.75,48.8,48.75,48.8,5,1064
701215,48.15,48.3,48.15,48.3,5,1067
701216,48.05,49.5,48.05,49.5,147,1067
701217,49.35,49.35,48.75,48.8,33,1028
701218,49.05,49.35,49,49.15,24,1038
701221,48.6,48.6,48.25,48.6,15,1036
701222,48.25,48.25,48.25,48.25,28,1034
701223,49.15,49.85,49.15,49.6,27,1015
701224,49.75,49.75,48.7,48.85,73,1011
701228,48.45,48.55,48.4,48.55,59,1072
701229,48.2,48.2,47.75,47.85,78,1031
701230,47.55,47.95,47.55,47.8,29,1021
701231,48,48.05,47.65,47.65,22,1027
710104,47.9,47.9,47.9,47.9,13,1020
710105,47.75,47.75,47.25,47.35,67,1019
710106,46.9,46.95,46.25,46.25,275,1035
710107,45.9,46.35,45.9,46.2,99,993
710108,46.3,46.45,46.25,46.25,29,956
710111,45.6,45.75,45.4,45.4,129,936
710112,45.75,46.25,45.75,46.2,35,922
710113,46.05,46.5,46,46,69,917
710114,46.15,46.3,45.95,46.2,26,924
710115,45.75,45.85,45.6,45.6,38,929
710118,45.35,45.95,45.2,45.55,27,928
710119,45.75,46.05,45.75,46,26,927
710120,46.05,46.15,45.5,45.65,33,913
710121,45.2,45.5,45,45.25,49,923
710122,45.15,45.5,45.15,45.5,21,915
710125,45.7,46.45,45.7,46.45,36,916
710126,46.4,46.4,46,46.1,12,927
710127,46.1,47,46.1,46.6,40,930
710128,46.35,47.65,46.35,47.6,105,936
710129,48,48.2,47.35,48.1,82,1001
710201,48.1,48.45,47.55,47.55,84,1137
710202,47.15,47.45,47.15,47.4,93,1179
710203,47.35,47.35,46.95,47,54,1185
710204,46.7,47.15,46.6,47.1,32,1218
710205,47.25,47.4,47.25,47.25,30,1233
710208,46.85,46.9,46.75,46.75,52,1194
710209,46.85,47.1,46.85,46.95,51,1218
710210,46.9,46.9,46.2,46.85,39,1246
710211,46.75,47.25,46.75,46.9,24,1247
710216,47.35,48.6,47.3,48.45,176,1258
710217,48.15,48.6,47.95,48.35,170,1359
710218,48.3,48.4,47.9,48.1,105,1409
710219,48,48.1,47.7,47.8,176,1453
710222,48,48.5,48,48.45,102,1466
710223,48.8,48.85,48.5,48.75,117,1502
710224,48.8,48.9,48.35,48.35,135,1578
710225,48.1,48.4,47.95,48.3,156,1633
710226,48.55,48.7,48.5,48.6,156,1700
710301,49.1,49.3,48.95,49.25,124,1784
710302,49.2,49.25,48.85,49.25,149,1826
710303,49.4,49.55,49.35,49.5,96,1852
710304,49.75,49.8,49.55,49.6,109,1868
710305,49.6,50.2,49.6,50.2,215,1889
710308,50.95,51.5,50.9,51.4,295,1914
710309,51.1,51.9,51.1,51.8,207,2003
710310,51.55,51.8,50.9,51,385,2036
710311,50.5,51.15,50.5,51,247,2090
710312,51.5,52.55,51.3,52,439,2199
710315,53,53.3,52.6,52.7,334,2359
710316,53.7,54.7,53.5,54.65,571,2446
710317,54.5,54.5,53.5,54.05,439,2663
710318,55.6,56,54.7,54.8,343,2692
710319,55,55.2,54.55,55.05,386,2743
710322,54.5,54.5,53.7,54.1,525,2621
710323,53.6,55,53.35,54.9,496,2476
710324,55.4,55.7,54.25,54.35,720,2734
710325,54.7,54.8,53.9,54.3,559,2941
710326,54.5,54.95,54.4,54.55,304,3013
710329,56,56.55,55.75,56.55,685,2961
710330,57.2,57.25,56.8,57.25,501,2933
710331,56.9,57.85,56.65,57.55,720,2950
710401,58.2,58.2,57.25,57.35,877,3064
710402,57.75,59.25,57.75,59.2,733,3091
710405,58.5,58.75,57.2,58.05,759,3139
710406,58.25,58.5,57.8,58.35,516,3028
710407,57.6,58,57.2,58,614,3044
710408,58.45,59.2,58.05,58.65,410,2997
710412,58.55,58.55,57.6,57.6,386,3098
710413,57.5,57.5,56.25,56.25,876,3013
710414,56.55,57.2,56.05,56.05,743,2864
710415,56.5,56.9,55.7,55.85,681,2906
710416,56.4,57.3,56.35,57.25,813,2879
710419,57.6,58.1,57.3,57.35,430,2949
710420,57.1,57.8,56.7,57.6,583,2844
710421,58.2,58.35,57.7,57.85,625,2981
710422,58.25,58.45,58.05,58.25,434,2960
710423,57.65,57.9,56.75,57.3,874,3043
710426,56.75,56.75,55.55,56.1,908,2961
710427,55.2,55.25,54.2,54.2,1156,2940
710428,53.8,54.7,53.8,54.6,768,2972
710429,54,54.1,53.15,53.5,945,3088
710430,53.15,54.45,52.1,54.1,964,3175
710503,53.9,54.45,53.65,53.8,369,3194
710504,53,53.25,52.55,52.6,687,3286
710505,53.2,53.8,53,53,523,3278
710506,52.6,52.7,52.2,52.65,313,3202
710507,52.85,53.2,52.75,53.05,210,3256
710510,52.3,52.7,52.15,52.15,271,3256
710511,51.65,51.85,50.4,50.5,584,3277
710512,50.35,51,50.3,50.9,561,3345
710513,51.6,51.75,50.5,50.5,607,3360
710514,51.25,51.25,50.8,51.05,322,3382
710517,51.45,51.9,51.2,51.85,317,3363
710518,52.15,52.25,51.5,51.55,602,3389
710519,51.05,51.25,50.65,50.8,353,3362
710520,51.15,51.75,50.95,51.4,283,3461
710521,51.1,51.25,50.6,50.65,314,3452
710524,50.5,50.5,49,49.2,694,3539
710525,49.2,49.55,48.3,48.8,519,3433
710526,49.15,49.45,48.85,49.25,283,3390
710527,48.7,49,48.45,48.5,248,3320
710528,48,48.7,47.9,48.15,544,3312
710601,47.35,47.6,46.85,47.6,411,3242
710602,47.25,47.35,47.05,47.15,196,3150
710603,47.25,47.55,46.65,46.65,337,3041
710604,46.75,47,46.5,46.55,157,3046
710607,47.2,48.4,47.2,48.35,382,3009
710608,49.65,50.35,49.3,50.3,631,2863
710609,50.6,52,49.8,51.7,494,2649
710610,50.95,51.5,50.6,51.35,263,2423
710611,51.65,52.15,51.3,52.1,359,2298
710614,52.85,53,52.15,52.3,216,2138
710615,51.3,51.7,50.7,50.75,211,2029
710616,50.95,51.3,50.3,51.25,303,1954
710617,50.8,51.6,50.6,51.4,87,1942
710618,51,51,49.7,49.7,186,1917
710621,49.3,49.7,49.1,49.3,59,1819
710622,49.6,50.3,49.55,50.2,149,1753
710623,50.6,50.95,50.35,50.5,208,1734
710624,50.1,50.1,49.55,49.55,104,1487
710625,49.9,50.1,49.7,49.85,173,1430
710628,48.25,48.6,47.9,47.9,320,1278
710629,47.5,48.15,46.6,46.95,284,1010
710630,47.25,47.85,47.25,47.45,94,623
710701,51.4,51.7,51,51.2,301,548
710702,51.4,51.9,51.4,51.75,111,628
710706,51.45,52.15,51.25,52.1,77,567
710707,51.7,53,51.7,52.85,133,539
710708,53.3,54.25,53.3,54.25,125,468
710709,55.65,56.6,55.5,56.5,102,399
710712,57.25,57.35,54,54.6,87,321
710713,53.35,54.05,53.2,53.8,67,307
710714,54.9,54.9,54.4,54.4,14,343
710715,53.2,53.35,52.75,52.75,25,225
710716,52.8,52.85,52.5,52.7,118,207
710719,50.25,50.25,49.85,49.85,44,201
710720,49.6,49.85,48.25,48.25,49,139
