721030,51.5,51.5,51.5,51.5,0,0
721031,51.7,51.9,51.7,51.85,53,0
721101,51.85,51.95,51.8,51.8,6,42
721102,51.85,51.87,51.55,51.55,6,45
721103,51.4,51.4,51.15,51.15,1,46
721106,51.1,51.1,51.1,51.1,2,47
721108,51,51,50.3,50.3,4,52
721109,50.5,50.5,50.05,50.05,18,61
721110,50.15,50.25,50.1,50.25,18,67
721113,50.1,50.35,50.1,50.35,68,94
721114,50.55,50.75,50.55,50.55,121,115
721115,50.65,50.75,50.65,50.7,54,147
721116,50.6,50.6,50.25,50.25,60,185
721117,50.05,50.1,49.9,50.1,41,213
721120,50.05,50.15,50.05,50.15,39,250
721121,50.4,50.4,50.15,50.35,16,257
721122,50.3,50.75,50.3,50.75,68,325
721124,50.9,50.9,50.85,50.85,18,331
721127,50.95,50.95,50.45,50.5,52,354
721128,50.55,50.55,50.45,50.45,25,351
721129,50.65,50.7,50.55,50.55,10,360
721130,50.85,51.55,50.8,51.55,82,407
721201,51.55,51.6,51.5,51.55,55,465
721204,51.35,51.35,51.15,51.15,2,457
721205,51.05,51.2,50.95,51.2,31,469
721206,51.45,51.45,51.15,51.15,11,473
721207,51.2,51.2,50.95,50.95,4,473
721208,51.2,51.6,51.2,51.5,24,489
721211,51.85,52.35,51.85,52.35,15,502
721212,52.4,52.45,52,52,23,523
721213,52,52.15,51.6,51.6,22,533
721214,51.85,51.85,50.75,51.8,80,548
721215,52.05,52.15,51.1,51.8,72,556
721218,51.8,51.8,50.95,51.2,18,570
721219,51.35,51.5,51.35,51.5,20,549
721220,51.75,51.9,51.6,51.6,2,566
721221,52.25,52.25,52.1,52.1,15,575
721222,52.7,52.7,52.55,52.55,32,594
721226,53,53.25,52.75,53.2,27,612
721227,52.95,52.95,52.8,52.9,18,626
721229,53.5,53.5,53.2,53.2,83,602
730102,52.9,53.2,52.9,53.2,56,614
730103,53.1,53.5,53.05,53.35,37,625
730104,53.85,53.95,53.7,53.95,22,626
730105,53.8,53.85,53.8,53.85,53,653
730108,54.2,54.45,54.2,54.4,54,721
730109,54.55,54.85,54.5,54.85,39,727
730110,55.15,55.15,54.85,55,213,818
730111,55.4,55.5,55.1,55.25,139,961
730112,55.2,55.25,54.7,54.7,150,1104
730115,54.8,55.1,54.7,54.7,125,1145
730116,54.7,54.75,54.3,54.75,45,1180
730117,54.55,54.55,54.15,54.3,49,1205
730118,54.25,55,54.05,54.9,70,1214
730119,55.45,55.65,55.25,55.6,132,1311
730122,53.75,56,53.75,55.7,42,1365
730123,55.9,55.9,55.15,55.25,214,1498
730124,54.95,55.75,54.95,55.75,42,1457
730126,56.15,56.35,56.1,56.2,59,1533
730129,55.9,56,55.4,55.45,40,1534
730130,55.35,55.85,55.25,55.5,38,1537
730131,55.9,56.65,55.9,56.65,95,1563
730201,56.95,56.95,56.6,56.95,50,1524
730202,56.75,56.85,56.3,56.5,52,1604
730205,56.2,57.06,56.1,56.85,95,1641
730206,57.3,57.4,56.95,56.95,79,1685
730207,56.65,57,56.4,56.5,102,1752
730208,56.7,56.9,56.5,56.5,109,1805
730209,56.5,56.6,55.95,56.4,288,1829
730213,57.9,57.9,57.5,57.9,216,1870
730214,58.4,59,58.35,58.9,129,1912
730215,58.45,59.25,58.15,58.25,343,1958
730216,58.15,58.65,57.8,58.65,150,1963
730220,58.6,59.1,58.55,58.65,90,2020
730221,59.55,59.6,59.2,59.55,93,2011
730222,61.55,61.55,60.8,61.5,304,2094
730223,61.45,61.45,60.5,60.75,454,2296
730226,61.2,62.25,61,62.2,227,2332
730227,62.75,63.5,62.7,63.2,157,2347
730228,64.6,65.2,64.1,65.2,572,2720
730301,67.1,67.2,66.85,67.2,265,2854
730302,67.2,68.8,65.2,65.2,720,3313
730305,63.5,64.8,63.2,63.2,341,3611
730306,63.3,65,63.3,64.7,490,3566
730307,66.4,66.45,65.55,66,351,3567
730308,66.4,67,64,65.9,347,3662
730309,64.7,65.1,64.6,64.9,170,3621
730312,65.1,65.35,63.7,63.7,236,3566
730313,62.9,62.9,61.7,62.3,564,3562
730314,61.35,64,61.3,63.8,322,3320
730315,61.8,63.6,61.8,62.7,240,3292
730316,62.7,63.8,62.65,63.8,89,3401
730319,64.75,65.1,64.5,64.8,233,3417
730320,64.7,65.8,64.1,65.1,298,3548
730321,65.45,65.7,64.8,64.9,450,3761
730322,64.3,64.85,63.65,64.35,184,3794
730323,65,65,64.3,64.4,107,3846
730326,64.8,65.05,63.4,63.45,156,3854
730327,63.55,63.55,62.15,62.15,313,4040
730328,62.6,63.45,62.5,63.2,147,4052
730329,63.6,63.85,62.8,63.1,627,4125
730330,63.15,63.2,62.6,63.2,316,4154
730402,63.3,65.2,63.3,65.2,265,4195
730403,65.2,65.4,64.65,65.15,330,4190
730404,66.05,66.9,66.05,66.65,323,4247
730405,67.6,67.6,66.8,66.8,232,4212
730406,66.8,67.7,66.35,67.5,363,4132
730409,67.2,68,66.65,66.65,239,4172
730410,66.4,66.5,65.5,65.5,276,4082
730411,65.6,66.3,65.5,66.3,109,4081
730412,66.5,66.6,65.85,66.15,173,4082
730413,65.6,66.2,65.6,66.05,190,4046
730416,65.1,65.5,64.8,65,426,3841
730417,66.3,66.55,66.05,66.55,261,3900
730418,67.25,67.9,66.85,67.9,171,3970
730419,67.9,68.7,67.5,67.5,270,4036
730423,67.8,68.25,67.8,68.2,177,4065
730424,68.25,68.25,66.6,67,244,4107
730425,66.6,67.15,66.25,67.15,314,4216
730426,67.3,67.7,66.9,67,299,4068
730427,66.8,67.3,66.65,66.9,214,4012
730430,66.05,66.6,65,65.2,328,3983
730501,65.45,65.65,63.9,64.4,558,3992
730502,64.6,65.25,64.25,65.25,197,3975
730503,65.4,66.75,64.7,66.75,1329,3924
730504,66.5,66.65,65.2,65.35,288,3850
730507,63.6,64.35,63.35,63.4,338,3732
730508,62.6,63.75,62.5,62.95,561,3738
730509,63.65,64.9,63.65,64.9,463,3593
730510,65.1,65.5,64.1,64.15,351,3609
730511,63.15,64.5,63.05,64,291,3670
730514,63.5,64.9,63.45,64.9,310,3620
730515,66.9,66.9,65.95,66.75,739,3563
730516,66.25,66.8,65.4,65.4,524,3717
730517,66.5,67.35,66.15,66.35,282,3825
730518,66.65,66.9,66.35,66.8,190,3885
730521,68.4,68.75,67.7,68.75,782,3943
730522,68.5,70.7,68.1,70.7,989,4221
730523,69.8,70.4,69.2,69.25,679,4212
730524,68.45,69,67.7,68.1,586,4200
730525,68.9,69.95,68.7,69.75,391,4216
730529,69.6,71.5,68.75,68.8,667,4285
730530,69.6,69.8,68.5,69.05,490,4352
730531,68.8,69.45,68.25,69.4,401,4275
730601,69.9,70.3,69.5,69.5,309,4302
730604,71.25,71.5,70.7,71.5,651,4307
730605,73.4,73.4,72.7,72.7,618,4307
730606,71.6,72.75,71.1,71.4,548,4262
730607,72,72.9,71.5,72.6,478,4335
730608,73.7,74.1,73.4,74.05,576,4516
730611,73.95,74.65,72.65,73.7,748,4558
730612,73.65,74.35,72.7,72.75,510,4679
730613,71.4,72.3,71.2,71.4,586,4600
730614,72.7,72.75,69.4,70.5,1047,4558
730615,71.4,71.8,70.9,71.7,402,4554
730618,72.2,72.25,70.75,71.5,504,4513
730619,71,71.35,70.5,70.8,336,4553
730620,71.45,71.95,71.4,71.85,343,4570
730621,72.4,73.85,72.25,73.8,819,4678
730622,73.45,74.1,73.15,73.25,656,4776
730625,74.6,75.25,74.25,75.2,627,4974
730626,75.6,76.25,75.25,75.45,617,4750
730627,75,75.6,74.4,75.6,643,4806
730628,75.6,76.1,73.8,74.25,856,4538
730629,75.3,76.15,75.3,76,654,4578
730702,75.45,75.95,75.1,75.6,710,4468
730703,76.2,77.1,76,76.9,415,4765
730705,76.6,77.55,76.05,77.2,663,4960
730706,78,78,77.05,77.15,776,4898
730709,78.75,78.75,77.1,77.75,667,4892
730710,79.75,79.75,79.75,79.75,226,4810
730711,80.25,81.75,79.25,81.5,1160,4772
730712,83.5,83.5,82.8,83.45,1090,4705
730713,82.9,83.65,81.7,82,981,4612
730716,81.3,81.85,81,81.45,627,4660
730717,83.45,83.45,83.45,83.45,153,4682
730718,84.95,85.35,84,85.2,839,4670
730719,84.15,86.25,84,84.7,1217,4723
730720,84.4,86.7,84.25,86.7,1145,4927
730723,88,88.7,87.2,88.7,515,4873
730724,88.8,90.4,87.2,88.1,1186,4912
730725,86.1,86.1,86.1,86.1,158,4867
730726,84.1,86.1,84.1,84.1,1126,5046
730727,83.5,83.9,82.1,82.1,727,4849
730730,80.1,80.1,80.1,80.1,179,4874
730731,78.6,82.1,78.55,82.1,1250,5119
730801,84.1,84.1,84.1,84.1,193,5084
730802,85.8,86.1,83.8,86.1,1234,4863
730803,86.25,87.95,86,87.35,1263,4890
730806,87,88.75,86.15,87.55,1264,4991
730807,86.5,88.7,85.55,85.55,2155,5275
730808,86.5,86.5,83.55,83.8,1620,5285
730809,82.1,83.5,81.9,83.15,1538,5400
730810,83.9,85.15,83.9,85.15,1438,5505
730813,85.65,87.35,82.15,82.4,2548,6002
730814,83.5,83.95,79.6,81,2355,5851
730815,80.5,83.45,79.75,83.25,2126,6184
730816,83.1,85,81.5,81.6,2404,5968
730817,81.6,82.1,80.35,80.6,1417,6109
730820,82.1,82.95,81.9,82.95,893,5933
730821,82.7,82.8,80,80.25,1622,6150
730822,79.8,79.8,77.25,77.25,2094,5773
730823,74.25,76.9,74.25,75,3526,6039
730824,77.5,77.75,76.5,77.75,1924,5383
730827,77.9,78.75,76.5,78,934,5422
730828,77.1,77.4,75.3,76,1326,5407
730829,74.55,77.15,74.2,76.6,1688,5580
730830,77.5,79.5,77.25,78.85,2030,5402
730831,79.4,81.55,79,81.4,2115,5358
730904,79,79.65,78.4,78.4,711,5787
730905,76.4,77.9,76,77,1372,5452
730906,76.4,77.25,75.15,76,1433,5801
730907,77,78.05,75.95,77.4,1021,5744
730910,77.6,77.9,74.55,75.4,1420,6023
730911,76,78.4,72.6,78.25,2306,5705
730912,78.6,78.7,76.25,76.9,1664,6231
730913,79.9,79.9,79.25,79.9,974,6130
730914,81.75,82.9,81.5,82.9,1740,5678
730917,82.25,82.6,81.5,82.15,1307,5690
730918,80.5,80.8,80.1,80.25,924,5749
730919,79,80.2,78.75,79.1,1800,5727
730920,79.75,80.75,79.25,80.7,1135,5581
730921,79.95,81.4,79.7,81.3,1553,5729
730924,81.1,81.8,78.3,78.3,1477,5762
730925,78.5,78.75,77,78.5,1360,5662
730926,78.5,78.7,77.65,78.45,784,5547
730927,77.2,81.45,76.5,79.3,1517,5823
730928,79.7,81,79.15,80.9,1092,5845
731001,80.15,80.5,79.5,79.65,688,5869
731002,79.65,82.45,79.4,82.4,1583,6147
731003,84,84.4,83.2,83.95,1709,6198
731004,84.2,84.5,82.8,83.6,1105,6188
731005,83.85,85.9,83.45,85.7,1457,6180
731009,87.7,88.7,87.25,88.5,1389,5858
731010,88.25,89,85.6,86,1481,5787
731011,86.7,88.5,85,86.7,1084,5858
731012,89,89.25,88.05,89.1,1091,5911
731015,89.6,89.85,87.8,89.1,990,5950
731016,88.8,91.75,88.15,91.75,1229,6076
731017,91.25,92.25,89.6,90.3,1207,5986
731018,90.25,92.4,90.25,91.3,1477,5934
731019,90.75,91.45,89.7,90.3,1149,5750
731023,90.45,91.7,90.3,91.55,896,5733
731024,91.6,91.85,90.5,90.7,1007,5744
731025,91.35,91.7,89,89.65,1680,5561
731026,89,89.95,88.7,89.9,906,5601
731029,88.5,88.9,87.9,88.55,1094,5586
731030,88.5,90.35,88.1,90.15,1294,5559
731031,89.9,92.7,89.65,92.5,1840,5851
731101,93,93.95,91.95,93.4,1365,5706
731102,92.8,93.45,92.65,93.3,1013,5650
731105,92.6,94.5,92.2,94.1,1566,5566
731107,94.85,95.3,93.5,93.6,1414,5187
731108,95.25,95.75,94.55,95.6,1131,5225
731109,96.3,96.75,96,96.5,673,5061
731112,96,96.1,94.9,95.35,1123,4722
731113,95.4,96.75,95.25,95.9,764,4707
731114,97.15,98.9,96.8,98.9,1267,4500
731115,98.55,100.35,98.55,99.25,931,4122
731116,98.8,100.15,98.5,99.85,869,3966
731119,101.9,102.85,101.5,102.85,525,3776
731120,102.1,105.85,102,105.85,486,3243
731121,103,107.5,102.85,102.85,738,2541
731123,100.25,100.25,99.85,99.85,112,2448
731126,96.85,97,96.85,96.85,175,2262
731127,97.9,98,95.5,98,220,2041
731128,99.7,101,99.7,101,46,1956
731129,104.5,106,104.5,105.1,106,1856
731130,105.05,105.5,104,104.2,177,1734
731203,105.5,105.5,104.5,105,63,1692
731204,105.5,107.5,105.5,107,273,1443
731205,109.8,109.9,102,102,139,1314
731206,102,102.5,102,102.5,5,1310
731207,101,103,101,103,42,1231
731210,103.5,104.1,103.25,104.1,58,1172
731211,104.75,104.75,103.25,103.75,111,1081
731212,102,102.25,102,102.25,30,1048
731213,100,100.5,98.5,98.5,134,913
731214,93,93.5,91,92.5,113,808
731217,93,94.6,93,94.6,43,792
731218,96.1,96.1,93.25,94,60,737
731219,94.1,96,93,95.5,44,665
731220,95.5,98.75,94.5,98.75,195,476
