720531,51.8,51.8,51.8,51.8,49,0
720601,52.4,52.4,52.4,52.4,0,0
720602,52.1,52.1,52.1,52.1,0,0
720605,51.7,51.7,51.7,51.7,0,0
720606,51.95,51.95,51.95,51.95,12,0
720607,52.3,52.3,52.3,52.3,0,59
720608,51.9,51.9,51.9,51.9,1,59
720609,51.6,51.6,51.6,51.6,16,60
720612,51.65,51.65,51.65,51.65,9,83
720613,52.1,52.1,52.1,52.1,1,83
720614,52.55,52.55,52.55,52.55,1,84
720615,52.05,52.05,52.05,52.05,51,85
720616,52,52,52,52,0,135
720619,51.9,51.9,51.9,51.9,8,135
720620,51.55,51.55,51.55,51.55,0,135
720621,51,51,50.9,50.9,4,135
720622,51,51,51,51,2,138
720623,50.8,50.85,50.6,50.6,11,139
720626,50.75,50.8,50.5,50.5,87,145
720627,49.75,49.95,49.75,49.9,14,230
720628,49.85,49.85,49.85,49.85,2,242
720629,50.15,50.15,50.15,50.15,0,244
720630,50.3,50.3,50.3,50.3,2,244
720705,49.9,49.9,49.9,49.9,2,246
720706,50.65,50.65,50.65,50.65,88,246
720707,51.2,51.3,51.2,51.3,2,295
720710,51.35,51.35,51.2,51.25,2,295
720711,51,51,51,51,1,296
720712,51.15,51.15,51.15,51.15,3,297
720713,51.65,51.95,51.65,51.65,2,296
720714,51.5,51.7,51.5,51.55,4,297
720717,51.7,51.7,51.7,51.7,1,295
720718,51,51,50.75,50.75,18,298
720719,50.5,50.8,50.35,50.8,29,313
720720,50.9,50.9,50.9,50.9,1,341
720721,50.45,50.5,50.25,50.25,16,342
720724,50.4,50.4,50.4,50.4,1,353
720725,51,51,51,51,28,353
720726,50.8,50.8,50.75,50.75,3,373
720727,50.7,50.8,50.6,50.7,12,374
720728,51.05,51.15,51.05,51.15,18,379
720731,51.3,51.3,51.3,51.3,6,382
720801,51.05,51.05,50.95,51.05,3,384
720802,50.8,50.8,50.75,50.75,8,384
720803,50.65,50.65,50.5,50.5,5,386
720804,50.5,50.5,50.5,50.5,5,391
720807,50.85,51,50.85,51,2,391
720808,51.4,51.5,51.35,51.35,26,390
720809,51.2,51.2,51.2,51.2,0,389
720810,51.4,51.45,51.3,51.35,12,383
720811,51.1,51.1,51.1,51.1,4,382
720814,50.8,50.85,50.75,50.85,19,386
720815,51.35,51.35,51.2,51.25,28,402
720816,50.95,50.95,50.95,50.95,0,406
720817,51.2,51.2,51.2,51.2,0,406
720818,51.4,51.5,51.4,51.4,9,406
720821,51.45,52.65,51.4,52.6,29,411
720822,52.95,53,52.55,52.9,116,446
720823,52.8,52.9,52.6,52.6,20,482
720824,52.65,53.2,52.6,52.9,47,519
720825,53.2,53.55,53.2,53.2,59,556
720828,53.6,53.75,53.55,53.55,56,563
720829,53.5,53.5,53.15,53.15,17,570
720830,53,53.8,53,53.8,10,601
720831,54.1,54.15,53.8,53.85,71,587
720901,53.75,53.95,53.75,53.8,27,598
720905,54.35,54.4,54.1,54.1,3,605
720906,53.8,53.8,53.45,53.45,55,642
720907,53.2,53.7,53.2,53.6,37,655
720908,53.65,53.65,52.65,52.65,120,724
720911,52.8,52.8,52.1,52.1,92,783
720912,51.9,52.15,51.65,51.65,90,861
720913,51.95,52.1,51.75,51.75,15,864
720914,51.6,51.95,51.6,51.95,0,864
720915,51.75,51.75,51,51.2,91,930
720918,50.9,50.9,49.2,50,164,957
720919,50.4,50.55,50.25,50.55,57,964
720920,50.7,51.05,50.7,51.05,6,964
720921,50.9,51,50.9,50.9,10,962
720922,51,51.4,51,51.15,11,969
720925,50.75,50.75,50.4,50.4,111,1074
720926,50.8,50.85,50.8,50.85,1,1071
720927,50.65,50.75,50.65,50.75,7,1078
720928,50.6,51.1,50.6,51.1,61,1125
720929,50.55,50.65,50.15,50.45,17,1129
721002,50.05,50.2,50,50.1,14,1132
721003,50.25,50.3,50.25,50.25,216,1317
721004,50.5,50.5,50.5,50.5,0,1317
721005,50.7,50.7,50.1,50.15,23,1325
721006,49.85,50.55,49.85,50.55,7,1355
721010,50.2,50.4,50.2,50.3,16,1351
721011,49.9,50.15,49.8,49.8,40,1360
721012,49.8,50.15,49.6,49.65,21,1370
721013,49.8,50.05,49.75,50.05,25,1382
721016,50.15,50.75,50.15,50.75,16,1381
721017,50.55,51.15,50.55,51.05,46,1395
721018,51.6,52,51.55,51.75,151,1400
721019,51.7,51.8,51.25,51.25,192,1451
721020,51.35,51.35,50.95,51.05,8,1454
721024,51.45,51.45,50.4,50.4,14,1407
721025,50.1,50.2,50,50.05,44,1457
721026,50,50.4,49.9,50.25,52,1438
721027,50.05,50.1,49.85,49.95,52,1503
721030,49.9,50.1,49.8,50.1,116,1533
721031,50.2,50.45,50.2,50.35,25,1529
721101,50.45,50.5,50.3,50.3,21,1537
721102,50.5,50.5,50.05,50.05,23,1545
721103,49.95,50.15,49.65,49.65,84,1584
721106,49.3,49.6,49.3,49.45,69,1591
721108,49.5,49.6,48.75,48.8,142,1588
721109,48.9,48.95,48.5,48.55,73,1550
721110,48.55,48.85,48.55,48.75,40,1537
721113,48.55,48.85,48.55,48.85,37,1550
721114,49.1,49.2,48.95,49.05,132,1539
721115,49.05,49.25,49.05,49.2,42,1560
721116,49.15,49.2,48.75,48.75,146,1587
721117,48.5,48.85,48.35,48.6,297,1658
721120,48.65,48.65,48.5,48.6,237,1627
721121,48.8,48.95,48.7,48.8,102,1673
721122,48.85,49.2,48.8,49.2,232,1788
721124,49.35,49.6,49.3,49.3,115,1797
721127,49.4,49.4,48.95,49,58,1762
721128,49,49.05,48.85,48.9,153,1872
721129,49.2,49.2,49,49.05,122,1927
721130,49.4,50.2,49.3,50.05,384,2216
721201,50.05,50.45,49.95,50.05,257,2312
721204,50.05,50.05,49.4,49.65,231,2375
721205,49.5,49.9,49.35,49.75,136,2428
721206,49.95,50.05,49.7,49.7,117,2504
721207,49.8,49.8,49.5,49.5,96,2551
721208,49.75,50.15,49.75,50.05,218,2739
721211,50.4,50.9,50.4,50.8,385,3037
721212,50.95,51.1,50.55,50.55,294,3224
721213,50.55,50.7,50.1,50.15,280,3393
721214,50.35,50.4,50.2,50.3,133,3702
721215,50.55,50.65,50.2,50.3,130,3587
721218,50.3,50.3,49.55,49.7,212,3593
721219,49.95,50.1,49.95,50,78,3618
721220,50.3,50.3,50.05,50.1,76,3660
721221,50.5,50.5,49.8,49.9,139,3702
721222,51.2,51.2,51,51,194,3782
721226,51.4,51.65,51.2,51.6,142,3821
721227,51.55,51.65,51.25,51.3,143,3864
721229,51.8,51.85,51.65,51.65,177,3892
730102,51.35,51.65,51.25,51.6,135,3981
730103,51.5,51.9,51.45,51.75,307,4084
730104,52.2,52.4,52.05,52.4,229,4055
730105,52.35,52.4,52.2,52.35,160,4163
730108,52.65,52.9,52.6,52.9,213,4261
730109,53.25,53.4,52.95,53.35,235,4363
730110,53.65,53.8,53.4,53.7,340,4516
730111,54.05,54.2,53.85,54.05,241,4478
730112,54,54.05,53.55,53.65,389,4496
730115,53.75,54.05,53.55,53.6,331,4606
730116,53.6,54.4,53.2,53.7,217,4586
730117,53.6,53.7,53.1,53.25,278,4729
730118,53.2,53.95,52.95,53.85,339,4958
730119,54.4,54.7,54.25,54.6,456,5100
730122,54.75,55.1,54.45,54.7,476,5274
730123,55.05,55.05,54.2,54.25,488,5239
730124,54.05,54.75,54,54.75,347,5212
730126,55.15,55.4,54.75,55.2,336,5299
730129,54.8,55,54.35,54.4,307,5329
730130,54.3,54.8,54.2,54.3,1169,5540
730131,54.8,55.5,54.75,55.5,382,5898
730201,55.85,56,55.55,56,281,5937
730202,55.75,56,55.55,55.7,324,5990
730205,55.2,56.5,55.2,56.1,411,6134
730206,56.6,56.75,56.25,56.3,403,6195
730207,56,56.45,55.8,55.9,438,6259
730208,56.3,56.6,56.15,56.2,407,6274
730209,56.35,56.4,55.7,56,596,6357
730213,57.4,57.5,56.9,57.5,634,6448
730214,58,58.8,57.95,58.6,1386,6412
730215,58.05,58.9,57.65,57.95,858,6500
730216,57.95,58.3,57.5,58.3,534,6524
730220,58.1,58.65,58.1,58.2,434,6533
730221,58.85,59.05,58.65,59,394,6580
730222,61,61,60.15,61,1086,7164
730223,61.1,61.1,60,60.2,1311,7155
730226,60.7,61.7,60.4,61.6,623,7250
730227,62.1,62.95,62.1,62.6,827,7477
730228,64.05,64.6,64.05,64.6,655,7538
730301,66.6,66.6,66.6,66.6,162,7432
730302,66.6,68.6,64.6,64.6,1448,7475
730305,65.6,65.6,62.6,63.5,945,7238
730306,64,65.5,64,65.5,599,7289
730307,67,67.5,66.7,67.3,490,7338
730308,69,69,65.3,67.6,833,7131
730309,66,66.65,66,66.4,424,7127
730312,66.8,66.85,65.15,65.3,706,7033
730313,64.65,64.65,63.5,63.9,798,6848
730314,62.6,65.2,62.6,65.2,1031,6860
730315,63.2,64.85,63.2,64.1,870,6767
730316,64.8,65.25,63.1,65.2,629,7007
730319,66.4,66.55,66.1,66.4,592,6993
730320,66.45,67.65,65.3,66.8,868,7066
730321,67.15,67.5,66.85,67.15,801,7105
730322,66.5,66.8,65.75,66.4,687,6968
730323,66.95,67.2,66.3,66.45,674,7107
730326,66.75,67.05,65.45,65.5,813,6937
730327,65.65,65.65,64.1,65.25,873,6827
730328,64.6,65.6,64.55,65.4,720,6736
730329,66,66.15,65.3,65.6,931,6614
730330,65.75,65.85,65.1,65.85,431,6609
730402,65.85,67.85,65.85,67.8,1209,6867
730403,68.2,68.2,67.1,67.65,960,7061
730404,68.5,69.45,68.5,69.25,1272,7374
730405,70.2,70.2,69.4,69.4,876,7654
730406,69.5,70.4,68.65,70.3,1444,7761
730409,70.1,71.35,69.35,69.45,1245,7922
730410,69,69.35,68.2,68.3,1036,7909
730411,68.4,69,68.1,69,871,7977
730412,69.1,69.15,68.55,68.7,820,8005
730413,67.9,68.4,67.6,68.25,931,7824
730416,67.15,67.65,66.9,67.15,1401,7661
730417,68.6,68.75,68.1,68.75,1080,7755
730418,69.5,70.4,69.05,70.25,1140,8125
730419,69.95,70.75,69.8,69.95,1426,8291
730423,70.2,70.7,70.1,70.65,888,8718
730424,70.75,70.75,69.1,69.45,1528,8811
730425,69,69.7,68.6,69.65,1330,8961
730426,69.95,70.6,69.3,69.5,1145,9126
730427,69.25,69.95,69,69.4,951,9092
730430,68.8,68.95,67.5,67.5,1137,8790
730501,67.8,67.9,65.85,66.55,2255,8209
730502,66.4,67.85,66.3,67.25,1418,8298
730503,67.4,68.75,66.9,68.75,1425,8179
730504,68.5,68.75,67.3,67.5,1059,8081
730507,66,66.25,65.5,65.5,1240,7758
730508,64.7,65.4,64.3,64.55,1524,7689
730509,65.1,66.5,65.1,66.5,1144,7718
730510,66.65,67.2,65.75,65.9,1458,7785
730511,64.5,65.7,64.5,65.3,1039,7542
730514,64.55,65.75,64.55,65.7,1209,7400
730515,67.7,67.7,67,67.7,1188,7180
730516,67.15,67.45,66.3,66.7,1251,7290
730517,68.1,68.4,67.7,68,1027,7349
730518,68.5,68.75,67.3,68.65,855,7433
730521,70.3,70.65,69.75,70.65,1118,7387
730522,70.65,72.6,70,72.5,221,7753
730523,71.75,72.4,71.05,71.15,1560,7843
730524,70,70.7,69.5,69.75,1295,5658
730525,70.15,71.7,70,71.5,980,5713
730529,71.4,72.75,70.6,70.65,1299,5536
730530,71.4,71.6,70.5,71.05,812,5538
730531,70.95,71.45,70.3,71.45,781,5438
730601,71.95,72.3,71.5,71.5,679,5426
730604,73.4,73.5,73,73.5,698,5163
730605,75.5,75.5,75.05,75.05,1031,5163
730606,74.2,74.85,73.65,73.8,990,4505
730607,74.3,75.4,73.9,75.1,696,4267
730608,76,77.1,75.9,77.1,671,4112
730611,76.8,77.85,76.1,77.2,527,3909
730612,77.05,77.7,76.55,76.55,722,3636
730613,75.65,75.9,74.55,74.55,619,3611
730614,75.6,75.95,72.55,73.4,1381,3115
730615,74.1,74.7,73.6,74.5,318,3047
730618,74.8,75.05,73.65,74.4,269,3016
730619,73.4,74.25,73.4,73.75,257,2923
730620,74.3,74.9,74.3,74.75,152,2837
730621,75.5,76.75,75.25,76.75,417,2622
730622,76.25,77.3,76.25,76.6,307,2504
730625,78,78.6,78,78.6,323,2377
730626,79.5,80.6,79.25,80.05,403,2030
730627,79.75,80.05,78.7,80.05,574,1819
730628,80,80.85,78,79,829,1085
730629,79.65,81.75,79.65,81.7,284,803
730702,81.3,81.75,80.8,81.6,201,518
730703,81.9,83.3,81.35,81.35,241,300
