751219,59.8,60.9,59.6,60.8,409,2932
751222,60.6,60.6,59.5,59.7,224,3046
751223,59.3,60,59.3,59.5,323,3257
751224,59.9,60.2,59.9,60.2,46,3297
751229,60.2,60.2,58.9,59.3,147,3344
751230,59,59.5,58.8,59.4,217,3428
751231,59.5,59.7,59.2,59.2,132,3477
760102,59.1,59.6,58.8,59.6,100,3541
760105,59.4,60.7,59.3,60.4,355,3704
760106,60.7,61.1,60.1,60.2,247,3871
760107,60.2,60.5,60,60.1,207,3973
760108,59.6,59.9,59.5,59.5,255,4093
760109,59.9,60.6,59.8,60.5,478,4429
760112,61,61.2,60.5,60.5,374,4625
760113,60.3,60.3,59.6,59.8,240,4701
760114,59.8,60.4,59.8,60,165,4777
760115,60.7,60.7,59.9,59.9,295,4839
760116,60,60,59.2,59.9,306,4903
760119,59.9,60.2,59.6,59.8,263,4891
760120,59.7,60,59.5,59.7,160,4937
760121,60.2,60.2,59.2,59.2,278,4996
760122,59.1,59.3,58.1,58.1,702,4910
760123,58.6,58.8,58.2,58.3,626,4892
760126,57.9,58.1,57.6,57.6,400,4897
760127,57.7,58.5,57.6,58.1,433,4850
760128,59.1,59.1,58.7,58.8,107,4864
760129,59.4,59.7,59.1,59.2,166,5054
760130,59,59,58.5,58.6,296,4967
760202,58.8,59.3,58.8,58.9,148,5115
760203,59.1,59.3,58.9,59.2,189,5239
760204,59.5,59.7,59.3,59.4,185,5249
760205,59.8,59.8,59.2,59.4,280,5246
760206,59.5,59.6,59.1,59.3,278,5274
760209,59.1,59.2,59,59.1,312,5402
760210,58.9,59.4,58.8,59.4,171,5487
760211,59.7,59.7,59.4,59.5,183,5498
760212,59.6,60.5,59.5,60.5,349,5632
760213,60.5,60.7,60.1,60.2,217,5762
760217,60.7,61,60.2,61,238,5728
760218,61.4,61.7,61.1,61.2,513,5931
760219,61.4,61.5,61,61.3,285,6067
760220,61.9,62.3,61.7,62.3,417,6341
760223,62.7,62.7,62.3,62.4,139,6385
760224,62.8,62.8,61.9,62.4,1047,7055
760225,62.8,62.8,62.1,62.2,549,7210
760226,62.2,62.9,61.8,62.8,356,7171
760227,62.7,63,62.5,62.8,267,7376
760301,62.4,62.4,62,62.2,316,7388
760302,61.8,62,61.5,61.8,201,7451
760303,62.4,62.5,62.1,62.2,324,7573
760304,62.5,63.4,62.5,63.4,237,7653
760305,64,64,63.5,63.6,495,7711
760308,63.5,63.6,63,63.2,243,7759
760309,62.8,63.9,62.8,63.9,364,7853
760310,64.3,64.3,64,64.2,389,7987
760311,63.7,63.8,63.5,63.5,365,8064
760312,63.9,64.6,63.9,64.6,1122,8118
760315,65,65.1,64.6,64.6,762,7950
760316,64.6,64.6,64,64.1,399,8070
760317,64.5,65.7,64.5,65.6,660,8115
760318,66,66.5,65.7,66.3,755,8288
760319,65.9,67.2,65.6,66.9,750,8351
760322,66.6,66.7,66.1,66.4,814,8468
760323,66.1,66.9,66,66.6,490,8648
760324,67.1,67.2,66.4,66.5,500,8804
760325,66.2,66.3,65.1,65.3,826,8733
760326,65.1,65.7,65.1,65.5,419,8807
760329,64.8,64.9,64.4,64.4,699,8805
760330,64.5,66.1,64.4,66,572,8803
760331,66.1,66.5,65.6,66,512,8864
760401,66.7,67.8,66.4,67.7,1235,9530
760402,67.5,68.1,67.3,67.3,946,9570
760405,66.9,68.4,66.9,68.3,613,9573
760406,69.2,69.2,68.4,68.8,981,9762
760407,68.9,69,68.1,68.6,586,9863
760408,69.6,71.4,69.3,70.5,1726,9893
760409,70.3,70.7,70.1,70.6,737,10412
760412,71.5,73,71.2,72.6,1273,10629
760413,72.4,72.5,71.2,71.6,1217,10880
760414,70.9,72.1,70.7,71.3,1073,10923
760415,72.7,72.9,72.2,72.6,531,10516
760419,72.5,74,72.5,73.9,1325,10519
760420,75.3,76.9,75.1,76.5,1242,10761
760421,75.3,76.4,74.2,74.5,1521,10789
760422,74.8,75.4,73,73.5,1340,10832
760423,73.6,74.6,72.9,73.6,884,10742
760426,73.8,75.6,73.5,75.4,912,10660
760427,76.8,77.6,75.6,75.8,1380,10738
760428,74.7,75.3,73.8,73.9,1351,11109
760429,72.6,73.6,72.6,73.2,1025,11085
760430,73.6,74.2,73,73.5,427,10952
760503,72.8,73.1,71,71,1163,11048
760504,71.3,72.2,70.4,70.5,1143,11173
760505,71,71.7,70.6,71.5,941,11209
760506,72.4,74,72.2,74,1123,11218
760507,74.1,74.4,73.3,74.2,886,11293
760510,74.7,75,73.1,73.1,947,11356
760511,72.3,73,71.6,72.9,972,11300
760512,73.1,73.9,72.5,73.3,771,11259
760513,72.8,73,72.2,72.3,580,11301
760514,71.9,72.7,71.7,72.7,433,11296
760517,72.1,72.4,71.3,71.5,965,11372
760518,71.3,71.7,70.8,71.1,1236,11585
760519,70.8,70.9,69.7,69.8,1842,12277
760520,70.5,71.4,70.3,71.1,926,12427
760521,71.4,71.5,70.1,70.2,815,12524
760524,69.9,71.2,69.3,71,1361,12570
760525,70.7,71.8,70.6,71.2,1108,12549
760526,71.7,72.4,71.7,72.3,1011,12583
760527,72.8,73.2,72,72.2,1198,12336
760528,71.9,72.3,71.6,72.2,1362,12319
760601,72.6,72.8,72,72,581,12402
760602,71.2,71.3,70.5,70.5,1358,12760
760603,70.1,70.9,70,70,1293,12886
760604,70.3,70.8,70,70.5,1000,12876
760607,70.2,71.9,70.2,71.9,932,13140
760608,72.3,72.4,71.3,71.3,1078,13218
760609,71.6,72.1,71.3,71.7,956,13392
760610,72.7,73.1,72.4,73.1,1737,13822
760611,74.3,74.6,73.7,74.4,2229,14474
760614,75.2,75.8,74.7,75.8,2606,15252
760615,75.4,75.4,73.6,73.8,2243,15334
760616,74.3,75.4,74.3,75.3,1512,15245
760617,75.6,76,74.3,74.7,1919,15424
760618,74.5,75.3,72.7,75.2,959,15475
760621,74.6,74.9,74,74.4,1299,15584
760622,75.1,75.3,74.7,75,911,15739
760623,75.2,75.3,73.2,73.9,1788,15812
760624,74.1,74.7,73.8,74.6,1084,15881
760625,74.9,74.9,74.1,74.2,1125,15812
760628,74.1,74.4,73.8,74.4,1359,16197
760629,75.2,75.8,74.7,75.7,1283,15925
760630,76.7,77.5,76.4,77.4,2495,16417
760701,76.8,78.1,76.7,77.7,2710,17111
760702,78,78.4,77.4,77.5,1655,17255
760706,79.4,80.5,79.2,80.1,2274,17766
760707,79.9,79.9,78.9,79.1,2374,17702
760708,79.3,79.9,78.5,79.4,2586,17358
760709,79.2,79.2,78.5,78.6,1270,18052
760712,78,78.2,77.2,77.7,1944,17833
760713,77.6,78.7,77.4,78.5,1772,18289
760714,78.5,79.2,78.3,79.2,1804,18577
760715,79.4,79.6,77.4,77.6,2454,19070
760716,77.5,77.8,74.8,77.4,3517,18479
760719,76.6,76.9,75.5,75.5,3140,17969
760720,75.1,76.8,74.8,76.4,2881,17280
760721,77.3,77.5,76.3,76.3,2360,17641
760722,75.8,76.2,75.1,75.4,2248,17489
760723,76,77.2,75.9,77.1,1652,17680
760726,77,77.1,75.9,76.1,1991,17251
760727,77,77.2,76.5,77.2,1709,17673
760728,77.6,78.2,77.4,78,2330,17507
760729,77.8,78,77.3,77.6,1766,17897
760730,77.1,77.3,76.3,76.3,1828,17787
760802,75.7,76,73.5,73.6,5022,17639
760803,73.2,74.3,72.6,73.4,4118,16764
760804,74,74.4,73.8,74.2,2362,17401
760805,73.9,73.9,72,72,4770,17506
760806,71.6,72.5,71.4,71.7,3969,17541
760809,70.5,71.2,69.9,70.2,3882,17160
760810,71.2,71.8,71.1,71.7,2614,17524
760811,71.4,71.6,70.8,71.6,2180,17234
760812,71,72.2,70.8,71.9,2307,17921
760813,71.4,72.4,71.3,71.9,2301,17950
760816,72.1,72.7,71.7,71.8,1946,18389
760817,71.6,71.7,71.1,71.5,2074,17924
760818,70.8,71.9,70.6,71.4,2302,17716
760819,72.3,73.2,72.2,73.1,2623,17697
760820,73.3,73.3,71.8,71.9,2243,17415
760823,71.6,71.7,71.1,71.2,2429,17492
760824,71.2,71.3,69.2,69.8,5028,17463
760825,69.2,69.7,68.4,69,4410,17192
760826,69.5,69.9,69.4,69.6,2129,17316
760827,69.7,70.2,68.8,69.2,2810,17610
760830,69,69.2,68.4,69,1711,17524
760831,68.5,69.6,68.5,69.6,2214,17444
760901,69.1,70.9,69.1,70.5,3323,17402
760902,70.2,70.6,69.8,70.1,2005,17769
760903,69.7,70,69.3,69.6,1704,17813
760907,70.4,71.9,70.4,71.7,2536,17797
760908,71.3,71.5,70.1,70.1,2253,18056
760909,69.8,69.9,69.2,69.8,2287,18299
760910,70.2,70.4,69.4,69.5,2322,18231
760913,69.1,69.1,67.5,67.5,3523,18145
760914,66.8,67.1,65.9,66.1,3326,18030
760915,66.1,67,65.5,65.7,2749,17579
760916,66.5,66.7,65.8,66,1732,17320
760917,66.4,66.6,65.7,66.4,2295,17563
760920,66,66,65.2,65.4,1675,17713
760921,66.2,66.4,65.7,65.7,1534,17411
760922,65.7,67.2,65.4,67.2,3956,17198
760923,66.7,67.1,66.3,66.3,2537,17108
760924,66.5,67,66.3,66.5,2618,18731
760927,66.7,66.9,65.7,65.8,1886,18970
760928,64.5,64.8,63.2,63.3,4316,18773
760929,64,64.6,63.7,63.8,2405,18501
760930,64.1,64.3,63.7,63.8,1563,18628
761001,64,64.7,64,64.3,1348,18524
761004,64.6,65.2,64.5,65,1172,18349
761005,64.8,65,63.5,63.6,2128,18130
761006,63.1,63.2,62.5,63.1,2907,17756
761007,62.5,62.6,61.8,62,1819,17362
761008,60.7,60.8,59.1,59.5,3409,16911
761011,57.6,57.6,56.5,56.5,2248,16172
761012,56,57.3,55.7,56.1,3653,15681
761013,57.4,57.7,56.8,57.1,2296,15296
761014,57.3,58,57.2,57.9,2223,15096
761015,57.4,58.4,57.1,58.2,2643,15167
761018,57.4,58.3,57.1,58.3,1649,14940
761019,58.9,58.9,57.8,58.2,1829,14757
761020,58.7,59.3,58.3,59.1,2294,14600
761021,59,59,57.7,58,2295,14501
761022,56.7,57.4,56.7,57.2,2198,14042
761025,56.2,56.8,56.2,56.6,1386,13810
761026,56.4,56.7,55.7,55.7,2014,13811
761027,55.4,58.5,55.3,57.4,2238,13268
761028,56.8,57,55.9,56.1,1940,13411
761029,56.3,56.6,56,56.3,1054,13252
761101,56.2,56.8,55.7,56.8,1875,13012
761103,57.6,57.7,56.8,57,1010,13015
761104,57.2,58.7,57.2,58.7,2509,12586
761105,59.7,59.7,58.7,59.6,2337,12238
761108,60,60.4,59.5,59.6,1926,12028
761109,59.1,60.3,58.6,60.2,1570,11826
761110,61,61.3,60.6,60.8,1921,11291
761111,60,60,58.8,58.9,2474,10783
761112,59.2,59.6,58.2,59.3,1305,10336
761115,60,60.3,59.2,59.5,917,10192
761116,58.8,59.8,58.3,59.8,1130,9859
761117,59.2,59.8,58.9,59.3,613,9581
761118,58.7,59.2,58.4,59,1174,8713
761119,59.4,59.9,59.4,59.9,1299,8159
761122,59.9,60.2,58.9,58.9,1092,7781
761123,58.3,58.5,57.3,57.5,1382,7171
761124,57.4,57.7,57.1,57.4,1680,6321
761126,56.9,57.1,56.4,56.6,1967,5421
761129,56.3,57.1,56.2,57.1,859,1557
761130,57.2,57.4,56.7,56.8,493,1484
761201,56.3,56.7,55.9,56.7,417,1017
761202,56.8,57,56.5,56.7,135,872
761203,57,57.7,56.8,57.4,232,757
761206,57.5,57.8,57.5,57.5,410,820
761207,57.5,57.5,57.1,57.5,361,1053
761208,58.1,58.3,57.9,58.2,244,987
761209,58.3,58.6,58.2,58.2,293,398
761210,58.3,58.4,58,58.3,94,305
761213,58.3,58.4,58.3,58.4,235,350
761214,58.1,58.9,58.1,58.6,34,201
761215,59.1,59.5,59.1,59.5,46,130
761216,59.1,59.4,58.9,59.4,29,107
761217,59.7,60.1,59.6,60.1,86,123
761220,60.5,60.5,60.1,60.1,61,97
761221,60.1,60.9,60,60.9,44,50
761222,61,61.1,60.7,61,57,92
761223,60.9,60.9,60.8,60.9,49,91
761227,60.9,61.8,60.9,61.8,21,82
