790606,84.65,84.65,83.65,83.65,5,30
790607,83.45,85.4,83.45,85.4,13,43
790608,85.4,85.7,85.4,85.7,8,51
790611,85.5,85.6,84.2,84.2,37,66
790612,83.9,84.4,83.3,83.3,28,94
790613,85,86,85,86,221,297
790614,86.75,86.75,86.5,86.5,5,299
790615,86,86,85.4,85.4,1,299
790618,85.2,85.4,84.5,85,61,357
790619,86,87.4,86,87.4,195,432
790620,87.5,87.5,87.35,87.35,133,418
790621,86.25,86.25,86.25,86.25,0,437
790622,86.7,88.25,85.8,88.25,55,490
790625,88.2,88.3,87.35,87.35,10,499
790626,87.8,87.8,87.4,87.4,1,499
790627,86.5,87,84.9,84.9,4,497
790628,84,84.8,82.6,83,340,823
790629,83.2,83.9,83.2,83.9,318,1133
790702,83.1,83.2,81.05,81.05,141,1246
790703,82,82.5,81.5,81.5,254,1310
790705,82,82.6,82,82.6,111,1384
790706,82.4,82.5,81.8,81.8,23,1397
790709,81.3,81.6,81.3,81.6,3,1415
790710,82.2,82.2,82.15,82.15,8,1423
790711,82.75,83,82.35,82.7,15,1436
790712,82.6,83.1,82.6,83.1,2,1438
790713,82.5,82.5,81,81.1,17,1450
790716,81.9,82.5,81.9,82.5,8,1456
790717,83.4,83.4,83.15,83.15,1,1457
790718,82.15,82.15,82.15,82.15,0,1457
790719,81.8,82,81.75,81.75,52,1489
790720,82.6,84.15,82.6,84.15,303,1478
790723,85.7,85.7,84.95,84.95,204,1517
790724,85.7,85.9,85.7,85.9,10,1512
790725,85.7,86.3,85.7,86.3,12,1508
790726,86.1,87.85,86.1,87.85,27,1506
790727,86.9,87,86.6,86.6,2,1515
790730,84.9,85,83.7,83.7,12,1522
790731,83.55,83.7,83.5,83.7,2,1522
790801,84.8,86.15,84.8,86.15,31,1528
790802,86.6,87.5,86.6,87.5,10,1539
790803,86.5,86.5,86.5,86.5,9,1538
790806,85.8,86.9,85.4,86.9,8,1542
790807,87.7,87.7,87.05,87.05,8,1547
790808,88,88.4,88,88.15,32,1553
790809,88,89.6,88,89.6,1823,2853
790810,89.8,89.9,89.1,89.35,1115,3937
790813,88.3,88.85,88.3,88.85,264,3944
790814,90.7,91.45,90.7,91.45,56,3942
790815,91.55,91.55,90.5,90.7,70,3994
790816,89.5,90.05,89.5,90.05,62,3931
790817,89.7,90.5,89.7,90.15,95,3919
790820,90.6,90.7,88.5,88.5,59,3943
790821,90,90.15,89.15,90.15,63,3976
790822,90.7,90.7,88.85,88.85,21,3970
790823,88.6,90.6,88.5,90.6,25,3972
790824,91,92.5,91,92.2,31,3981
790827,92.5,92.5,91.5,91.5,14,3975
790828,91.1,91.9,91,91.9,26,3991
790829,92,93.6,91.65,93.6,35,4010
790830,93.9,94.3,93.6,94.3,29,4018
790831,94.3,94.3,93.8,93.8,37,4039
790904,95,95.3,94.2,94.2,29,4033
790905,95.4,95.4,94,94.3,27,4038
790906,93,93.3,91.6,92.8,113,4062
790907,91.9,91.9,91.9,91.9,40,4036
790910,92.5,93.8,92.5,93.7,9,4035
790911,93.8,94,93.4,93.4,20,4034
790912,93,93.1,91,91,95,4050
790913,90.5,91.75,90.5,91.75,51,4108
790914,92,92,89.6,89.6,104,4110
790917,91.2,91.4,90.9,91.3,37,4085
790918,92.9,92.9,88.3,88.3,109,4119
790919,88.6,89.9,88.4,89.5,15,4122
790920,90.9,91.35,89.2,89.2,16,4131
790921,89.5,91.8,89.5,91.8,1591,4141
790924,94.8,94.8,94.2,94.8,77,4139
790925,97.2,99.3,97,99.3,283,4235
790926,105.3,105.3,104,105.3,540,4330
790927,111.3,111.3,111,111,303,4525
790928,109.5,115,105,105.05,116,4525
791001,111.05,111.05,111,111.05,56,4568
791002,115.05,115.2,105.05,105.05,105,4559
791003,102.2,105,99.7,101.4,117,4490
791004,102.5,102.5,101.4,101.4,41,4526
791005,103.6,104.4,103.5,104.15,296,4463
791008,102.65,102.8,101.1,101.15,44,4464
791009,101,101.2,96.65,97.2,22,4456
791010,96.25,97,95,96.9,279,4434
791011,95.8,96,94.8,95.05,70,4433
791012,97.4,98.5,96.8,98.2,39,4444
791015,99.5,99.5,94.3,94.3,26,4452
791016,92,92,90.6,90.6,81,4492
791017,91.8,91.8,90,91.8,13,4495
791018,91.85,92.4,91.4,91.4,217,4339
791019,93.3,94,92.8,93.35,66,4329
791022,92,92.4,92,92.4,39,4349
791023,92,94.3,92,94.3,5,4345
791024,95,95,92.7,93.5,40,4327
791025,93.3,94.25,93.3,94.25,114,4309
791026,93.25,94.6,93,94.6,42,4302
791029,94.9,94.9,93.7,93.7,26,4289
791030,93,94.3,93,94.3,20,4274
791031,95,95,94.6,94.6,11,4281
791101,94.4,97.4,94.4,97.4,24,4283
791102,97.2,97.2,96.4,96.7,42,4293
791105,96.9,96.9,96.55,96.55,5,4295
791106,95.9,96.4,95.9,96.4,10,4294
791107,96.9,97,96.9,97,9,4294
791108,97.35,97.6,97,97.1,28,4284
791109,96.1,97.9,96.1,97.9,26,4285
791112,98.4,99.2,98.4,98.9,31,4299
791113,98.2,99.4,97.3,97.3,65,4302
791114,97,97.3,96.6,96.6,10,4312
791115,98.4,98.7,98.4,98.7,17,4321
791116,100.5,100.5,99.55,99.8,46,4315
791119,101.3,101.8,100.3,100.3,70,4340
791120,101.8,101.8,99.15,99.15,70,4363
791121,100.7,101,100,101,52,4398
791123,101,102.1,100.7,101.65,13,4405
791126,101,101,96.9,96.9,71,4411
791127,97.1,97.1,94.3,94.3,291,4437
791128,98,98,96.4,96.4,26,4187
791129,97.4,98.3,97,98.3,25,4197
791130,99.2,102.7,99.2,102.7,191,4277
791203,106,106.7,102.8,102.8,140,4343
791204,102.8,103.3,100.8,101.4,137,4335
791205,101,102.5,101,101.9,31,4302
791206,103,103,97.9,97.9,42,4323
791207,97,99,97,97.3,45,4351
791210,97.7,98,97.7,97.7,55,4368
791211,98.9,101.6,98.9,100.3,47,4383
791212,99.9,100.3,99.9,100.1,30,4378
791213,100.1,101.1,98.8,98.95,32,4384
791214,97.5,101.15,97.5,101.15,185,4380
791217,100.2,100.2,99.9,99.9,53,4392
791218,101.3,102.1,100.5,101.7,33,4408
791219,102,102.2,101.7,101.9,32,4446
791220,101.6,104.9,101.2,104.6,39,4436
791221,106.5,106.5,105.2,105.4,55,4415
791226,106,107,104,104,209,4452
791227,105,105.6,104.3,104.3,42,4430
791228,103.5,105.5,103.1,104.15,74,4464
791231,106,106.8,106,106.5,46,4495
800102,111.5,111.5,111.5,111.5,70,4508
800103,116.5,116.5,113,115.5,231,4606
800104,112.3,116.2,112.3,113.6,390,4431
800107,114.5,114.6,109,109.6,362,4285
800108,109,109.2,106.5,107,61,4155
800109,108,109.5,107.7,109.5,64,4133
800110,109.3,109.4,107.3,108,56,4126
800111,113,113,110.1,113,65,4105
800114,118,118,116,116.4,148,4082
800115,120.5,120.5,117.5,118.4,109,4109
800116,122,123.4,122,123.4,157,4100
800117,125,128.4,125,128.4,181,4147
800118,135.9,135.9,135.9,135.9,76,4191
800121,145.9,145.9,143,145.2,276,4277
800122,135.2,135.2,135.2,135.2,108,4259
800123,125.2,135.5,125.2,125.2,275,4296
800124,131.8,134,125.5,130,242,4290
800125,136,136,129.5,133.45,119,4279
800128,134.5,135,128.5,128.9,329,4030
800129,132.5,133.9,132.5,133.9,101,3974
800130,138.9,138.9,136,137.8,185,3894
800131,135.2,135.4,133.3,134.2,94,3874
800201,133.5,136.8,133.5,135.5,29,3872
800204,133,133.2,131.3,131.3,21,3865
800205,133,136.3,133,136.3,30,3869
800206,140,141.5,138,138,81,3869
800207,135.2,137,135.2,136.2,73,3909
800208,138.8,141.2,138.5,141.2,73,3931
800211,146.2,146.2,145.2,146.2,78,3942
800212,145,152,145,149.15,317,4020
800213,149.7,151.9,147.15,147.8,290,4023
800214,146.2,151.3,145,149.45,122,4064
800215,149.3,151,144.45,144.45,849,4573
800219,139.5,140.5,139.45,139.45,104,4575
800220,131.95,138.9,131.95,134.4,210,4540
800221,138,139.5,135,137.5,111,4564
800222,134,134,132.5,132.5,219,4562
800225,128,133,127.8,128.1,840,4149
800226,132,132,130,130,53,4143
800227,133.5,136,133.5,134.8,200,4235
800228,136.8,137.8,134.5,134.5,26,4235
800229,135.8,136,132.1,133.25,68,4232
800303,133.25,134,128.25,128.25,52,4242
800304,128,130,124,129.5,173,4308
800305,131,134,131,131.3,369,4608
800306,127.5,128,126.3,126.3,103,4583
800307,121.5,123,121.3,121.3,279,4513
800310,116.5,116.5,113.8,113.8,727,4139
800311,109.5,114.5,109.5,112.8,946,4175
800312,115.5,116.5,110,110,80,4157
800313,104.2,106.5,102.5,105.1,174,4129
800314,105.5,109.6,105.3,109.6,76,4096
800317,106.5,106.5,104.6,105.6,1496,2857
800318,108,108.8,105.9,108.8,230,2681
800319,110,110.5,109.5,110.5,132,2644
800320,110.2,110.2,108.1,108.1,205,2585
800321,105.5,108,105,108,370,2417
800324,107.6,109.5,105.5,105.5,114,2378
800325,104.2,104.2,102.7,103.2,56,2350
800326,101.2,101.7,100.6,101.4,74,2336
800327,98,98,96.4,96.8,132,2368
800328,97.4,100.5,94.8,100.5,80,2302
800331,100.2,101.5,97.4,97.4,20,2302
800401,95.7,95.7,94.6,95.5,91,2306
800402,95.5,98.2,95.4,98.2,52,2280
800403,97.8,99.8,97.8,99.1,546,1997
800407,101.5,101.8,99.9,101,118,1988
800408,103,103,102.6,102.9,87,2004
800409,104.9,104.9,101.4,101.4,77,2017
800410,100.6,103.4,100.5,102.7,30,2035
800411,103.5,104.1,103.5,104.1,6,2030
800414,103.2,103.2,99.1,99.8,211,2098
800415,100.4,102.3,100.1,102.3,25,2095
800416,103.5,103.5,99,99,42,2083
800417,99,100.2,98.6,99.4,45,2090
800418,99,99.5,96.3,96.7,56,2069
800421,94.5,94.5,92.3,92.3,107,2038
800422,92.8,94,92.7,93.2,52,2071
800423,94.5,94.8,94,94.1,7,2054
800424,95.3,97.7,95.3,97.7,38,2075
800425,102.7,102.7,100.5,102.7,61,2089
800428,98.7,100,98,98.2,157,2107
800429,96.5,100,96,99.9,61,2101
800430,98.2,98.6,98,98.6,294,2214
800501,95.5,96.6,95,96.6,66,2164
800502,96.5,97.1,95.7,97.1,19,2160
800505,97.5,97.5,95,96.5,31,2188
800506,95.9,96,94.15,94.15,79,2163
800507,94.4,98.6,93.1,98.6,91,2124
800508,96.6,96.6,94,94,270,1999
800509,93,94.3,92.8,94,265,1935
800512,95.2,95.2,94,94.3,57,1909
800513,95.1,95.8,95,95.8,22,1910
800514,96.7,96.7,95,95,64,1921
800515,94.45,94.5,93.7,93.7,63,1901
800516,93.3,94.4,93.3,93.5,117,1911
800519,95.1,95.1,93.3,93.3,116,1891
800520,93.5,94.45,93.1,94.1,12,1890
800521,95,95.7,94.8,95.6,68,1932
800522,95.5,97,95.1,96.3,65,1918
800523,97,100.2,97,100.2,64,1938
800527,100.4,101,100,100,156,1970
800528,100.9,100.9,97.7,98.45,137,1956
800529,98.6,99.1,97.8,98.1,198,1928
800530,98.7,99,96.8,97.5,207,2037
800602,97.8,97.8,96.35,96.35,224,2100
800603,96,96.8,94.6,94.65,229,2077
800604,96.15,96.5,94.6,96.4,117,2069
800605,96.2,96.5,95,95,140,2057
800606,95.5,96,93.9,94.45,99,2046
800609,94.4,95,93.45,94.45,63,2067
800610,93.5,93.5,89.8,90,201,2130
800611,89.6,91,88.6,89.7,350,2009
800612,90.6,91.5,90.2,91.5,74,2031
800613,91.7,91.7,90.1,90.1,141,2083
800616,90.2,90.4,89.7,90.4,58,2116
800617,90.5,92.4,90.4,91.3,84,2173
800618,91.9,92.7,90.5,90.9,102,2229
800619,91.3,91.6,90.8,91.6,150,2328
800620,91.9,92.7,91.8,92.6,215,2485
800623,92.4,92.8,92.1,92.1,120,2532
800624,92.9,92.9,91.6,91.7,137,2542
800625,92.5,93.1,92,92.2,781,3070
800626,92.1,92.7,91.5,91.8,109,3132
800627,92.6,96.1,92.2,96.1,320,3346
800630,96.8,98.5,96.1,96.6,548,3664
800701,99.2,99.2,95.5,95.7,437,3806
800702,96.9,98,96.5,97.95,204,3922
800703,97.9,100,97.8,99.8,402,4155
800707,99.7,101.65,99.3,101.65,199,4260
800708,102,102,99.7,100.2,745,4309
800709,100,101.2,98.7,101,199,4304
800710,101.4,102.2,99.3,99.5,436,4400
800711,101.2,101.7,99.9,100.5,445,4311
800714,99.8,101.1,99,100.75,121,4359
800715,100.5,101.2,97.9,98.75,272,4319
800716,99.75,100,99.2,99.6,149,4341
800717,99.8,100.5,99.4,100.2,189,4288
800718,100.4,105,99.9,103.9,474,4404
800721,104.5,105.2,103.3,105,337,4548
800722,104.9,106.9,104.5,106.5,500,4728
800723,106.7,107.2,105,105.1,410,4886
800724,105.9,107,105.2,105.35,394,4907
800725,105.9,106.1,104,104.8,286,5022
800728,105,105.6,104.25,104.85,140,4944
800729,104.3,104.3,101.8,101.8,699,5053
800730,101.4,102.2,96.8,96.9,904,4823
800731,96.5,99,96.2,98.1,636,4829
800801,98.4,99.5,97,97.75,201,4825
800804,98.6,99.95,98.5,98.8,351,4993
800805,99.5,100.5,99.35,100.2,129,5012
800806,100.3,101,99.6,101,212,5115
800807,100.6,101.3,100.2,100.5,146,5160
800808,100,100.45,99.5,99.5,174,5181
800811,98.3,99.5,97.7,99.35,249,5111
800812,99.8,101.1,99.6,101,375,5342
800813,101.4,101.9,100.4,101.2,237,5390
800814,102,102.95,99,99.5,334,5435
800815,98,99.2,94.5,94.6,1510,5662
800818,92.75,94,91.4,93.3,974,5648
800819,94.3,95,93.95,94.3,483,5712
800820,95,95.35,94.2,94.85,668,5743
800821,94.5,94.8,92,93.45,994,6156
800822,92.9,95.4,92.7,95,428,6325
800825,94.6,95,93.8,94.6,707,6680
800826,94.3,94.6,93.7,94,522,6889
800827,95.2,95.6,93.5,94.2,507,7094
800828,90.3,91.7,90.3,91.5,1814,7976
800829,92,92.9,91.9,92.65,735,8228
800902,93.3,93.75,92.9,93.5,491,8320
800903,93.5,93.8,92.2,92.7,885,8437
800904,93.5,95,93.5,94.75,1092,8653
800905,94.5,94.6,93.9,94.35,671,8802
800908,96.3,97.2,95.8,97,1645,9371
800909,96.7,97,95.2,96.35,1328,9545
800910,98,98.8,97.7,98.65,1574,9784
800911,97.8,101,97.6,100.4,1313,10183
800912,100.1,101.5,99.4,100.3,1662,10285
800915,97.8,98.6,96.3,96.3,1407,10257
800916,96.9,98,96.75,97.95,888,10419
800917,98.1,98.35,96.9,97.25,1011,10555
800918,97.1,97.3,96.9,97.05,787,10682
800919,97.05,99.5,96.7,98.9,1141,10973
800922,102,103.9,101.8,103.9,2391,11387
800923,104.3,105.3,101.9,104.7,2416,12040
800924,103.8,104.2,102.1,103.2,1671,12009
800925,101.5,101.8,100.4,101.4,1894,12446
800926,100.1,100.3,96.4,96.4,2506,12756
800929,97,97.7,91.6,93.9,3356,12500
800930,95,96,94.4,95.75,1207,12444
801001,96.9,96.95,95.65,96.3,1018,12317
801002,94.6,95.4,93.3,94.6,1297,12384
801003,93.4,95.7,93.4,95.65,886,12516
801006,96.15,98.2,96.1,98.15,1466,12944
801007,97.75,98.05,96.85,97.35,1190,13229
801008,97.5,97.5,96.85,96.95,883,13316
801009,98.45,98.7,98,98.55,1498,13449
801010,98.4,98.45,95.5,95.5,1298,13356
801013,96.3,97.3,96,97,1013,13429
801014,96.8,98.5,96.8,98.3,1036,13664
801015,98.3,99,97.55,99,2041,13979
801016,98.8,98.9,97.6,97.7,1124,14264
801017,97.5,97.75,96,96.15,1309,14257
801020,96.45,97.5,96.35,97.25,1097,14380
801021,97.25,99.3,97.2,98.5,1805,14946
801022,98.7,99.1,97.7,98.25,2181,15374
801023,96.75,100.8,96.75,100,3254,16601
801024,100.9,100.9,99.1,99.55,1867,16890
801027,100.5,100.6,97.7,98.4,2037,17325
801028,98.2,99.4,97.7,99.35,1710,17628
801029,99.8,99.95,98.65,99.1,960,17949
801030,98.8,99.2,98.1,98.65,1443,18299
801031,97.5,97.6,95.6,96.6,4084,17674
801103,97.1,97.5,96.8,97.1,1996,18068
801105,98.2,98.5,97,97.65,2558,18392
801106,96.6,97,94.7,94.8,5303,18952
801107,94,94.7,92.8,94.6,3986,19812
801110,94.5,95.35,94.2,94.6,2112,19708
801111,93.5,94.3,93.2,93.65,3098,19934
801112,93.85,95.5,93.85,95.15,3248,20490
801113,95.5,95.95,95.05,95.25,2166,20773
801114,95.3,95.5,94.7,95.2,2738,21357
801117,94.7,95.6,94.5,95,1963,21729
801118,95.9,97,95.8,96.85,3705,22593
801119,97.3,97.4,96.4,96.5,3171,23494
801120,96.3,96.7,96.05,96.5,2474,24510
801121,95.9,97,95.8,96.85,4215,25718
801124,95.9,96,94.15,94.5,5542,25901
801125,95.1,95.55,94.5,94.6,4621,27525
801126,95.1,95.4,94.6,95.1,3647,28437
801128,94.3,94.55,94,94.25,2010,28416
801201,94.6,94.8,93.6,93.75,3013,28285
801202,92.5,92.95,90.6,90.8,7536,27431
801203,91.55,91.7,90.5,90.6,4879,27803
801204,91.1,91.2,88.5,89.2,6241,27533
801205,88.4,89.2,88,89.1,4390,26687
801208,88.9,90.3,88.6,88.85,4109,26217
801209,87.8,87.8,85.6,85.85,7221,24556
801210,86,86.2,82.55,83.15,6859,23715
801211,81.35,83.2,80.15,81.1,8189,22540
801212,81.3,83.9,80.95,83.6,6319,21434
801215,85.3,85.5,83.95,84.6,3677,21829
801216,82.75,83.4,81.6,82.85,2811,21190
801217,83.4,85.8,83.3,84.75,4546,20810
801218,84.35,85.6,84.1,85.4,2727,20415
801219,85.5,87.4,85.2,87.1,4255,20002
801222,86.5,87.9,86.5,87.25,2514,19693
801223,88.05,89,87.9,88.45,3077,19140
801224,88.4,89.7,87.7,89.6,1976,19626
801229,89,89.1,87,87.9,3517,19535
801230,87,87.7,85.5,86.1,3281,19148
801231,85.8,87.5,85.8,86.55,1462,19064
810102,85.8,88.1,85.3,88,2266,19250
810105,88.9,91.4,88.9,90.9,4853,19141
810106,90.5,91.7,89.45,89.7,5147,18479
810107,88.7,89.4,86.85,88.25,3969,18839
810108,88.3,88.65,87.25,87.4,2977,18345
810109,87.8,88.2,85.9,87.4,3955,18370
810112,85.5,86.7,84.9,85.8,4713,17846
810113,85.9,87,85.6,86.6,3184,18409
810114,86.1,87.4,85.8,87,2668,18122
810115,87.1,87.8,86,86.1,3347,17641
810116,86.2,87.35,85.6,86.8,2676,17784
810119,86.35,86.65,85.95,86.35,2010,18092
810120,86,87.6,85.6,87.2,3425,18156
810121,87.6,87.7,86.6,86.65,2148,18302
810122,86.3,86.3,83.5,83.6,7713,19377
810123,83.7,84.2,83.35,83.95,4171,18392
810126,82.1,83.7,81.7,83.65,3072,18019
810127,83.95,85.1,83.2,85,3202,17984
810128,84.4,84.4,83.3,83.4,2620,17890
810129,82.5,83.35,82.25,83.05,2888,18398
810130,82.8,84.7,82.8,84.2,3467,18386
810202,83.2,84.4,82.5,82.8,3083,17963
810203,82.9,83.65,82.25,82.3,2405,17673
810204,83.5,84,82.5,82.7,2125,17632
810205,83.1,83.75,82.9,83.65,1942,17691
810206,83.8,85.6,83.65,84.65,3597,17124
810209,85.25,85.25,82.1,82.7,3516,17124
810210,82.9,83.05,81.5,81.65,3115,17197
810211,80.8,81.4,80.6,81.15,2093,16793
810212,80.7,81.4,79.6,80.4,4228,16152
810213,80.3,81.1,80,80.05,1764,16056
810217,80.05,80.2,79,79.4,2410,15791
810218,79.6,80.2,79.6,80.05,1822,15268
810219,80.5,82.9,80.4,82.75,2822,14272
810220,83,83,81.8,82,2640,13012
810223,81.3,81.85,81.2,81.55,1746,12359
810224,81.65,82.6,81.55,82.35,2408,10956
810225,82.8,82.85,80.6,80.85,4322,9321
810226,80,80.6,79.7,80.55,2695,4589
810227,79.85,80.8,79.85,80.15,1053,2455
810302,78.9,78.9,77.15,77.3,1870,2027
810303,78.1,79.1,78.1,78.9,440,1296
810304,78.7,78.7,77.6,78.2,664,1628
810305,78.8,79.3,78.8,79.05,104,487
810306,79.05,79.9,78.8,79.7,164,575
810309,80,80.3,79.6,79.6,85,494
810310,80.6,81.25,79.5,79.6,144,465
810311,79.1,80,79.1,79.25,33,372
810312,79.5,81.6,79.5,81.6,127,365
810313,82.3,83.1,82.2,83.1,158,336
810316,83.5,83.95,82.45,82.45,29,286
810317,82.6,84.2,82.6,83.5,92,187
810318,83.7,85.95,83.7,85.95,62,174
810319,85.8,85.9,85.3,85.3,101,139
810320,85.5,85.7,85.5,85.65,45,119
810323,84.45,84.9,84.15,84.15,33,123
810324,85.15,85.8,85.1,85.1,69,141
810325,84.6,85.25,84.6,85,75,62
810326,86.4,86.5,86.35,86.35,47,35
