790711,82.5,82.75,82.5,82.75,35,62
790712,83.2,83.2,83.2,83.2,0,62
790713,82.5,82.5,81.15,81.15,20,75
790716,82.6,82.6,82.6,82.6,3,75
790717,83.8,83.8,83.25,83.25,1,76
790718,82.25,82.25,82.25,82.25,4,80
790719,82,82.2,81.85,81.85,19,99
790720,82.65,84.25,82.65,84.25,28,101
790723,85.05,85.05,85.05,85.05,0,101
790724,86,86,86,86,0,101
790725,85.95,86.35,85.95,86.35,1,102
790726,87.85,87.85,87.85,87.85,20,122
790727,87.8,87.8,86.65,86.65,11,130
790730,85.6,85.6,83.75,83.75,5,131
790731,84.5,84.5,83.75,83.75,6,137
790801,85.7,86.2,85.7,86.2,2,135
790802,87.55,87.55,87.55,87.55,0,135
790803,87.75,87.75,86.55,86.55,1,134
790806,86.95,86.95,86.95,86.95,0,134
790807,87.15,87.15,87.15,87.15,0,134
790808,87.9,88.4,87.8,88.15,55,165
790809,88.05,89.65,88.05,89.65,1003,1025
790810,89.35,89.35,89.35,89.35,1009,1996
790813,88.95,88.95,88.95,88.95,150,2021
790814,91.5,91.5,91.5,91.5,50,2048
790815,91.6,91.6,90.7,90.7,5,2048
790816,89.6,90.1,89.6,90.1,22,2050
790817,90.5,90.5,89.7,90.2,25,2049
790820,90.7,90.7,88.7,88.7,94,2111
790821,89.5,90.35,89.4,90.35,26,2112
790822,90.8,90.8,88.95,88.95,21,2114
790823,88.55,90.7,88.55,90.7,8,2115
790824,91.2,92.3,91.2,92.3,14,2117
790827,92.3,92.6,91.55,91.55,22,2114
790828,91.8,91.9,90.6,91.9,29,2105
790829,92.1,93.7,91.5,93.6,31,2109
790830,93.95,94.8,93.95,94.3,27,2123
790831,94.9,94.9,93.85,93.85,2,2123
790904,95,95.45,94.25,94.25,4,2123
790905,94.45,94.75,94.25,94.35,18,2124
790906,93.25,93.25,92,92.9,60,2126
790907,92.5,92.5,92.05,92.05,1,2126
790910,93.5,93.8,93.5,93.8,2,2126
790911,94.8,95,93.5,93.5,7,2126
790912,93.1,93.1,91.1,91.1,5,2126
790913,90.5,91.85,90.2,91.85,3,2166
790914,91.6,91.6,89.8,89.8,22,2127
790917,91.5,91.5,91.5,91.5,7,2129
790918,93,93,88.5,88.5,26,2129
790919,88.9,89.6,88.9,89.6,13,2128
790920,91,91,89.3,89.3,1,2129
790921,89.5,91.9,89.5,91.9,910,2133
790924,94.8,94.9,94.8,94.9,10,2133
790925,97,99.4,96.8,99.4,77,2151
790926,105.4,105.4,103.5,105.4,400,2180
790927,111.4,111.4,108.2,111,68,2229
790928,108,108.5,105,105,50,2245
791001,110,111,110,111,56,2256
791002,115,115,105,105,88,2268
791003,102.5,103.2,100,101.4,49,2261
791004,101,103,100.6,101.5,76,2325
791005,104.2,104.5,104.2,104.25,52,2360
791008,102.7,102.7,101.25,101.25,3,2385
791009,103.2,103.2,97.3,97.3,52,2374
791010,96.1,97.1,94.8,97.1,23,2375
791011,95.8,95.8,94.4,95.2,48,2376
791012,94.5,98.3,94.5,98.3,27,2375
791015,98.8,98.8,94.5,94.5,6,2374
791016,91.7,91.9,90,91,11,2377
791017,90,92.2,90,92.2,8,2375
791018,92.3,92.5,91.8,91.8,14,2376
791019,93.4,94.3,93.3,93.75,5,2379
791022,92.8,92.8,92.8,92.8,16,2381
791023,92.8,94.7,92,94.7,6,2379
791024,96.2,96.2,93.9,93.9,20,2379
791025,93.9,94.65,93.9,94.65,2,2379
791026,95,95,95,95,1,2379
791029,95.3,95.3,94,94,15,2378
791030,93.4,94.6,93,94.6,4,2377
791031,95.5,95.5,94.9,94.9,14,2379
791101,94.5,97.6,94.5,97.6,0,2380
791102,96.9,97.4,96.9,96.9,11,2381
791105,96.5,96.8,96.5,96.8,5,2384
791106,96.3,96.8,96.3,96.6,7,2382
791107,96.9,97.75,96.9,97.2,6,2384
791108,97.5,97.75,97.3,97.3,37,2386
791109,97,98,97,98,9,2385
791112,99.25,99.25,99.1,99.1,15,2395
791113,99.65,99.7,97.5,97.5,47,2395
791114,96.8,96.8,96.8,96.8,5,2396
791115,97,98.9,97,98.9,3,2397
791116,100.15,100.15,100,100,2,2399
791119,101.5,101.5,100.2,100.5,7,2399
791120,100.5,100.5,99.3,99.3,8,2399
791121,101.2,101.2,101.2,101.2,12,2406
791123,100.5,102,100.5,101.85,3,2407
791126,99.5,99.5,97.3,97.3,22,2407
791127,97.5,98,94.7,94.7,8,2408
791128,97.5,98.5,96.5,96.8,32,2407
791129,97.2,98.7,97.2,98.7,6,2409
791130,99.7,103,99.7,103,123,2437
791203,106,106,103,103,684,3006
791204,101.1,101.65,101,101.65,53,3016
791205,101.9,102.15,101.9,102.15,10,3051
791206,103,103.3,98.2,98.2,11,3058
791207,99,99,97,97.7,24,3056
791210,97.8,98.4,97.7,98,113,3097
791211,99.5,101.3,99.5,100.6,60,3099
791212,100.5,101.5,99.25,100.35,16,3090
791213,100.3,100.75,99.2,99.2,27,3101
791214,99,102.3,98.5,101.4,200,3099
791217,100.5,101,100.35,100.35,2,3098
791218,101.6,102.5,101.2,102.1,9,3092
791219,102,102.3,102,102.3,12,3090
791220,102.6,105.1,102.6,105.1,34,3092
791221,105.6,106.3,105,106,78,3087
791226,106.5,107,104.5,104.5,41,3107
791227,105.8,105.8,104.8,104.8,5,3108
791228,103,105,102.8,104.55,78,3039
791231,105.75,107.5,105.75,107,32,3034
800102,112,112,112,112,63,3006
800103,117,117,112.3,116,160,3044
800104,113.5,115.5,113,114.1,171,2917
800107,115.5,115.5,110.4,110.4,48,2877
800108,110,110,107.5,107.8,33,2894
800109,108.3,110.2,108.3,110.2,32,2899
800110,109.9,109.9,107.3,108.65,15,2895
800111,111.6,113.65,111.6,113.65,36,2913
800114,118,118.65,116,117.3,21,2911
800115,118.5,119.5,118.4,119.3,47,2903
800116,122.3,124.3,122.3,124.3,175,2951
800117,126.5,129.3,126,129.3,114,2897
800118,136.8,136.8,136.8,136.8,25,2895
800121,146.8,146.8,144.5,145.9,67,2932
800122,135.9,135.9,135.9,135.9,39,2946
800123,125.9,139.3,125.9,125.9,49,2930
800124,132.5,132.5,126,130.7,37,2931
800125,136.5,136.5,131,133.95,38,2899
800128,135,135,129.4,129.4,29,2907
800129,132.8,134.4,132.8,134.4,85,2856
800130,139.4,139.4,135,138.3,41,2857
800131,135.75,136,134.5,134.7,24,2856
800201,134.2,136,134.2,136,5,2853
800204,133,133.5,131.9,131.9,14,2852
800205,134,136.9,134,136.9,41,2873
800206,143,143,138.5,138.5,3,2870
800207,139.5,139.5,136.5,136.7,47,2906
800208,139.2,141.7,139.2,141.7,55,2943
800211,146.5,146.7,145.7,146.7,51,2926
800212,145.6,153,145.6,149.6,977,3841
800213,149,149.25,146.2,148.25,49,3859
800214,147,149.95,145.4,149.95,279,3942
800215,150,150.7,144.95,144.95,594,4230
800219,140,140.5,139.95,139.95,123,4229
800220,132.45,139,132.45,135,381,4235
800221,138.1,139,135.8,138,399,4391
800222,133.5,133.6,133,133,164,4487
800225,129,134,128.5,128.6,419,4610
800226,131.5,133,130.5,130.5,151,4632
800227,134.5,136.2,134.2,135.6,252,4734
800228,137.4,138.5,135.5,135.5,16,4748
800229,135,137.5,134.75,134.75,13,4750
800303,133.25,135,129.75,130.25,34,4763
800304,130.4,131.2,127.1,131.2,45,4779
800305,134.5,134.5,132.8,132.8,17,4772
800306,129.5,130,127.8,127.8,48,4781
800307,124,125,122.8,122.8,99,4779
800310,117.5,118,115.3,115.3,40,4779
800311,110.5,115,110.5,113.7,1048,4708
800312,117,117.8,111,111.2,143,4687
800313,106.5,107.4,104,106.3,1089,4194
800314,106.3,111,106.2,111,47,4184
800317,107.2,107.6,106,107.6,1454,3073
800318,110,111.2,107.2,110.8,231,2869
800319,112,113,111,112.5,125,2811
800320,112,112,110.1,110.1,129,2860
800321,106.1,110,106.1,110,378,2450
800324,111.5,112,107.5,107.5,228,2293
800325,106,106.5,104.5,105.2,16,2262
800326,103,103.5,103,103.4,240,2157
800327,99,99.5,98.4,98.8,456,2076
800328,99.5,102.3,99.5,102.3,128,2050
800331,100.6,101.8,99.2,99.2,27,2050
800401,99,99.5,96.5,97.2,222,2091
800402,97.1,99.8,96.5,99.7,186,2123
800403,100.5,100.8,99,100.5,516,1896
800407,102.1,103,101.5,102.4,101,1875
800408,104.5,104.5,103.5,104.2,40,1957
800409,106,106,102.7,102.7,9,1955
800410,102,104.1,101.5,104,13,1957
800411,105.3,105.3,105.3,105.3,1,1956
800414,103.7,104,100.5,101.1,98,1908
800415,101,103.6,101,103.6,18,1908
800416,105,105,99,100.3,71,1886
800417,100.3,100.8,100.3,100.8,9,1853
800418,100.3,100.3,97.9,97.9,133,1808
800421,95.5,95.5,93.5,93.5,121,1752
800422,94.5,94.5,93.8,94.4,11,1738
800423,95.7,95.8,95.4,95.4,16,1748
800424,97.4,99,97.1,99,38,1728
800425,104,104,102.8,104,12,1722
800428,100.5,101.8,99,99.5,30,1745
800429,97.8,101.7,97.8,101.7,20,1745
800430,102,102.3,100,100.5,204,1593
800501,97.7,98.5,97.5,98.5,50,1569
800502,98.8,98.8,98.8,98.8,0,1569
800505,96.3,97.9,96.3,97.9,10,1572
800506,97.35,97.35,95.45,95.45,57,1540
800507,95,99.8,94.5,99.8,39,1532
800508,97.8,97.8,95.2,95.2,82,1508
800509,94,95.5,94,95.3,20,1490
800512,96.5,96.5,95.6,95.6,1,1491
800513,96.3,97.4,96.3,97.1,4,1490
800514,96.8,97.5,96.3,96.3,3,1490
800515,95.7,95.7,94.9,94.9,36,1497
800516,95.5,95.5,94.7,94.7,84,1552
800519,94.5,94.5,94.5,94.5,95,1464
800520,94.5,95.1,94.5,95.1,257,1612
800521,96.3,96.7,96.2,96.6,28,1605
800522,96.6,97.4,96,97.4,23,1616
800523,98.8,101.2,98.8,101.2,10,1616
800527,101.4,101.9,101,101,74,1628
800528,101.9,101.9,99.3,99.4,50,1652
800529,99.6,99.7,98.5,99,50,1670
800530,99.6,99.8,98,98.4,59,1709
800602,98.5,98.5,97.2,97.2,51,1726
800603,97,97.25,95.5,95.6,83,1724
800604,96.8,97.4,95.9,97.3,44,1772
800605,97.2,97.5,96.1,96.1,48,1771
800606,95,96.1,95,95.55,68,1774
800609,95.25,96.8,95.25,95.75,70,1772
800610,94.5,94.8,91.5,91.5,104,1783
800611,91.1,92.4,90.4,91.1,90,1798
800612,92,92.9,91.6,92.9,16,1797
800613,92.9,92.9,91.5,91.5,17,1810
800616,91.5,91.8,91.3,91.8,38,1834
800617,92,93,92,92.7,7,1835
800618,93.3,93.3,92,92.2,26,1852
800619,92.5,92.9,92.5,92.9,26,1862
800620,93.4,93.9,93.1,93.9,39,1880
800623,93.6,93.6,93.5,93.5,6,1881
800624,93.6,93.6,93.1,93.1,65,1934
800625,93.5,94.5,93.5,93.6,34,1921
800626,93.7,94,92.8,93.2,8,1930
800627,94.2,98,94,97.5,56,1960
800630,97.7,100,97.6,97.8,88,1988
800701,99,99.1,97,97,62,1996
800702,98.2,99.2,98.2,99.2,33,1976
800703,99.2,101,99.2,101,49,1998
800707,101,102.65,100.8,102.65,41,2013
800708,103,103,101,101.45,397,2268
800709,101.5,102.2,100.25,102.2,32,2264
800710,102.3,103.2,100.6,100.6,41,2262
800711,101.3,102,101.3,101.4,10,2261
800714,100.3,102.2,100.3,101.65,49,2283
800715,101.3,102,99.8,99.85,37,2260
800716,100.7,101,100.4,100.55,15,2275
800717,101.2,101.2,100.5,101.2,9,2277
800718,101.2,104.7,100.7,104.7,87,2315
800721,105.3,105.85,104.6,105.85,75,2289
800722,105.8,107.4,105.4,107.35,74,2338
800723,106.1,107.55,105.85,105.9,28,2341
800724,106.5,107.7,106,106.25,82,2330
800725,106.5,106.5,105.5,105.8,158,2282
800728,105.8,106.5,105,105.75,62,2305
800729,105,105.1,102.8,102.8,478,2321
800730,102.2,102.4,97.9,97.9,180,2475
800731,97.2,100,97.2,99,65,2482
800801,99.5,100,98.85,98.85,130,2527
800804,99.9,99.95,99.7,99.85,24,2517
800805,101,101.4,100.7,101.25,17,2520
800806,101.25,102.5,100.75,102,30,2536
800807,101.4,102,101.2,101.6,36,2487
800808,101,101.5,100.55,100.55,8,2488
800811,99.2,100.4,99.2,100.4,24,2549
800812,100.6,102.05,100.6,102.05,90,2609
800813,102.8,102.9,101.3,102.05,59,2628
800814,103,103.9,100.4,100.4,74,2641
800815,99.6,100.4,95.6,95.6,196,2621
800818,94.5,95.4,94,94.55,201,2653
800819,96,96.3,95.4,95.55,177,2673
800820,96.3,96.4,95.8,96.1,168,2565
800821,95.8,96,93.7,94.8,265,2713
800822,94.5,96.3,94.2,96.3,165,2640
800825,96.5,96.5,95.9,96,151,2594
800826,95.7,96.2,95.4,95.4,130,2626
800827,96.7,97,95.5,95.6,275,2719
800828,92,93.3,92,93.15,449,2824
800829,93.7,94.6,93.7,94.35,211,2887
800902,95,95.4,94.65,95,111,2943
800903,95.3,95.4,94.2,94.4,301,3070
800904,95.25,96.6,95.15,96.35,500,3335
800905,96.25,96.25,95.5,95.85,219,3433
800908,97.8,98.8,97.5,98.55,603,3824
800909,98.25,98.3,96.85,97.9,285,3941
800910,99.6,100.5,99.45,100.2,429,4116
800911,99.7,102,99.2,101.9,622,4292
800912,101.9,103.2,100.8,102,785,4665
800915,100,100.5,98,98.05,467,4785
800916,98.95,99.8,98.3,99.6,279,4833
800917,99.75,100.1,98.7,98.85,315,5002
800918,98.35,99.3,98,98.6,309,5163
800919,98.5,100.85,98.3,100.4,168,5197
800922,103.5,105.4,103,105.4,783,5478
800923,105.3,106.8,103.3,106.15,406,5656
800924,105.15,105.4,103.6,104.65,228,5592
800925,102.7,103.3,101.75,102.85,241,5557
800926,101.8,101.9,97.85,97.85,567,5500
800929,98.7,99,94,95.4,888,5719
800930,96.8,97.7,96.3,97.3,373,5867
801001,98.3,98.4,97.3,97.9,264,5959
801002,96,97.05,95,96.3,407,6017
801003,95.3,97.45,95.3,97.45,174,6060
801006,98,100,98,99.9,188,6104
801007,99.7,99.8,98.8,99.05,173,6209
801008,99.15,99.15,98.5,98.5,101,6233
801009,99.9,100.25,99.45,100.05,109,6242
801010,99.9,100,97,97,327,6340
801013,97.9,98.9,97.7,98.6,329,6485
801014,98.5,100.2,98.5,99.95,247,6622
801015,99.95,100.7,99.15,100.55,329,6748
801016,100.3,100.5,99,99.1,382,6740
801017,98.95,99.1,97.5,97.8,232,6749
801020,98.2,99.1,98,98.8,179,6800
801021,99.05,100.9,98.75,100.1,164,6845
801022,100.3,100.6,99.65,99.85,163,6898
801023,98.6,102,98.6,101.5,322,6881
801024,101.9,102.3,100.5,101,435,7077
801027,102,102,99.5,99.85,169,7063
801028,99.85,100.9,99.2,100.85,208,7167
801029,101.2,101.35,100.6,100.6,155,7246
801030,100.3,100.7,99.8,100.15,141,7277
801031,99.15,99.3,97.2,98.1,384,7360
801103,98.5,99,98.4,98.65,212,7454
801105,99.9,100,98.65,99.35,438,7665
801106,98.2,98.8,96.2,96.55,904,7930
801107,95.5,96.4,94.9,96.3,627,7872
801110,96.2,97,96,96.3,404,7962
801111,95.1,96,95,95.4,508,8032
801112,95.8,97.3,95.7,96.9,227,8023
801113,97.3,97.9,96.8,97,302,8091
801114,96.9,97.2,96.7,96.9,312,8259
801117,96.2,97.5,96.2,96.85,399,8467
801118,97.8,98.85,97.6,98.65,380,8606
801119,99.25,99.25,98.25,98.25,579,8998
801120,98,98.4,97.8,98.25,637,9139
801121,97.65,98.8,97.65,98.6,613,9333
801124,97.7,97.8,96,96.2,1030,9312
801125,96.7,97.3,96.3,96.3,582,9538
801126,96.8,97.6,96.4,97.2,677,9888
801128,96.5,96.7,96.1,96.2,409,9908
801201,96.7,96.8,95.6,95.9,732,10192
801202,94.65,94.9,92.6,92.9,2237,10085
801203,93.5,93.8,92.5,92.7,946,10123
801204,93.3,93.3,90.7,91.3,1476,10184
801205,90.4,91.3,90,91.15,1209,9995
801208,90.9,92.3,90.7,91.1,860,9862
801209,88.05,90,87.75,88.05,2211,9582
801210,88.25,88.4,84.75,85.35,2278,10029
801211,83.5,85.4,82.3,83.4,2187,10430
801212,83.8,86.3,83.1,85.85,1663,10143
801215,87.45,87.45,86.3,86.8,698,9857
801216,85.2,85.25,84.1,85.25,1444,9764
801217,85.9,88.4,85.9,87.4,1359,9912
801218,86.9,88.35,86.85,88.2,817,10006
801219,88.5,90.1,88.1,89.8,1669,10153
801222,89.4,90.5,89.4,89.9,793,10008
801223,90.75,91.65,90.35,90.8,1130,9799
801224,90.1,92,90,92,398,9793
801229,91.4,91.5,89.5,90.4,947,9889
801230,89.5,90.1,88.1,88.65,1087,9951
801231,88.55,89.8,88.55,89.2,502,10026
810102,88.6,90.4,87.8,90.4,563,9869
810105,91.5,93.85,91.3,93.5,1701,9746
810106,93.1,94.2,92,92.1,1074,9724
810107,90.9,91.8,89.3,90.95,1286,9657
810108,91,91.4,90,90.05,827,9544
810109,90.5,90.9,88.4,90.1,713,9617
810112,88.5,89.45,88,88.5,1096,9614
810113,88.7,89.7,88.35,89.35,1267,9480
810114,88.85,90.2,88.5,89.8,514,9635
810115,90.2,90.6,88.9,88.9,841,9590
810116,88.9,90.1,88.3,89.45,1000,9360
810119,89,89.3,88.55,89,778,9643
810120,88.8,90.35,88.25,89.9,1523,9321
810121,90.3,90.45,89.4,89.4,900,9381
810122,89,89,86.5,86.5,2300,9975
810123,86.6,87.2,86.2,86.9,1967,10465
810126,85.3,86.6,84.75,86.55,901,10609
810127,86.85,87.9,86.1,87.8,1755,11126
810128,87.3,87.45,86.05,86.15,1659,11371
810129,85.1,86.3,85.05,85.9,1297,11693
810130,85.9,87.5,85.5,87,1353,12192
810202,86.1,87,85.4,85.5,1072,12639
810203,85.6,86.25,84.9,84.95,1303,12947
810204,86.3,86.55,85.2,85.3,1784,13218
810205,85.7,86.4,85.5,86.35,2189,14234
810206,86.5,87.9,86.4,87.35,2337,15029
810209,87.85,87.95,85.2,85.4,2848,15914
810210,85.6,85.75,84.3,84.35,3773,16405
810211,83.5,84.05,83.2,83.8,2845,16496
810212,83.5,84,82.3,83.1,4043,16748
810213,83,83.9,82.7,82.85,1573,17172
810217,82.95,83,81.8,82.25,3005,17947
810218,82.5,83.15,82.5,82.85,2167,18475
810219,83.4,85.5,83.2,85.5,4417,19279
810220,85.67,85.75,84.5,84.7,4464,19863
810223,84,84.45,83.8,84.15,3529,20246
810224,84.4,85.2,84.15,84.95,4224,21796
810225,85.3,85.6,83.3,83.45,5748,22550
810226,82.75,83.3,82.4,83.1,4956,22714
810227,82.6,83.3,82.5,82.55,2288,22922
810302,81.1,81.2,79.3,79.5,8040,23353
810303,80.2,81.3,80.2,81.1,3298,23029
810304,80.5,80.65,79.7,80.4,3916,23159
810305,81.5,81.5,80.8,81.2,2244,23225
810306,81.05,82.2,81,81.7,2583,23156
810309,82,82.35,81.5,81.55,2398,23138
810310,82.65,83.2,81.3,81.55,3917,23035
810311,81,82.1,80.8,81.1,3195,23223
810312,81.5,83.5,81.45,83.4,4083,23114
810313,84.2,84.9,83.9,84.8,5360,23175
810316,85.5,86.1,84.05,84.1,4931,22663
810317,84.4,85.7,84,85.05,3234,22832
810318,84.9,87.5,84.75,87.45,6224,22775
810319,86.9,87.45,86.45,86.7,3546,22264
810320,86.4,87.6,86.4,87,3751,22514
810323,85.8,86.5,85.1,85.5,3746,22386
810324,86.7,87.2,86.25,86.35,2554,22365
810325,86.1,86.5,85.5,86.1,2865,22050
810326,87.5,88.3,87.4,87.6,4612,21902
810327,87.3,87.45,85.6,86,4689,21144
810330,85.6,85.85,84.4,85.7,3924,19256
810331,85.75,87.2,85.6,86.4,2436,20024
810401,87.1,87.4,86.35,87,2480,19722
810402,86.9,87.2,85.85,86.85,2093,19808
810403,87,87.35,86.35,86.45,1680,20108
810406,86.5,86.7,85.1,85.4,3252,19789
810407,84.8,84.9,83.9,84.7,3502,19176
810408,83.4,84.9,82.9,83.15,4199,18064
810409,82.6,83.1,82.35,82.7,2014,17094
810410,82.6,82.75,81.8,81.85,2141,16724
810413,80.8,81,80.1,80.3,2501,16086
810414,81,81.8,81,81.7,1746,15425
810415,80.8,81.5,80.55,81,812,15395
810416,81.5,82.15,81.2,81.35,1129,15338
810420,80.6,83.4,80.3,83.1,1790,14811
810421,82.6,83.25,82.35,82.7,2153,13544
810422,83.3,83.6,82.5,82.65,2550,12496
810423,82.6,83.4,82.35,83.35,2900,11841
810424,83.3,83.3,82,82.05,1686,11191
810427,82.1,82.45,81.3,81.8,3062,9478
810428,81,81.55,80.8,81.1,6015,7920
810429,80.4,80.8,80.25,80.8,1313,3759
810430,80.3,81.8,80.25,81.15,598,3298
810501,81,81.6,80.9,81.15,546,2408
810504,80.7,80.7,79.8,79.95,581,2342
810505,79.6,79.6,78.9,79.35,156,2058
810506,79.75,80.3,79.65,80.05,107,1907
810507,79.5,80.1,79.5,80.05,142,1832
810508,80.6,81.85,80.6,81.65,135,1790
810511,81.1,81.4,79.4,79.4,201,348
810512,80.1,80.1,79.4,79.9,288,394
810513,79.4,79.55,79.4,79.55,48,152
810514,78.5,78.95,78.5,78.95,211,282
810515,79.25,79.7,79.25,79.4,56,141
810518,80.15,80.9,79.9,80.7,185,264
810519,80.55,80.55,79.8,79.8,442,445
810520,79.8,79.8,79.45,79.45,150,188
810521,79.1,79.1,77.5,77.55,37,64
810522,78.2,78.3,78.15,78.2,89,70
810526,77.85,78,77.7,77.85,226,199
