800225,130.7,135,130.25,131,10,65
800226,134.5,134.75,132.9,132.9,11,75
800227,140,140,138.4,138.4,1,75
800228,140,140,139,139,8,79
800229,140,140,139.75,139.75,1,81
800303,134.75,135.25,134.75,135.25,3,81
800304,136,137,133.5,137,10,85
800305,142,142,137.8,137.8,6,93
800306,132.8,132.8,132.8,132.8,2,94
800307,130,130,127.8,127.8,4,97
800310,124,124,120.3,120.3,7,102
800311,115.3,120.8,115.3,116.5,4,106
800312,119.7,119.7,115.4,115.4,16,119
800313,111,111,109,110.5,7,118
800314,114,115.9,111.3,115.9,9,122
800317,114.6,114.6,114.6,114.6,3,121
800318,116.7,117.8,116.7,117.8,3,120
800319,119,119.9,118.5,119.5,6,119
800320,117.1,117.1,117.1,117.1,2,117
800321,117,117,117,117,0,117
800324,118.2,118.2,114.5,114.5,2,117
800325,112.5,112.5,112.2,112.2,1,118
800326,111,111,110.2,110.2,7,125
800327,107.8,107.8,105.2,105.2,3,126
800328,106,108.6,106,108.6,12,134
800331,108.5,108.5,105.3,105.3,1,134
800401,105.3,105.3,101,102.2,39,120
800402,104.4,104.4,104.4,104.4,0,120
800403,103,105.1,103,105.1,15,107
800407,105.8,107,105.8,107,11,92
800408,109,109,108.6,108.6,7,99
800409,107.1,107.1,107.1,107.1,1,98
800410,106,108.4,106,108.4,1,98
800411,109.5,109.5,109.5,109.5,0,98
800414,106,106,105.6,105.6,2,98
800415,108.1,108.1,108.1,108.1,0,98
800416,104.8,104.8,104.8,104.8,4,98
800417,105.8,106,105.4,105.5,25,118
800418,103.5,103.5,103.5,103.5,3,118
800421,98.8,98.8,97.7,97.7,5,119
800422,98,98.7,98,98.6,7,124
800423,99.3,99.6,99.3,99.6,7,127
800424,101,103.5,101,103.5,2,126
800425,108.5,108.5,107,108.5,23,108
800428,105,105,104.5,104.5,5,103
800429,107.3,107.3,107.3,107.3,0,103
800430,104.7,106.2,104.7,106.2,10,95
800501,104,104,104,104,0,95
800502,104.3,104.3,104.3,104.3,0,95
800505,102.8,102.8,102.8,102.8,6,98
800506,102,102,100,100,1,98
800507,99.8,104,99.8,104,4,100
800508,99.4,99.4,99.4,99.4,0,100
800509,99.7,99.7,99.7,99.7,0,100
800512,100.1,100.1,100.1,100.1,0,100
800513,101.6,101.7,101.6,101.7,4,98
800514,100.9,100.9,100.9,100.9,0,98
800515,100.3,100.3,99.1,99.1,4,99
800516,98.9,98.9,98.9,98.9,0,99
800519,98.7,98.7,98.7,98.7,0,99
800520,99.3,99.3,98.6,98.6,2,100
800521,100.1,100.1,100.1,100.1,10,104
800522,101.25,101.25,101.25,101.25,0,104
800523,104.95,104.95,104.95,104.95,0,109
800527,106.05,106.05,104.65,104.65,2,110
800528,102.75,102.75,102.75,102.75,0,110
800529,102.9,102.9,102.3,102.3,1,110
800530,103.3,103.3,101.8,101.8,3,109
800602,100.5,100.5,100.5,100.5,0,109
800603,100.3,100.3,98.95,98.95,15,120
800604,100.5,100.5,100.5,100.5,0,120
800605,100,101,99.95,99.95,2,121
800606,99.4,99.4,99.4,99.4,0,121
800609,100.3,100.3,100.3,100.3,0,121
800610,99,99,96.75,96.75,7,121
800611,96.9,96.9,96,96,1,120
800612,97.8,97.8,97.8,97.8,0,120
800613,96.4,96.4,96.4,96.4,2,120
800616,96.5,96.7,96.5,96.7,5,120
800617,97,98,97,97.6,4,116
800618,99.35,99.35,96.7,96.7,9,121
800619,97,97.6,97,97.4,2,121
800620,98.4,98.4,98.4,98.4,0,121
800623,98.4,98.4,98.4,98.4,0,121
800624,98,98,98,98,0,121
800625,99,99,98.5,98.5,1,121
800626,98.1,98.1,98.1,98.1,0,122
800627,102.4,102.4,102.4,102.4,0,122
800630,102,102,102,102,0,122
800701,104.5,104.5,101.3,101.3,7,127
800702,102.7,103.4,102.4,103.4,2,129
800703,103.7,105.2,103.7,105.2,3,132
800707,106,106.15,106,106.15,6,135
800708,105.3,105.3,105.3,105.3,10,133
800709,106.05,106.05,106.05,106.05,4,130
800710,104.2,104.2,104.2,104.2,0,130
800711,104.8,104.8,104.8,104.8,1,129
800714,104.8,105.4,104.8,105.15,2,126
800715,103.7,103.7,103.7,103.7,1,128
800716,104,104,104,104,0,128
800717,104.7,104.7,104.7,104.7,1,129
800718,105.4,107.5,105.4,107.5,1,128
800721,108.65,108.65,108.65,108.65,7,131
800722,110.2,110.2,110.2,110.2,0,133
800723,109.3,109.9,108.7,108.7,13,137
800724,109.1,109.1,109.1,109.1,3,137
800725,108,109.1,108,109.1,3,138
800728,109.5,109.5,108.85,108.85,2,139
800729,107.85,107.85,105.95,105.95,13,137
800730,105,105.3,101.1,101.1,40,147
800731,101.9,102.1,101.9,102.1,6,148
800801,102.5,102.8,102.45,102.45,10,155
800804,103.7,103.7,103.35,103.35,3,156
800805,104.35,104.75,104.35,104.75,1,156
800806,106.4,106.4,105.2,105.2,6,162
800807,104.9,104.9,104.9,104.9,2,164
800808,104.05,104.05,104.05,104.05,0,164
800811,102.5,103.9,102.5,103.9,16,160
800812,105.55,105.55,105.55,105.55,0,160
800813,105,105,105,105,0,158
800814,103.5,103.5,103.5,103.5,0,158
800815,99.1,99.1,99.1,99.1,12,175
800818,98.6,98.6,98.6,98.6,15,172
800819,100.1,100.4,99.8,99.8,50,185
800820,100.6,101.5,100.35,100.35,10,184
800821,100.6,100.6,99.45,99.45,43,223
800822,99,101,99,100.95,15,236
800825,101,101,100.9,100.9,31,245
800826,100.8,100.8,100.3,100.3,11,265
800827,101.8,101.8,100.4,100.4,13,271
800828,98.6,98.6,98.6,98.6,18,271
800829,100,100.5,100,100,2,272
800902,100.75,101.2,100.1,100.1,4,272
800903,100.5,100.5,99.95,99.95,10,275
800904,102.2,102.2,101.5,101.55,3,279
800905,101.5,101.5,100.85,100.85,24,289
800908,101.85,104.2,101.85,104,239,408
800909,103.9,104.2,102.9,103.25,326,510
800910,105.5,105.6,105.2,105.45,67,565
800911,105,107.5,105,107.25,163,652
800912,107.4,109.5,107.4,107.8,58,685
800915,106.8,106.8,104.25,104.25,66,709
800916,104.6,105.4,104.6,105.4,53,713
800917,105.7,105.7,104.55,104.55,58,718
800918,104,104.1,103.6,104.1,9,717
800919,106.2,106.5,105.8,105.8,15,730
800922,108.5,110.8,108.5,110.8,58,739
800923,111,112,111,111.4,24,753
800924,109.8,111,108.2,109.9,32,760
800925,108.2,108.3,107.7,108.1,54,786
800926,107.1,107.15,103.1,103.15,79,760
800929,104.5,105,100.8,100.8,40,773
800930,102,103.3,102,102.9,65,809
801001,104.3,104.3,103.65,103.65,2,807
801002,102.1,102.25,102,102.25,5,810
801003,102.4,103.7,102,103.7,39,811
801006,104.6,105.95,104.6,105.95,15,810
801007,105.65,105.65,104.85,104.85,12,809
801008,104.05,104.05,104.05,104.05,32,810
801009,105.8,105.8,105.2,105.3,12,810
801010,104.7,104.7,102.3,102.3,6,809
801013,104.1,104.7,104.1,104.2,0,811
801014,105.7,105.7,105.7,105.7,1,811
801015,105.9,106.5,105.4,105.9,58,830
801016,105.5,105.5,104.1,104.1,8,826
801017,104.2,104.2,103.4,103.4,12,826
801020,104.2,104.5,104.2,104.2,24,831
801021,104.8,105.4,104.5,105.4,13,839
801022,105.4,105.7,105.15,105.15,7,840
801023,105.25,107,104.7,107,53,884
801024,107.6,107.6,106.1,106.1,91,897
801027,106.5,106.6,105,105,31,899
801028,104.6,105.9,104.6,105.9,26,897
801029,106.4,106.4,105.85,105.85,8,901
801030,105.3,105.5,105.3,105.4,20,902
801031,103.8,104.2,103.35,103.35,19,906
801103,104.4,104.4,103.75,103.75,3,900
801105,104.8,105.7,104.05,104.7,111,978
801106,104.1,105,102.05,102.05,103,1035
801107,100.8,101.8,100.55,101.8,105,1004
801110,101.9,102.3,101.75,101.9,62,1031
801111,101,101.75,100.6,101.1,51,1050
801112,102.5,102.5,102,102.45,42,1068
801113,103.1,103.3,102.7,102.7,126,1077
801114,102.7,103.1,102.2,102.5,79,1097
801117,102,102.45,102,102.45,32,1097
801118,103.85,104.3,103.75,104.3,26,1100
801119,104.4,104.4,103.8,103.9,15,1103
801120,103.7,104.1,103.6,103.95,28,1120
801121,103.5,104.35,103.5,104.35,45,1157
801124,103.3,103.3,101.5,101.9,176,1234
801125,102.5,102.75,102,102,25,1246
801126,102.5,103.35,102.5,103.2,139,1312
801128,102.5,102.6,102.15,102.15,27,1336
801201,102.35,102.45,102.15,102.15,57,1343
801202,101.3,101.3,99.2,99.5,169,1368
801203,100.3,100.5,99.4,99.4,98,1381
801204,100,100.5,97.3,98.1,130,1389
801205,97.5,98.1,96.6,97.8,189,1432
801208,97.5,98.8,97.5,98.25,117,1452
801209,97,97,94.6,95,156,1487
801210,95.4,95.4,91.6,92.05,379,1567
801211,90.25,92,88.2,89.8,311,1696
801212,90,91.7,89.2,91.7,224,1596
801215,93.3,93.3,91.5,92.6,329,1620
801216,90.7,91.35,89.8,91.35,136,1630
801217,92.2,95.1,92.2,93.85,504,1920
801218,94.6,94.9,93.3,94.9,266,2152
801219,95,96.8,95,96.4,151,2163
801222,96.2,97,95.9,96.3,225,2276
801223,96.7,97.5,96.5,96.75,165,2269
801224,96,97.9,96,97.9,141,2393
801229,97.5,97.5,95.8,96.5,171,2500
801230,95.8,96.1,95.15,95.15,152,2537
801231,95.5,96.3,95.5,95.8,86,2524
810102,95.1,96.6,95,96.6,17,2530
810105,97.9,99.8,97.9,99.4,294,2586
810106,99,99.8,98.25,98.25,105,2620
810107,97.5,97.65,95.5,97.3,53,2615
810108,97.5,97.5,96.7,96.7,48,2612
810109,97.1,97.1,95.55,96.7,43,2652
810112,95.2,96.4,95.2,95.2,37,2661
810113,94.6,96.5,94.6,95.95,69,2676
810114,96,96.8,95.8,96.5,23,2684
810115,96.8,96.8,95.3,95.6,167,2670
810116,95.7,96.3,95.4,96.15,96,2732
810119,95.5,96,95.2,95.7,71,2738
810120,95.4,97.1,95.2,96.8,46,2769
810121,97.1,97.3,96.2,96.25,174,2698
810122,95.2,95.2,93.55,93.55,173,2726
810123,93.8,94.2,93.5,94,125,2719
810126,92.25,93.9,92.2,93.75,112,2732
810127,94,95.05,93.9,95.05,81,2725
810128,94.7,94.9,93.25,93.25,485,3115
810129,92.5,93.8,92.5,93.25,346,3247
810130,93.4,94.9,93.3,94.4,162,3270
810202,93.5,94.1,92.65,92.65,110,3278
810203,92.7,93.25,92.1,92.1,138,3319
810204,93.25,94,92.7,92.7,121,3305
810205,93,94.2,93,93.95,55,3289
810206,94.45,95.2,94.4,94.95,73,3294
810209,95.15,95.7,93.25,93.25,160,3347
810210,93.45,93.8,92.2,92.6,259,3377
810211,91.4,92.7,91.4,92.35,278,3417
810212,92.25,92.35,91,91.4,187,3487
810213,91.3,92.5,91.3,91.35,243,3599
810217,91.5,91.65,90.8,91.1,257,3634
810218,91.5,91.9,91.2,91.45,359,3599
810219,92.1,93.9,92,93.9,402,3770
810220,94,94,92.8,92.8,188,3842
810223,92.3,92.5,92,92.1,233,3900
810224,92.4,93.1,92.3,92.55,100,3955
810225,93.2,93.5,90.5,91.1,291,4078
810226,90.1,91.1,90,91,172,4167
810227,90.9,91.05,90.45,90.45,193,4195
810302,89,89.2,87.4,87.4,304,4238
810303,88.2,89.2,88.2,89.05,156,4245
810304,88.4,88.4,87.5,88.05,553,4379
810305,88.3,89.1,88.3,88.85,227,4430
810306,88.8,89.85,88.75,89.65,228,4450
810309,89.8,90.5,89.4,89.5,308,4487
810310,90.6,91.05,89.1,89.2,154,4520
810311,88.75,89.6,88.6,88.7,176,4486
810312,89.2,91.5,89,91,411,4701
810313,92.15,92.4,91.7,92.35,566,4926
810316,93.5,93.5,91.55,91.55,395,5006
810317,91.8,93.2,91.7,92.45,480,5043
810318,92.35,95,92.2,94.7,932,5244
810319,94.3,94.9,93.8,94.05,823,5454
810320,94,94.9,93.8,94.45,684,5407
810323,93.3,94,92.85,92.95,364,5457
810324,94.1,94.7,93.7,93.7,109,5493
810325,93.6,93.65,92.8,93.4,244,5540
810326,95,95.5,94.7,94.7,688,5984
810327,94.6,94.6,92.8,93.2,392,6058
810330,92.5,93.3,91.8,93,608,6027
810331,93.5,94.5,93,93.9,311,6136
810401,94.3,94.9,93.9,94.5,550,6252
810402,94.5,94.7,93.5,94.3,362,6358
810403,94.5,94.8,93.8,93.85,203,6377
810406,93.8,94.25,92.7,93,280,6479
810407,92,93.2,92,92.85,624,6486
810408,93,93,91,91.3,859,6637
810409,90.65,91.3,90.3,90.75,556,6563
810410,90.8,91,90.05,90.05,455,6506
810413,89,89.2,88.5,88.7,686,6511
810414,89.7,90.35,89.65,90.1,906,6711
810415,89.45,89.7,89,89.2,515,7017
810416,90,90.4,89.6,89.75,314,7065
810420,89,92,88.8,91.7,309,7058
810421,92,92.3,91.3,91.45,712,7216
810422,92.2,92.5,91.2,91.35,512,7344
810423,91.5,92,91.25,91.9,1464,8181
810424,92,92,90.65,90.65,1137,8738
810427,90.85,91.1,90.3,90.5,714,9136
810428,90.3,90.6,89.9,90.15,1328,9820
810429,89.6,89.9,89.1,89.3,539,9967
810430,88.9,89.8,88.7,89.75,767,10103
810501,89.65,90.25,89.6,89.65,432,10288
810504,89.15,89.65,88.7,88.8,375,10314
810505,88.25,88.6,88,88.55,631,10277
810506,89.05,89.45,88.65,89,614,10313
810507,88.7,89.15,88.65,89,571,10423
810508,89.7,90.6,89.65,90.4,874,10664
810511,90.2,90.3,88.5,88.55,822,10878
810512,88.8,89.25,88.1,88.95,558,10890
810513,88.55,88.65,88.15,88.3,331,10980
810514,87.5,88,87.4,87.7,898,11128
810515,88.2,88.6,88.1,88.1,441,11190
810518,88.8,89.3,88.4,89.2,471,11322
810519,89,89,87.8,87.9,761,11529
810520,88,88.2,87.8,87.8,649,11661
810521,87.6,89.8,85.5,85.75,2047,11902
810522,86.3,86.5,86,86.35,736,11826
810526,85.9,86.15,85.7,85.8,526,11856
810527,85.8,87.1,85.6,87,1133,12054
810528,87.8,88.95,87.5,87.5,885,12339
810529,87.3,87.95,87.25,87.6,643,12575
810601,88.2,88.7,87.25,87.55,810,12735
810602,87,87.15,86.5,86.85,971,12889
810603,86.65,86.9,84.1,84.4,1860,13077
810604,83.85,84.95,83.5,84.35,2214,13378
810605,83.75,83.75,82.3,82.6,1516,13372
810608,83.4,84.8,83.15,83.2,1620,13890
810609,83.5,83.9,83.1,83.45,557,13742
810610,84.4,85,84.2,84.6,909,13694
810611,84.6,85.2,84.45,84.7,826,13715
810612,85.35,85.7,85,85.25,697,13970
810615,86,86.35,85,85.15,1021,14200
810616,85,85.35,84.9,85.05,450,14142
810617,84.7,84.7,84.25,84.25,910,14244
810618,83.6,83.9,83.5,83.55,1477,14588
810619,83.35,84.4,83.25,84.4,1641,14788
810622,84.75,85.05,84.3,84.4,1307,15025
810623,84.8,85.25,84.6,84.65,742,15168
810624,84.62,84.75,83.7,83.8,1036,15605
810625,83.22,83.4,82.5,82.95,2636,16364
810626,82.5,82.95,82.45,82.5,1768,16648
810629,81.9,81.9,81.25,81.3,1714,16705
810630,81.45,81.75,81.05,81.35,1472,16493
810701,81.5,81.65,80.1,80.3,1499,16683
810702,80.6,80.8,80,80.3,1397,16714
810706,79.8,80.25,79.4,79.95,1101,16422
810707,80.8,81.25,80.65,80.75,1119,16534
810708,80.6,80.85,80.25,80.5,970,16391
810709,81.27,83.3,81,83.1,2179,16727
810710,83.15,83.3,82.25,83,1376,16760
810713,82.7,82.7,81.55,81.65,1320,16692
810714,80.95,82,80.5,81.6,1514,16856
810715,82.5,82.8,82,82.05,1419,16996
810716,83.1,83.15,82.25,82.3,1228,17084
810717,82.1,83.6,82.1,82.5,1488,17618
810720,82.5,82.7,81.05,81.1,1677,17878
810721,80,80.9,80,80.65,1975,17985
810722,81.25,81.5,81,81.05,1685,18464
810723,81.1,81.6,80.8,81.55,1238,18508
810724,81.7,82.5,81.6,81.9,1294,18664
810727,82.4,82.4,81.1,81.15,1391,18784
810728,81.5,84.3,81.35,84.1,4694,19345
810729,84.5,86.8,84.3,86.65,5943,19665
810730,85.8,86.4,85.4,85.95,4039,19633
810731,85.7,87.8,85.45,87.7,3699,20572
810803,86.4,87.2,85.55,87.15,5694,22761
810804,87.4,88,86.75,86.9,5353,23802
810805,86.95,87.4,86,87,4164,25065
810806,86.4,87.4,86.3,86.55,2896,25621
810807,85.6,86.35,85.3,85.35,3948,25792
810810,84.7,85.05,84.55,84.7,2561,26167
810811,85.2,87.6,85.1,87.5,6056,26995
810812,89.2,89.5,87.7,88.25,7956,28181
810813,88.2,88.65,87.85,88,3485,28265
810814,89.2,89.4,88.1,88.35,3351,28367
810817,88.9,88.9,87.9,88.25,3801,28921
810818,88.25,88.3,87.15,87.55,4636,30063
810819,87.7,87.8,85.35,85.85,8650,29131
810820,84.75,86.8,84.75,86.15,6595,29261
810821,86.3,86.45,84.1,84.5,8115,29250
810824,83.9,84.1,82,82,7692,29325
810825,81.8,82.5,79.5,79.7,12863,29085
810826,80.35,80.45,79.75,80.1,7903,30530
810827,80.75,81.5,80.5,81.45,5566,31728
810828,82.1,82.95,81.75,82,4045,31530
810831,82.2,82.2,80.45,81.3,3944,30943
810901,80.7,81.1,80.15,80.6,4393,31660
810902,80.85,81.85,79.8,81.4,5163,32218
810903,81.85,82.6,81.65,82.4,3841,32188
810904,81.9,81.95,80.7,80.8,3163,32092
810908,81,81.1,78.35,78.4,9864,31987
810909,78.7,79.2,77.9,78.9,4646,32664
810910,79.8,81,79.7,80.4,4830,32458
810911,80.9,81,79.7,80.95,3410,32617
810914,81.5,82,80.4,81.95,4909,32215
810915,81.8,83.5,81.35,83.3,8578,31571
810916,82.7,83.45,82.25,82.85,5335,30472
810917,83.1,83.1,80.3,80.65,6728,29236
810918,80.7,81.3,80.5,81.05,3107,28881
810921,81.8,82.6,81.7,82.2,3152,28751
810922,81.4,81.6,80.3,80.5,3365,28749
810923,80.5,80.5,78.75,78.8,5769,29346
810924,78.4,79.9,77.8,79.85,6732,29955
810925,79.7,79.95,77,77.25,8003,30109
810928,75,76.9,75,76.7,7659,29908
810929,77.2,77.5,76.4,76.6,2593,29580
810930,76,77.2,76,76.7,2889,29561
811001,78,78,77,77.5,3458,28467
811002,76.7,77.5,76.7,77.45,3725,28022
811005,77.45,78.65,77.15,77.35,4497,27845
811006,77.5,79.3,77.35,78,5504,28099
811007,77.9,78.7,77.7,78.2,2670,28016
811008,78.3,79.2,78.3,78.95,2969,27551
811009,79.95,79.95,77.7,78.75,5210,26574
811012,78.35,78.7,77.9,78,2202,26581
811013,77.6,77.8,77.05,77.35,3040,26903
811014,77,77.6,76.8,77,3146,26950
811015,76.22,76.6,75.6,75.8,4124,26945
811016,75.9,76,74.5,74.8,5489,27149
811019,75.1,75.8,74.9,75.7,3583,27701
811020,75.9,75.9,74.8,74.8,2724,27901
811021,74.7,75.8,74.25,75.2,4230,27726
811022,75.8,76,74.9,75,3143,27415
811023,75.3,75.4,74.7,75.15,2888,27477
811026,74.5,74.85,74.35,74.5,2530,27290
811027,74.6,75.1,74.5,74.85,2283,27140
811028,74.95,75.5,74.8,74.85,1809,27115
811029,75,76.9,74.75,76.75,7120,26076
811030,76.6,77.75,76.35,77.05,4402,25548
811102,77.05,77.25,76.4,76.5,3617,24797
811103,76.2,76.6,75.9,76.45,2674,24291
811104,76.6,77.6,76.2,76.6,3017,23614
811105,76.5,77.2,76.45,76.6,1823,23376
811106,76.5,76.85,76.3,76.5,1055,23068
811109,76.9,77.7,73.8,74.3,7531,22158
811110,74.2,74.85,73.6,73.65,4271,21147
811111,73.5,74.75,73.5,74.45,3545,20553
811112,74.5,74.9,74.3,74.8,1935,19930
811113,74.8,75.1,74.7,74.9,1499,19410
811116,74.1,74.4,73,73.05,3315,18007
811117,72.85,73.3,72.55,73.1,3234,17330
811118,73.2,73.95,73,73.6,2835,16296
811119,72.8,73.2,71.8,71.9,3560,15256
811120,72.15,72.7,71.65,71.85,2563,14399
811123,71.35,71.65,70.8,70.85,3529,12776
811124,71.5,71.6,71.05,71.4,6217,10101
811125,72.3,72.35,71.5,71.6,5658,7247
811127,72.2,73.1,72.05,73.05,1438,3108
811130,74,74.2,72.8,73.25,990,2609
811201,73.25,74.25,72.6,74.2,1232,2300
811202,75.7,76.6,75.3,76.5,820,1566
811203,75.8,75.8,74.6,74.9,283,1323
811204,76.1,76.9,76,76.55,276,1160
811207,75.8,76,75.05,75.25,354,908
811208,74.75,75.25,74,74,173,691
811209,73.65,73.65,72.15,72.15,204,637
811210,71.75,71.75,70.4,70.5,199,465
811211,71.25,71.25,70.55,70.6,107,380
811214,72,72.6,71.6,72.6,166,295
811215,72,72.2,71.8,72.2,451,640
811216,73,73.6,73,73.6,132,695
811217,73,74.05,73,74.05,114,347
811218,74.3,74.3,72.05,72.05,265,500
811221,71.9,72.05,71.4,72.05,29,284
811222,72,73.25,72,72.75,43,227
811223,72.45,72.7,72.4,72.4,179,385
811224,72.6,73.2,72.6,72.9,130,381
811228,72.8,73.2,72.8,73.2,286,326
