800714,107.65,107.65,107.65,107.65,1,4
800715,106.45,106.45,106.45,106.45,0,4
800716,106.5,106.5,106.5,106.5,0,4
800717,107.2,107.2,107.2,107.2,0,4
800718,107.9,109.5,107.9,109.5,1,4
800721,110.65,110.65,110.65,110.65,0,4
800722,112.2,112.2,112.2,112.2,0,4
800723,112.2,112.2,110.45,110.45,6,10
800724,111.1,111.1,111.1,111.1,0,10
800725,111.3,111.3,111.3,111.3,0,10
800728,111.3,111.3,111.05,111.05,1,11
800729,110,110,108.2,108.2,1,12
800730,107.5,107.5,103.2,103.2,3,14
800731,104.15,104.15,104.15,104.15,0,14
800801,104.7,104.7,104.7,104.7,0,14
800804,105.6,105.6,105.6,105.6,0,14
800805,106.9,107,106.9,107,2,16
800806,107.2,107.2,107.2,107.2,0,16
800807,107.5,107.5,107.15,107.15,1,17
800808,106.3,106.3,106.3,106.3,0,17
800811,106,106.15,106,106.15,2,19
800812,106.8,107.8,106.8,107.8,2,21
800813,108,108,107,107,1,22
800814,108,108,105.5,105.5,2,23
800815,101.35,101.35,101.35,101.35,3,25
800818,101,101.1,101,101.1,3,28
800819,102.6,102.6,102.55,102.55,2,30
800820,103.1,103.1,103.1,103.1,0,30
800821,102.45,102.45,102.45,102.45,0,30
800822,102.2,103.95,102.2,103.95,1,31
800825,104.15,104.15,104.15,104.15,1,30
800826,103.55,103.55,103.55,103.55,0,30
800827,103.5,103.5,103.5,103.5,0,30
800828,101.2,102.7,101.2,102.05,6,32
800829,103.3,103.45,103.3,103.45,1,35
800902,105,105,103.4,103.4,2,37
800903,103.4,104,103.4,103.4,2,38
800904,105,105,104.6,104.8,1,38
800905,104.1,104.1,104.1,104.1,12,39
800908,106.6,107.5,105.8,107.5,1,40
800909,107.3,107.3,107,107,50,71
800910,109,109.2,109,109.2,3,71
800911,111.2,111.2,108.8,111.1,4,71
800912,111.8,111.8,111.8,111.8,0,71
800915,108.8,108.8,108.8,108.8,0,71
800916,109.7,109.7,109.7,109.7,0,71
800917,108.8,108.8,108.8,108.8,3,74
800918,108.2,108.2,108.2,108.2,0,74
800919,108.6,110.8,108.6,109.75,2,75
800922,114,114.75,114,114.75,5,78
800923,115.2,115.2,115.2,115.2,1,79
800924,113.8,113.8,113.8,113.8,51,84
800925,112.2,112.2,112,112,0,90
800926,107.2,107.2,107.2,107.2,0,90
800929,107,107,104.3,104.85,4,90
800930,107.5,107.5,106.6,107.2,6,91
801001,107.8,108.05,107.8,108.05,1,90
801002,106.8,106.8,106.65,106.65,6,92
801003,106.65,108.1,106.65,108.1,6,94
801006,110.3,110.3,110.2,110.2,28,101
801007,109.1,109.1,109.1,109.1,43,108
801008,108.05,108.05,108.05,108.05,12,110
801009,109,109.05,109,109.05,1,109
801010,108,108,106.2,106.2,2,111
801013,108.1,108.2,108.1,108.2,1,111
801014,109.85,109.85,109.85,109.85,0,111
801015,110.3,110.3,109.9,109.9,15,123
801016,107.85,107.85,107.85,107.85,8,126
801017,107.6,107.6,107.6,107.6,0,125
801020,108.3,108.3,108.3,108.3,0,125
801021,109.4,109.4,109.4,109.4,0,125
801022,109.15,109.15,109.15,109.15,2,127
801023,108.05,111,108.05,111,4,128
801024,109.85,109.85,109.85,109.85,0,126
801027,109,109,109,109,0,126
801028,110,110,109.9,109.9,2,124
801029,110,110,109.85,109.85,6,128
801030,109.7,109.7,109.4,109.4,2,132
801031,107.35,107.35,107.35,107.35,5,137
801103,107.6,107.6,107.6,107.6,0,137
801105,108.65,108.65,108.65,108.65,20,147
801106,107,107,106,106,13,152
801107,105,105.75,104.2,105.75,11,152
801110,105.9,106,105.9,106,1,152
801111,105.1,105.2,105.1,105.2,1,152
801112,106.55,106.55,106.55,106.55,0,152
801113,107.2,107.35,106.8,106.8,6,155
801114,106.6,106.6,106.6,106.6,1,153
801117,106.6,106.6,106.55,106.55,1,154
801118,107.7,108.3,107.7,108.3,1,153
801119,107.9,107.9,107.9,107.9,0,153
801120,107.3,107.95,107.3,107.95,1,153
801121,108.35,108.35,108.35,108.35,1,153
801124,105.9,105.9,105.9,105.9,0,154
801125,106,106,106,106,0,154
801126,107.45,107.45,107.45,107.45,0,154
801128,106.15,106.15,106.15,106.15,1,154
801201,106.4,106.4,106.4,106.4,0,154
801202,104,104,104,104,1,155
801203,104.5,104.5,103.9,103.9,4,157
801204,104,104,102.8,102.85,27,176
801205,102.05,102.3,102.05,102.3,2,177
801208,102.6,103.5,102.1,103,22,191
801209,101,101,99.35,99.35,35,170
801210,99.55,99.55,95,96.15,15,176
801211,94.6,95,93.5,93.8,25,196
801212,94,95.2,94,95.2,8,202
801215,95.7,95.7,95.6,95.6,11,208
801216,93.8,94.6,92.2,94.6,17,200
801217,97.75,97.75,97.75,97.75,3,200
801218,98.9,98.9,98.9,98.9,2,202
801219,99.8,100.4,99.8,100.4,3,202
801222,100.1,100.4,100,100.3,8,204
801223,100.5,100.5,100.5,100.5,0,205
801224,101.4,101.4,101.4,101.4,4,207
801229,101.1,101.1,99.6,100.25,14,208
801230,99.8,99.8,98.75,99.25,8,208
801231,99.7,100.25,99.7,99.9,12,212
810102,100.5,100.5,100.5,100.5,0,212
810105,103.2,103.2,103.2,103.2,0,212
810106,102.6,102.6,102.05,102.05,2,211
810107,101.3,101.3,101.3,101.3,0,211
810108,100.9,100.9,100.9,100.9,0,211
810109,100,101.4,100,100.9,1,212
810112,99.45,99.45,99.45,99.45,0,212
810113,100.1,100.1,100.1,100.1,0,212
810114,100.7,100.7,100.7,100.7,0,212
810115,99.8,99.8,99.8,99.8,0,212
810116,100.35,100.35,100.35,100.35,0,212
810119,99.7,99.9,99.7,99.9,1,211
810120,101.15,101.15,101.15,101.15,0,211
810121,101.25,101.25,100.45,100.45,5,216
810122,99,99,97.7,97.75,8,220
810123,98.5,98.5,98.2,98.2,32,232
810126,98.25,98.25,98.25,98.25,4,228
810127,99.5,99.5,99.5,99.5,0,228
810128,99.2,99.3,97.55,97.55,14,233
810129,96.7,97.5,96.5,97.5,9,234
810130,98.9,98.9,98.75,98.75,9,234
810202,97.5,97.5,96.9,96.9,1,233
810203,97.25,97.25,96.35,96.35,2,233
810204,97.9,97.9,97,97,151,306
810205,97.5,98.4,97.5,98.4,5,308
810206,99.4,99.45,99.4,99.45,4,310
810209,99.3,100,97.75,97.75,12,320
810210,97.3,97.3,97.3,97.3,58,343
810211,97.3,97.3,97.3,97.3,3,319
810212,96.35,97.6,96.25,96.35,59,342
810213,96.3,96.3,96.3,96.3,0,342
810217,96.6,96.6,96.6,96.6,1,343
810218,96.3,96.7,96.3,96.5,5,345
810219,97.6,98.65,97.6,98.65,153,294
810220,98.2,98.2,97.35,97.35,1,294
810223,96.8,96.8,96.8,96.8,0,294
810224,97.4,97.4,97.05,97.05,2,295
810225,97,97,95.6,95.6,4,299
810226,95.7,95.7,94.8,95.7,1,300
810227,95.4,96,95.1,95.1,110,292
810302,93.8,93.8,92.15,92.15,1,293
810303,93,93.85,93,93.85,7,296
810304,93.5,93.5,92.7,92.7,67,299
810305,93.1,94,93.1,93.5,32,316
810306,94,94.65,94,94.65,3,316
810309,95.1,95.7,94.35,94.35,5,316
810310,95.4,95.4,93.9,93.9,2,316
810311,94.1,94.1,93.25,93.25,1,317
810312,94.5,95.55,94.5,95.55,1,317
810313,96.7,97.1,96.5,97.1,5,318
810316,98.6,98.6,96.3,96.35,3,321
810317,97.25,97.25,97.25,97.25,1,322
810318,98.2,99.35,98.2,99.35,3,320
810319,99,99.4,98.7,98.7,6,319
810320,99,99.7,98.9,99.4,16,326
810323,98.5,99,98,98,8,334
810324,98.4,98.4,98.4,98.4,1,334
810325,98.3,99,98,98.25,42,336
810326,100,100,99.4,99.4,8,341
810327,99.3,99.3,98.1,98.1,3,342
810330,96.4,97.8,96.4,97.8,365,574
810331,98.6,98.85,98.6,98.85,6,574
810401,99.65,99.65,99.4,99.4,93,643
810402,99.2,99.2,99.05,99.05,105,745
810403,98.6,98.6,98.6,98.6,0,745
810406,98,98,98,98,200,943
810407,98.25,98.25,98.25,98.25,30,943
810408,96.65,96.65,96.65,96.65,6,948
810409,95.8,96.6,95.8,96.05,22,954
810410,96.2,96.6,95.5,95.5,17,954
810413,94.75,94.75,94.2,94.4,23,957
810414,95.8,95.8,95.55,95.55,1,956
810415,94.5,95.3,94.45,94.5,8,955
810416,95.7,95.7,95.1,95.1,12,955
810420,94.6,97.25,94.6,97.25,29,968
810421,97.75,97.75,97.1,97.1,39,997
810422,97.1,97.1,97.1,97.1,9,999
810423,97.8,97.8,97.6,97.6,29,998
810424,97.9,97.9,96.2,96.2,2,998
810427,96.5,96.5,96.2,96.2,29,1018
810428,95.9,95.9,95.45,95.45,3,1017
810429,94.7,94.8,94.6,94.7,49,1017
810430,94.25,95.2,94,95.2,32,1043
810501,95.3,95.7,95.1,95.1,7,1041
810504,94.95,94.95,94.4,94.4,275,1088
810505,94,94.4,93.9,94.4,29,1082
810506,94.5,95.4,94.5,94.75,51,1062
810507,94.6,94.9,94.6,94.9,37,1096
810508,95.7,96.1,95.5,96.1,21,1097
810511,96,96,94.6,94.6,18,1090
810512,95.3,95.3,94.5,95.1,75,1135
810513,94.8,94.8,94.15,94.15,131,1228
810514,93.8,93.8,93.5,93.55,35,1230
810515,94.2,94.4,93.85,93.85,9,1230
810518,94.5,94.95,94.5,94.95,11,1232
810519,93.8,94,93.6,93.6,6,1240
810520,93.8,93.8,93.5,93.55,51,1283
810521,93.3,93.3,91.6,91.6,29,1303
810522,91.9,92.3,91.9,92.1,20,1323
810526,91.7,91.8,91.45,91.45,33,1327
810527,91.45,92.6,91.45,92.6,51,1341
810528,93.9,93.9,93,93,18,1353
810529,93.25,93.3,93,93.2,15,1362
810601,93.8,94.1,93.05,93.05,31,1384
810602,92.7,92.8,92.4,92.4,78,1409
810603,92.4,92.45,89.95,89.95,283,1604
810604,89.35,90.1,89,89.6,420,1456
810605,89,89,87.6,87.75,475,1734
810608,88.55,89.7,88.5,88.5,35,1729
810609,88.7,88.8,88.5,88.65,143,1820
810610,89.4,90,89.4,89.75,36,1825
810611,89.8,90.6,89.75,89.9,44,1825
810612,90.7,90.8,90.3,90.45,159,1944
810615,91.25,91.5,90.3,90.3,52,1935
810616,90.2,90.45,90.15,90.2,108,2001
810617,89.95,89.95,89.4,89.4,37,2007
810618,89,89.1,88.9,88.9,137,2135
810619,88.9,89.75,88.9,89.75,22,2141
810622,90.15,90.35,89.75,89.75,5,2145
810623,90.4,90.4,89.9,89.9,272,2167
810624,89.9,89.9,89,89,149,2153
810625,88.6,88.6,87.8,88.15,153,2112
810626,87.9,88.2,87.7,87.8,22,2107
810629,87.4,87.4,86.8,86.85,151,2162
810630,87.1,87.2,86.7,86.8,31,2174
810701,87.2,87.2,85.8,85.85,41,2195
810702,86.05,86.35,85.7,85.95,351,2075
810706,85.2,85.5,85.2,85.5,14,2070
810707,86.4,86.5,86.35,86.35,13,2074
810708,86.2,86.3,86,86.1,52,2071
810709,86.77,88.8,86,88.8,18,2077
810710,88.6,88.65,88.6,88.65,20,2079
810713,88.25,88.25,87.3,87.3,12,2081
810714,86.6,87.3,86.5,87.3,33,2097
810715,88.2,88.35,87.7,87.7,24,2104
810716,88.7,88.8,87.8,87.95,16,2102
810717,87.7,88.4,87.7,88.1,68,2136
810720,88.1,88.1,86.85,86.85,46,2170
810721,86.1,86.55,86,86.55,35,2176
810722,87.3,87.3,86.95,86.95,47,2208
810723,86.9,87.4,86.8,87.4,14,2215
810724,88.15,88.15,87.7,87.7,3,2217
810727,87.6,87.6,86.95,86.95,8,2214
810728,88.6,89.65,88.4,89.65,122,2285
810729,89.9,92.15,89.9,92.15,167,2306
810730,91,92,91,91.4,148,2363
810731,91,93.1,91,93.1,13,2367
810803,91.9,92.9,91.15,92.9,134,2434
810804,93.1,93.3,92.4,92.8,102,2489
810805,92.1,93.3,92.1,93.05,255,2535
810806,92.5,93.1,92.5,92.5,167,2658
810807,91.8,91.8,91.3,91.3,15,2664
810810,90.5,91,90.5,90.75,78,2671
810811,91,93.5,91,93.5,228,2611
810812,95.2,95.5,93.9,94,113,2648
810813,94,94.3,93.6,93.7,53,2653
810814,95,95,93.8,94.15,90,2672
810817,94.5,94.55,93.6,94,21,2682
810818,94.1,94.1,93.3,93.4,59,2722
810819,92.6,92.9,91.8,91.85,166,2806
810820,90.85,92.2,90.85,92.15,160,2868
810821,92.4,92.4,90.65,90.7,457,3309
810824,90.25,90.3,88.2,88.2,463,3544
810825,88.05,88.65,85.8,85.85,450,3816
810826,86.4,86.6,86,86.25,160,3917
810827,87,87.6,86.7,87.55,575,4224
810828,88.2,89.05,87.95,88.1,51,4194
810831,87.7,88.05,86.75,87.45,156,4303
810901,86.8,87.1,86.3,86.75,139,4348
810902,87.1,88,86.7,87.6,324,4581
810903,87.9,88.65,87.9,88.4,88,4593
810904,87.9,87.9,86.75,86.75,66,4547
810908,86.6,86.7,84.2,84.3,404,4534
810909,84.6,85.2,83.7,84.95,379,4715
810910,86.1,86.9,86.1,86.3,178,4789
810911,86.3,86.75,85.6,86.75,40,4790
810914,87.1,87.8,86,87.65,160,4883
810915,87.3,89.4,87.2,89,238,4782
810916,88.3,89,88.1,88.5,434,4853
810917,88.5,88.6,85.8,86.2,445,4907
810918,86.2,86.65,86,86.5,215,4987
810921,87,88,87,87.6,127,5036
810922,86.9,86.9,85.5,85.75,114,5057
810923,85.6,85.6,84.1,84.1,236,5076
810924,83.4,85.1,83.4,85,386,5324
810925,85,85,81.9,82.1,282,5282
810928,80.1,81.8,79.8,81.5,568,5194
810929,82.2,82.5,81.6,81.6,97,5215
810930,81,82.35,81,82.1,590,5203
811001,83.4,83.45,82.4,83,515,5117
811002,82.4,82.9,82.3,82.85,269,5310
811005,82.85,83.9,82.6,82.6,199,5342
811006,82.8,84.3,82.8,83.25,224,5343
811007,83.15,83.6,83.15,83.3,318,5428
811008,83.4,84.35,83.4,84.05,161,5508
811009,84.9,84.9,83.4,83.9,177,5537
811012,83.7,83.8,83.15,83.15,118,5536
811013,82.7,82.8,82.1,82.35,72,5530
811014,82.05,82.6,82,82.05,50,5540
811015,81.2,81.5,80.7,80.8,355,5565
811016,80.6,80.9,79.8,79.8,381,5711
811019,80,80.8,80,80.8,191,5673
811020,80.85,80.9,79.9,79.95,175,5694
811021,79.75,80.8,79.5,80.35,242,5705
811022,80.9,81.1,80.05,80.05,126,5706
811023,80.3,80.3,79.75,80.2,114,5745
811026,79.6,79.7,79.4,79.5,168,5805
811027,79.65,79.75,79.5,79.6,149,5788
811028,79.75,80.15,79.5,79.5,223,5780
811029,79.8,81.5,79.55,81.4,122,5754
811030,81.3,82.1,81,81.65,81,5802
811102,81.4,81.7,80.7,80.8,311,5697
811103,80.6,81.05,80.4,80.85,271,5548
811104,81.3,81.55,80.6,80.9,224,5502
811105,81.15,81.2,80.7,80.8,219,5550
811106,80.8,81,80.65,80.7,232,5597
811109,81.1,81.7,78.2,78.6,629,5909
811110,78.7,79,78,78.15,395,5744
811111,78.25,79.2,78.2,78.95,279,5675
811112,78.85,79.45,78.8,79.3,169,5763
811113,79.25,79.5,79.25,79.3,109,5814
811116,78.7,78.7,77,77.2,444,5887
811117,77.1,77.45,76.8,77.3,373,5747
811118,77.3,78.1,77.2,77.7,379,5758
811119,77.4,77.4,76,76,566,5968
811120,76.45,76.7,75.8,75.9,338,6022
811123,75.4,75.75,74.85,74.95,452,6199
811124,75.55,75.7,75.15,75.6,959,6596
811125,76.5,76.6,75.85,75.9,933,7211
811127,76.5,77.3,76.4,77.25,349,7216
811130,78.05,78.15,77,77.35,571,7221
811201,77.2,78.1,76.9,78,249,7250
811202,79.3,80.2,78.9,80.05,650,7180
811203,78.8,79.3,78.1,78.5,434,7150
811204,79.6,80.5,79.6,80.2,368,7163
811207,79.6,79.7,78.7,79,461,7276
811208,78.3,79.2,77.5,77.7,471,7276
811209,77.4,77.55,75.7,75.85,1183,7517
811210,75.45,75.45,74.1,74.15,848,7750
811211,74.75,74.95,74.3,74.45,643,8021
811214,75.5,76.8,75.4,76.65,761,8137
811215,75.65,76.25,75.65,76.15,313,8167
811216,76.82,77.6,76,77.35,548,8110
811217,77.15,78.55,76.6,77.8,501,8109
811218,77.7,78.1,75.5,75.7,685,8101
811221,75.1,75.95,74.75,75.6,583,8086
811222,75.7,76.7,75.2,76.25,166,8056
811223,75.6,76.3,75.6,76.05,182,8129
811224,76.45,76.9,76.45,76.5,130,8140
811228,76.3,76.8,76.05,76.75,227,8156
811229,76.5,77.2,76.45,77.05,148,8203
811230,77.25,78.35,77.25,78,928,8267
811231,78.27,78.7,77.2,77.3,284,8278
820104,77,77.7,76.05,77.6,638,8255
820105,77.6,77.7,75.3,76,824,8329
820106,75.8,76.45,75.5,75.8,343,8404
820107,74.9,75.45,74.55,75.3,637,8563
820108,75.2,76.3,74.8,75.7,630,8674
820111,74.8,75.25,74.55,74.8,842,8610
820112,74.75,75.05,74.5,74.85,262,8693
820113,74.3,74.65,73.75,73.9,823,8838
820114,73.95,74.95,73.85,74.9,416,8946
820115,75.05,75.1,74.3,74.7,520,9078
820118,75.2,75.3,74.55,75.15,995,9159
820119,75.45,76,75.3,75.45,615,9298
820120,75.65,75.75,74.85,74.95,896,9537
820121,75.15,75.55,74,74.25,884,9709
820122,74.15,74.2,73.5,73.5,1297,10006
820125,73.25,73.65,73,73.45,785,10095
820126,74.1,74.9,73.95,74.85,861,10375
820127,75.15,75.15,74,74.8,957,10687
820128,75.12,75.35,74.95,75.1,1051,11181
820129,75.95,76.6,75.75,76.35,2317,11386
820201,75.35,75.75,74.7,75.65,2302,12164
820202,75.15,75.85,74.9,74.95,1706,12747
820203,75,75.3,74.6,75,2046,13126
820204,75.6,76.25,75.4,75.8,2617,13873
820205,75.6,76.1,75.3,76.1,2125,14645
820208,75.3,75.3,73.9,74.15,2997,14381
820209,74.15,74.45,73.5,73.65,1744,14774
820210,74.3,75,73.7,74.8,3458,16014
820211,74.4,74.7,73.9,73.95,1985,16146
820212,73.7,74.35,73.7,74.1,1162,16496
820216,73.3,73.9,73.2,73.85,3202,17673
820217,73.9,74.05,73.6,73.8,2157,18507
820218,73.4,74.3,73.3,74.25,3757,19787
820219,74.25,74.55,73.65,73.7,3010,20741
820222,74,74.45,73.85,73.95,5128,22903
820223,73.5,73.5,72.1,72.2,9510,24888
820224,72.4,72.6,71.9,72.05,6613,27899
820225,71.75,72.75,71.75,72.3,4978,29057
820226,71.8,72.1,71.1,71.15,3774,29318
820301,71.4,71.75,71.1,71.4,3708,29169
820302,71.5,71.5,70.3,70.35,4291,29186
820303,70.1,70.2,69.6,69.65,4147,28524
820304,69.6,70.6,69.35,70.4,4627,28523
820305,71,71,69.3,69.35,4053,28078
820308,69,69.2,67.8,67.95,4222,27191
820309,68.1,68.7,67.2,68.15,4419,26581
820310,68.5,69.65,68.35,69.45,4231,26624
820311,69.15,69.15,68.6,68.75,2713,26938
820312,68.65,70.2,67.85,67.9,5036,26610
820315,68,69.3,67.7,69,3863,26865
820316,68.9,69.65,68.8,68.85,3952,27005
820317,70,70,69.3,69.4,3409,26939
820318,69.8,70.5,69.75,70.2,3501,26879
820319,69.6,69.85,69.05,69.25,2754,26744
820322,69.5,69.6,68.95,69.15,3095,26826
820323,69.7,69.9,68.75,68.8,3749,26384
820324,69.5,69.5,69.05,69.35,2465,26114
820325,68.9,68.95,68.1,68.4,3829,25853
820326,68,68,66.85,67.4,4644,26179
820329,67.2,67.25,66.7,67.15,2320,26097
820330,67.4,67.7,67.35,67.45,2721,25341
820331,67.1,67.8,66.85,67.55,2833,25308
820401,67.4,67.9,67.2,67.3,2185,24957
820402,67.55,67.8,67.35,67.4,1095,24849
820405,67.8,68.4,67.5,68.05,3770,24174
820406,67.6,67.9,66.1,66.35,4577,23446
820407,66.6,68.9,66.35,68.7,6191,22972
820408,69,69.8,68.3,69.6,4599,21991
820412,69.6,70.8,69.5,70.7,5383,20388
820413,70.7,71.25,70.3,70.7,5058,18435
820414,70.9,71,69.7,69.85,3635,17284
820415,69.35,70.5,69.3,69.9,3161,15977
820416,69.5,70.4,69.5,70.3,1681,15311
820419,69.4,69.45,68.5,68.8,3032,13834
820420,68.95,69.3,68.5,68.6,2340,12626
820421,68.95,69.5,68.95,69.5,2489,11309
820422,69.7,70.25,69.7,70,1995,10298
820423,70.35,70.6,69.65,69.85,1574,9489
820426,70.3,70.5,70.15,70.45,2086,8433
820427,70.1,70.35,69.95,70.15,2853,7424
820428,70.2,70.4,69.3,69.4,4667,6180
820429,68.8,69.85,68.25,69.8,1549,2168
820430,70,71.1,69.6,70.7,755,905
820503,71.3,71.6,70.8,71.6,351,770
820504,71.1,72,71,71.95,155,567
820505,71.65,72.55,71.65,72.5,114,488
820506,72.2,72.5,72.15,72.2,92,474
820507,72.6,72.9,72.4,72.85,42,404
820510,72.3,72.3,71.6,71.6,159,443
820511,71.75,72.4,71.6,72.25,104,376
820512,71.8,71.9,71.4,71.4,146,282
820513,70.9,71.35,70.65,71.2,50,213
820514,71.6,72,71.6,71.8,160,311
820517,71.3,71.3,70.05,70.1,76,214
820518,70,70.05,68.4,68.4,312,287
820519,68.7,68.7,66.9,66.9,26,79
820520,67.4,67.4,67.4,67.4,64,109
820521,67.3,68.25,67.3,68.25,696,734
820524,67.6,67.6,65.95,65.95,115,112
820525,66.65,66.7,66.65,66.7,1030,1022
