820504,89.8,89.8,89,89.7,17,14
820505,89.5,90.15,89.5,90.15,10,13
820506,90.4,90.4,89.75,89.75,34,34
820507,90.05,90.15,89.75,90.15,3,37
820510,89.75,89.95,88.75,89.1,61,74
820511,89.5,89.7,89.4,89.7,33,99
820512,89.7,89.7,88.9,88.9,24,115
820513,88.6,88.9,88.5,88.9,6,119
820514,89.3,89.7,89.3,89.35,37,142
820517,89,89,87.35,87.35,5,146
820518,87.3,87.4,85.7,85.7,28,167
820519,85.9,85.9,84.2,84.2,34,190
820520,84.9,85.3,84.7,84.7,32,204
820521,84.6,85.7,84.5,85.55,33,234
820524,84.8,84.8,83.25,83.25,56,287
820525,84,84.5,83.75,83.95,27,304
820526,84.2,84.55,82.95,82.95,118,331
820527,83,83.1,81.5,81.85,92,389
820528,81.6,81.85,80.55,80.55,30,425
820601,79.2,79.2,77.1,77.1,53,419
820602,76.7,78.5,76.6,78.5,26,429
820603,78.6,79.35,76.85,76.85,82,502
820604,76.9,77.25,76,76.3,45,525
820607,77.4,78.5,77,77.95,17,531
820608,77.45,77.9,76.6,76.6,60,553
820609,75.5,75.8,74.4,74.4,39,565
820610,74.2,75,73.95,73.95,30,605
820611,75.2,75.85,75.15,75.15,14,612
820614,74.15,74.3,73.1,73.1,15,626
820615,73,73.4,72.9,73.4,73,624
820616,73.95,74.2,73.35,73.35,20,644
820617,72.8,72.9,71.55,71.55,56,682
820618,71.85,71.95,70.4,70.4,69,707
820621,69.2,70.8,69.1,70.75,48,724
820622,71.9,72.75,71.35,71.35,48,752
820623,72.25,73.25,72.25,73.25,82,785
820624,74.25,74.5,73,73,30,802
820625,73.9,74,73,73.25,16,813
820628,74,75.75,74,75.7,24,831
820629,76.7,77.2,76.1,76.4,93,888
820630,77.3,77.6,75.25,75.25,104,963
820701,74.7,75.55,74.1,75.55,96,972
820702,75.7,75.7,74.75,74.75,6,985
820706,74.55,74.85,73.95,73.95,16,989
820707,73.6,73.6,72.85,72.85,44,988
820708,73.75,74.7,73.55,74.7,46,992
820709,76.6,77.7,76,77.6,11,993
820712,78.1,78.8,77.3,77.55,33,1003
820713,78.3,78.3,78.05,78.05,12,1013
820714,78.5,79.5,77.9,79.2,40,1029
820715,78.5,79,78.5,78.7,45,1031
820716,78.8,79.7,78.3,79.7,38,1048
820719,79.2,79.5,78.7,78.7,26,1056
820720,79.25,81.8,79.05,81.8,40,1064
820721,81.6,83,81.2,81.7,56,1052
820722,81.5,81.9,81.4,81.4,99,1094
820723,82.5,82.5,81.3,81.3,43,1067
820726,79.5,80.5,79.5,80.3,47,1070
820727,79.7,79.8,79,79.05,41,1052
820728,78.5,78.5,77.25,77.25,51,1074
820729,77.15,77.15,75,75,51,1065
820730,76.3,76.5,75,75.65,38,1077
820802,77.55,78.65,77.3,78.5,21,1096
820803,77.9,78.95,77.7,78.95,19,1104
820804,77.9,78.2,77.65,77.65,23,1121
820805,76.35,76.35,75.9,76,61,1175
820806,75.3,75.5,73.2,73.2,23,1197
820809,71.5,72.2,70.6,70.6,96,1210
820810,71.4,71.8,70.25,70.35,87,1199
820811,70.1,71.4,70.1,71.15,11,1222
820812,71.9,72.75,71.9,72.3,15,1241
820813,71.65,71.65,71.05,71.05,23,1249
820816,72.05,72.5,70.7,70.7,45,1285
820817,70.5,71.2,69.6,71.05,118,1304
820818,74.3,75.8,74.1,74.35,130,1320
820819,73.3,74.5,72.7,74.5,54,1348
820820,76.5,76.5,74.4,74.4,42,1357
820823,74.7,76.2,74.1,74.85,135,1435
820824,75.65,75.65,74.55,74.55,446,1438
820825,74,74.45,73.4,74.1,64,1458
820826,74.5,75,74.3,74.75,58,1497
820827,73.5,73.5,71.85,71.85,192,1633
820830,72,72,70.65,71.1,80,1652
820831,72.1,72.9,72.1,72.9,54,1681
820901,72.8,73,72.7,72.95,155,1699
820902,73.8,74,73.45,73.45,4,1700
820903,75.8,77.2,75.8,76.1,32,1686
820907,76.1,76.6,74.8,75.1,13,1697
820908,73.8,75.6,73.8,75.4,7,1702
820909,74.65,75,74.3,74.3,14,1708
820910,74,74,73.15,73.3,32,1728
820913,73.95,73.95,73.95,73.95,2,1727
820914,75,75,73.2,73.2,1,1727
820915,73.6,73.95,72.5,72.5,47,1744
820916,73.5,74,73.45,74,90,1755
820917,73.2,73.8,73.2,73.8,4,1752
820920,73.2,73.4,72.3,72.55,76,1768
820921,72.25,72.95,71.8,72.8,40,1757
820922,73.8,73.8,73.05,73.05,17,1762
820923,72.75,72.75,72,72,18,1773
820924,71.7,71.7,71.2,71.2,21,1780
820927,70,70.5,70,70.1,81,1785
820928,70.1,70.35,69.7,70.35,65,1816
820929,70.25,70.25,68.85,68.85,45,1827
820930,69.15,69.15,68.4,68.8,49,1814
821001,69.5,70.1,69.5,70.1,33,1833
821004,68.75,68.75,68,68.45,58,1840
821005,68.65,69.4,68.65,68.85,83,1863
821006,69.25,70.25,69.25,69.85,7,1849
821007,71.8,73.4,71.4,73.35,56,1858
821008,73.5,73.5,71,71.2,76,1861
821011,73,73.55,72.85,73.45,34,1869
821012,73.5,74,72.25,72.45,50,1851
821013,72.25,73,72,72.9,90,1850
821014,73.5,77,73.5,76.35,53,1871
821015,75,75.9,75,75,43,1866
821018,75.2,75.5,75,75,33,1886
821019,76.2,76.9,74.25,74.25,53,1899
821020,74,74.5,73.9,74.2,45,1899
821021,76,76,73.85,73.85,23,1906
821022,74.25,74.75,74.25,74.75,42,1913
821025,74,74,71.95,71.95,40,1941
821026,72.95,72.95,72.95,72.95,5,1947
821027,73.1,73.6,72.9,72.9,180,1970
821028,72.85,72.85,72.3,72.3,127,1987
821029,72.9,72.9,72.3,72.45,106,2044
821101,73,74,72.85,73.95,49,2071
821103,74.2,75.2,74.2,74.55,51,2082
821104,75,75.2,74.2,74.3,64,2096
821105,73.8,74.1,73.3,73.3,68,2091
821108,72.8,72.9,70.7,71,95,2148
821109,71.2,71.8,71,71.65,92,2175
821110,71.85,72.75,71.4,71.45,119,2226
821111,71.2,71.25,71.05,71.2,35,2251
821112,71.3,71.95,71.3,71.95,21,2266
821115,71.5,71.5,71.4,71.4,113,2309
821116,71.4,71.4,70.8,71.1,183,2349
821117,71.1,71.7,70.9,71.35,246,2370
821118,71.3,72.3,71.3,72.3,40,2379
821119,72.9,73.2,72,72,61,2405
821122,71.9,71.9,70.75,70.75,114,2467
821123,70.6,70.6,69.85,69.85,245,2593
821124,70.35,70.5,69.9,70.15,367,2864
821126,70.8,72,70.8,71.5,71,2903
821129,72.3,72.75,72.2,72.3,140,3016
821130,72.8,73.5,72.5,73.4,61,3045
821201,73.6,74.4,73.25,73.45,85,3031
821202,74.5,74.9,73.7,73.8,37,3046
821203,73.3,74.5,73.1,73.85,83,3055
821206,74.4,74.4,73.2,73.2,56,3075
821207,74.4,75.4,74,75.4,75,3078
821208,74.9,74.9,73.3,73.6,145,3091
821209,73.25,73.75,72.8,73.75,68,3112
821210,73,73.1,73,73,51,3117
821213,73.7,73.7,73.45,73.45,32,3137
821214,74.4,74.4,72.55,72.55,102,3229
821215,72.65,73.2,72,73.2,71,3239
821216,73,73.45,73,73.45,49,3278
821217,73.3,73.5,72.85,72.85,114,3310
821220,73.2,73.6,73.2,73.35,130,3372
821221,73.5,73.9,73.5,73.9,13,3372
821222,73.8,74.15,73.8,74.15,34,3373
821223,74.15,74.5,73.95,73.95,67,3396
821227,74.95,75.95,74.8,75.95,74,3417
821228,75.75,77.25,75.65,77.1,90,3421
821229,76.8,77.5,76.6,76.6,78,3466
821230,76.3,76.3,75.5,75.5,60,3499
830103,75.9,77.7,75.9,77.2,44,3512
830104,76.7,76.9,76.2,76.9,393,3554
830105,77.4,78.7,77.4,78.4,76,3597
830106,78,78.8,77.9,77.95,366,3627
830107,79.15,79.65,78.8,79,102,3629
830110,80.3,80.95,79.5,80.65,155,3720
830111,80.4,80.4,79.6,79.7,291,3799
830112,79.8,80.95,79.2,80.4,605,3955
830113,80.5,80.95,79.45,79.45,297,4068
830114,79.45,81.9,79.1,81.25,213,4110
830117,82.1,82.9,81,81,147,4161
830118,80.1,80.5,79.6,80.3,289,4202
830119,81.2,81.2,79.05,79.05,145,4236
830120,78.9,80.1,78.8,79.7,102,4232
830121,79.4,80,79.2,79.6,249,4237
830124,78.6,79.8,78.2,79.8,161,4242
830125,80.45,81.3,80.3,80.8,214,4321
830126,80.9,81.4,80.4,80.4,101,4408
830127,81,81.7,80.9,81.2,177,4461
830128,81.65,81.85,81.1,81.1,102,4532
830131,81.9,82.15,81.3,82.15,149,4562
830201,82.85,83.15,81.7,82,449,4850
830202,81.55,82,81.1,81.95,148,4798
830203,82.1,82.15,81.4,81.4,168,4778
830204,81.5,82.5,81.4,81.8,492,5090
830207,81.5,82,81.4,81.45,240,5127
830208,82.2,82.2,81.6,81.7,93,5150
830209,81.5,81.85,81.05,81.05,259,5188
830210,81.7,83.5,81.7,83,221,5290
830211,83.55,83.85,83.2,83.2,198,5369
830214,83.4,84.5,83.3,84.5,116,5388
830215,85.3,85.6,84.75,85.6,458,5587
830216,86,86.1,84.8,84.8,221,5737
830217,85.6,85.6,84.6,85.35,351,5778
830218,85.5,85.8,85.35,85.5,173,5866
830222,85.3,85.3,83.55,83.55,367,6056
830223,82.9,85.25,82.85,84.5,553,6223
830224,85.3,87.2,85.3,86.6,561,6372
830225,87.6,88,85.8,86.1,203,6453
830228,81.5,84,81.1,81.1,659,6372
830301,81.9,83.6,81.85,82.1,281,6411
830302,83.4,84.2,83,83.35,172,6420
830303,84.3,84.4,83.05,83.05,160,6377
830304,82.5,82.6,78.05,78.05,417,6351
830307,79.6,79.8,77.5,79.1,589,6389
830308,79.1,79.8,78.8,79.35,114,6381
830309,79.9,80.7,79.5,80.25,93,6336
830310,81.4,81.5,80.4,80.4,59,6350
830311,79.2,79.75,79,79.5,219,6342
830314,79.8,81.5,79.7,81.2,128,6306
830315,81.1,81.8,80.75,80.75,144,6308
830316,80.15,80.9,79.9,80.1,69,6299
830317,79.75,80.4,79.6,80.25,100,6295
830318,80.7,80.7,78.35,78.35,113,6319
830321,78.7,79,77.6,77.7,402,6384
830322,78.6,78.95,78.2,78.5,174,6380
830323,78,79.15,77.3,79.15,181,6347
830324,79.85,80.4,79.6,79.95,24,6354
830325,80.4,80.5,79.5,79.6,50,6364
830328,79.85,81,79.75,80.85,110,6391
830329,81.5,82.35,81.5,82.35,156,6411
830330,82.3,82.4,81.6,81.6,107,6392
830331,81.5,81.55,81.1,81.55,59,6402
830404,82,82.4,81.7,81.95,36,6406
830405,82.7,83,81.55,81.55,53,6418
830406,81.3,81.5,80.75,80.75,68,6425
830407,80.4,80.8,80.4,80.8,130,6405
830408,80.7,80.85,80.6,80.85,20,6396
830411,81.65,82.15,81.55,82.15,28,6403
830412,82.6,82.6,81.5,81.5,262,6510
830413,81.5,82.1,81.2,81.6,54,6715
830414,81.6,81.6,80.3,80.4,181,6776
830415,80.85,81.45,80.85,81.1,31,6778
830418,82,83.85,81.9,83.85,180,6779
830419,83.3,83.75,82.6,83.15,69,6747
830420,83.5,83.9,82.5,83.8,144,6757
830421,83.6,84.7,83.6,84.45,190,6821
830422,84.25,84.3,83.9,84,204,6786
830425,84.6,84.65,83.9,83.95,367,6624
830426,83.8,84.5,83.8,84.35,78,6641
830427,84.55,85.25,84.25,84.75,380,6538
830428,83.85,84.25,83.2,83.5,234,6659
830429,83.45,83.45,82.4,83.25,207,6638
830502,83.7,83.75,83.3,83.55,43,6669
830503,84.3,85.3,84.15,84.8,235,6642
830504,84.9,85.3,84.4,84.65,71,6652
830505,84.4,84.8,84.4,84.6,63,6663
830506,84.45,85.8,84.4,85.4,77,6667
830509,85,86,84.9,85.5,166,6708
830510,86,86.5,85.7,86.1,414,6761
830511,86.35,86.45,85.1,85.3,207,6857
830512,84.75,84.9,84.5,84.6,79,6881
830513,84.9,85.75,84.9,85.75,100,6882
830516,85,85.45,84.1,85.45,232,6977
830517,85.1,85.6,84.95,85.2,252,7083
830518,85.3,86.15,85.25,85.75,94,7107
830519,86.15,86.2,84.9,85.35,109,7095
830520,85.4,85.4,82.2,82.2,127,7134
830523,82.7,84,82.5,83.9,174,7150
830524,84,84.3,83.55,83.85,65,7158
830525,84.3,84.35,83.9,84.05,133,7185
830526,84.35,84.5,83.5,83.55,66,7201
830527,83.5,84.4,83.1,84.25,148,7259
830531,84.25,84.4,83.5,83.6,201,7343
830601,82,82.5,80.9,80.9,680,7581
830602,81.3,81.4,80,80.9,475,7476
830603,80.9,81.45,80.75,81.25,705,7783
830606,80.75,80.95,79.4,79.6,401,7871
830607,80,80.5,79.5,80.45,405,7891
830608,80.2,80.3,80,80.25,149,7867
830609,80.6,81.15,80.6,81.15,164,7848
830610,81.35,81.5,80.5,80.5,179,7852
830613,81.15,81.25,80.5,80.8,254,7829
830614,80.4,80.5,79.9,80.2,474,7983
830615,79.9,79.9,78.9,78.9,238,8090
830616,79.4,80.3,79.25,80.25,446,8161
830617,80.45,80.6,79.95,80.15,118,8151
830620,80.6,81.9,80.6,81.35,264,8223
830621,82.25,82.35,81.5,81.55,825,8459
830622,82.05,82.15,81.8,81.85,168,8499
830623,82.2,82.2,81.2,81.4,930,8762
830624,81.7,81.95,81.7,81.95,80,8820
830627,81.7,81.85,80.5,80.7,216,8830
830628,81,81.25,79.6,79.7,326,8715
830629,80.1,80.9,79.65,80.7,303,9081
830630,80.5,80.5,80.1,80.1,89,9116
830701,80.4,81.15,80.15,81.15,78,9111
830705,80,80,79.7,79.85,174,9151
830706,79.95,80.6,79.9,80.25,165,9138
830707,80.35,81.9,80.15,81.85,85,9163
830708,81.5,81.9,81.2,81.25,295,9006
830711,81.55,82.2,81.35,81.35,230,8946
830712,81,81,80.45,80.5,217,9004
830713,80.05,80.3,80,80.05,117,9020
830714,80.6,80.7,80.1,80.3,187,9082
830715,80.4,80.4,79.5,79.6,144,9112
830718,79.8,80.35,79.75,80.25,189,9139
830719,79.9,80.1,79.75,79.9,532,9261
830720,80.4,80.65,80.1,80.6,619,9227
830721,81.2,81.35,80.5,80.6,297,9317
830722,80.95,82.4,80.75,82.1,281,9267
830725,81.5,83.6,81.5,83.6,440,9373
830726,83.85,84.05,83.5,83.6,664,9727
830727,83.35,83.75,82.7,82.8,381,9787
830728,83.25,83.3,82,82.4,816,10132
830729,82.2,82.2,80.9,81.2,876,10281
830801,80.7,81.25,80.2,81.2,521,10408
830802,81.5,81.75,81.15,81.75,511,10624
830803,81.35,81.75,81.25,81.65,1319,11203
830804,81.05,81.25,80.5,80.65,1126,11557
830805,80.3,80.9,79.5,80.5,1227,11923
830808,79.85,79.85,78.35,78.7,1180,12287
830809,79.05,79.1,77.5,77.65,1756,12827
830810,77.6,78.1,77.1,77.5,2469,14034
830811,77.7,78.35,77.65,78,765,14387
830812,78.4,78.8,78.3,78.45,615,14725
830815,78.95,79.5,78.85,79.4,930,15258
830816,79.6,79.65,77.8,78.5,1274,15596
830817,78.9,79.5,78.85,79.25,843,15999
830818,79.35,79.7,78.9,79,1131,16647
830819,78.5,78.6,77.3,77.45,1500,17148
830822,78,78.6,77.95,78.05,730,17578
830823,78.7,78.7,78.1,78.15,1103,17862
830824,78.15,78.4,78.05,78.2,814,18215
830825,78.25,78.25,76.5,76.75,2367,19215
830826,76.55,77.25,76.4,77.15,1232,19683
830829,76.85,77.5,76.75,77.2,1176,20273
830830,77,77,76.35,76.6,1057,20485
830831,76.1,76.3,75.8,76.1,885,20712
830901,76.55,76.95,76.35,76.8,532,20776
830902,77.05,77.15,76.2,76.25,281,20796
830906,76.85,76.9,76.1,76.65,403,20825
830907,76.3,76.75,76,76.6,861,21061
830908,76.7,77.3,76.6,77.2,372,21253
830909,77.2,77.3,76.85,76.95,455,21428
830912,77.4,77.6,76,76.25,956,20877
830913,76.05,76.05,75.5,75.55,943,21048
830914,75,75.3,74.65,74.8,1887,20927
830915,74.2,74.25,72.8,73.05,2932,21977
830916,73.1,74.5,72.8,73.9,2586,22225
830919,74.05,74.55,74,74.4,1882,21680
830920,74.1,74.15,73.1,73.1,1079,21889
830921,73.25,73.35,72.85,73.05,741,22041
830922,73,74.15,72.8,74,820,22124
830923,74.15,74.8,74.05,74.2,805,22868
830926,74.2,74.35,73.4,73.45,1102,23110
830927,72.5,72.5,71.5,71.7,2450,23085
830928,71.7,72.25,71.3,71.8,1725,23559
830929,71.3,71.3,69.55,69.65,2907,23739
830930,69.85,70.4,68.5,68.95,2982,24126
831003,67.3,67.35,66.05,66.5,4104,24063
831004,67.1,67.7,66.6,67.1,2578,23861
831005,67.05,68.25,67,67.85,2499,24036
831006,68.2,69.35,68.2,68.95,2502,24415
831007,69.65,70,68.75,69.15,2338,24710
831010,69.5,70.5,69.1,70.4,1512,24592
831011,69.4,69.6,68.45,68.8,3098,24818
831012,68.05,68.8,67.95,68.75,2566,24826
831013,68.6,68.8,67.8,67.85,1493,25408
831014,68.1,68.75,68.1,68.65,1319,25817
831017,68.25,68.9,67.9,68.7,1340,26154
831018,68.6,69.4,68.6,68.65,2153,26508
831019,68.35,68.5,67.6,67.7,2135,26508
831020,67.8,68.1,67,68.05,2465,26588
831021,68.15,68.4,67.5,67.6,1711,26656
831024,67.4,67.4,66.8,66.95,1697,27004
831025,66.4,66.85,65.5,65.55,3560,27301
831026,64.95,65.1,64.1,64.35,4092,27790
831027,63.7,64.85,63.6,64.6,3719,28550
831028,65.2,65.9,65.05,65.7,3330,28565
831031,64.7,65.4,64.6,64.85,2236,29076
831101,65,65.2,63.8,64.5,2988,29463
831102,65,65.2,64.3,64.45,1699,29649
831103,64.1,64.2,63,63.05,3419,30126
831104,63.1,64.1,63.05,63.6,3233,30751
831107,62.85,63.3,62.7,63,2676,31380
831108,63.2,63.7,63.15,63.45,3314,32732
831109,63.7,64.05,63.7,63.75,3299,33828
831110,63.95,64.1,63.15,63.2,2358,34324
831111,63.2,63.9,63.15,63.55,2310,35078
831114,63.65,64.6,63.6,64.25,5987,36503
831115,64.55,64.9,64.45,64.85,5867,38657
831116,65.2,65.45,63.8,64.05,6396,39933
831117,63.75,64.15,63.35,64.1,4251,39536
831118,63.9,64.75,63.8,64.25,4097,40290
831121,64.15,65.4,64.1,65.3,7339,43652
831122,65.7,66,65.4,65.45,9020,46279
831123,65.25,66.25,65.25,65.95,7980,49601
831125,66,66.25,65.9,65.95,5022,51613
831128,67.05,67.75,67,67.2,16300,57525
831129,66.9,68.6,66.9,68.55,11949,61636
831130,69.1,69.3,67.6,67.8,12571,61357
831201,67.5,68.05,67.15,67.65,8417,61841
831202,67.55,68,67.4,67.6,4423,61709
831205,67,67,66.4,66.55,7763,61131
831206,66.5,67.2,66.45,67.15,4713,60595
831207,67.15,67.8,66.85,67.55,6699,61782
831208,67.4,67.8,66.6,66.65,4841,61842
831209,66.2,67.25,66.05,67.15,6076,62373
831212,67.25,67.4,66.6,66.6,4444,62727
831213,66.3,66.65,65.6,65.65,10525,62906
831214,65.35,65.9,64.75,65.35,9047,63801
831215,65.2,65.35,63.5,63.55,11173,62568
831216,63.3,64,63.3,63.85,6948,62083
831219,63.95,64.55,63.55,64.55,3683,62131
831220,64.75,64.95,64.25,64.35,3790,62262
831221,64.65,64.75,64.45,64.55,2292,61897
831222,64.85,65.3,64.65,65.1,3110,62296
831223,64.85,65.15,64.85,65.1,1489,62319
831227,65.1,65.15,64.6,64.85,2826,62450
831228,64.9,65.35,64.7,64.85,3170,62249
831229,65.3,65.9,65.3,65.9,4682,63088
831230,66,67.1,65.9,67,5029,63719
840103,66.5,66.8,65.85,65.95,8886,63233
840104,65.45,66.1,65.15,65.85,7018,64463
840105,65.85,66.75,65.6,66.45,6696,65128
840106,66.6,66.7,63.7,64.8,13729,62422
840109,64.1,64.55,61.9,62,14246,59410
840110,62.75,63.35,61.9,62.7,12447,58110
840111,62.3,62.75,61.7,62.3,7549,58135
840112,62.2,63.6,62.15,63.35,6420,58426
840113,63.6,63.6,62.75,62.85,6505,58059
840116,62.15,62.45,61.5,61.95,7910,57397
840117,61.6,61.95,61.25,61.3,5907,57775
840118,61.4,62,61.3,61.5,4600,57910
840119,62.2,62.85,62.1,62.75,5111,56846
840120,62.25,62.25,61.45,61.8,4592,56966
840123,62.35,62.5,62.1,62.2,3534,56580
840124,61.5,62.15,61.45,62,5316,56343
840125,61.95,62.65,61.95,62.4,3478,56566
840126,62.8,63.45,62.4,62.55,7790,55234
840127,63.4,64.15,63.3,63.45,7606,54313
840130,63.8,64.05,62.95,63.05,4436,53599
840131,63.8,64.6,63.35,64.4,6733,53276
840201,64.85,65,64.55,64.7,7182,51880
840202,64.85,65.1,64.25,64.4,6853,50236
840203,64.35,64.9,63.5,64.85,8310,47868
840206,63.85,64.3,63.5,64.05,5194,47006
840207,63.7,63.9,63.3,63.45,4367,46131
840208,63.9,64,63.5,63.55,3920,45473
840209,63.5,63.65,62.7,62.8,6279,43869
840210,62.75,63.2,62.65,62.9,3697,42919
840213,63.1,63.65,62.95,63.4,3726,41163
840214,63.7,64.8,63.65,64.4,7579,39083
840215,64.8,65.4,64.7,65.3,8480,37261
840216,65.95,65.95,65.25,65.35,5952,35035
840217,65.15,65.6,65.05,65.55,4420,33757
840221,65.75,65.75,64.65,64.75,8185,30939
840222,65.45,65.75,64.95,65,9786,26211
840223,64.95,65.05,64.2,64.45,7911,22809
840224,64.25,64.75,64.1,64.7,9057,15726
840227,64.7,65.5,64.6,65.1,11479,10782
840228,65.4,66,65.2,65.25,4177,3850
840229,65.1,65.1,64.8,64.95,2393,3602
840301,64.8,65.3,64.55,65.25,734,2280
840302,65.65,66.5,65.65,66.4,787,2083
840305,66.8,66.9,66.6,66.7,400,1574
840306,66.7,67,66.5,66.85,486,1732
840307,66.45,66.45,65.75,65.85,155,1909
840308,65.7,66.65,65.35,66.65,412,1539
840309,66.3,67.4,66.3,67.35,201,1196
840312,67.1,67.1,66.9,66.9,282,1192
840313,67.4,68.2,67.05,68.15,264,1017
840314,68.5,68.8,67.75,67.85,527,1100
840315,67.5,67.75,67.45,67.45,186,1035
840316,67.7,68.4,67.65,68.15,68,693
840319,68.6,68.8,67.8,67.8,49,638
840320,68.05,68.2,67.6,67.8,41,612
840321,68.6,68.7,68.2,68.25,50,567
840322,68.35,68.47,67.5,67.7,207,699
840323,68.1,68.1,67.7,68,34,537
840326,68.9,69.75,68.9,69.75,507,545
840327,70.05,70.05,69.35,69.35,355,245
