830428,89.95,89.95,89.95,89.95,0,0
830429,89.7,89.7,89.7,89.7,0,0
830502,90.05,90.05,90.05,90.05,2,2
830503,91.1,91.1,91.1,91.1,0,2
830504,91.1,91.1,90.95,90.95,2,4
830505,91,91,90.95,90.95,10,14
830506,91.3,91.75,91.3,91.75,2,16
830509,93.2,93.2,91.75,92.05,1,17
830510,92.4,92.9,92.4,92.55,7,20
830511,92.75,92.75,91.7,91.7,4,24
830512,91.5,91.5,91.1,91.1,6,30
830513,92.3,92.35,92.3,92.35,1,31
830516,92.05,92.05,92.05,92.05,0,31
830517,91.8,92,91.8,91.8,11,42
830518,93,93,92.35,92.35,1,43
830519,92.8,92.8,91.8,91.95,6,49
830520,91.8,91.8,88.8,88.8,11,60
830523,89.4,90.75,89.4,90.75,44,103
830524,91.1,91.3,90.7,90.7,34,112
830525,91.1,91.3,90.9,90.9,27,134
830526,91.25,91.25,90.4,90.4,9,142
830527,90.25,91.15,90.2,91.15,16,146
830531,91.15,91.8,90.8,90.8,3,149
830601,89.7,90.5,88.35,88.35,43,186
830602,89,89,88,88.35,61,239
830603,88.25,88.6,88.25,88.6,162,265
830606,88.25,88.25,86.95,86.95,119,327
830607,87.45,87.8,86.7,87.8,12,333
830608,87.55,87.7,87.5,87.65,18,340
830609,88.2,88.7,88.2,88.55,14,345
830610,88.9,88.9,87.9,87.9,5,349
830613,88.2,88.2,88.2,88.2,8,350
830614,88,88,87.6,87.6,17,358
830615,87.5,87.5,86.3,86.3,21,370
830616,87.45,87.45,87.45,87.45,0,371
830617,87.75,87.75,87.1,87.1,47,401
830620,88.45,88.45,88.45,88.45,0,401
830621,89.3,89.35,88.65,88.65,6,402
830622,88.9,89.15,88.85,88.85,11,409
830623,89,89,88.4,88.4,17,421
830624,89.3,89.3,88.95,88.95,10,431
830627,88.15,88.15,87.75,87.8,8,435
830628,87.8,87.8,86.8,86.8,17,450
830629,87.1,87.9,87,87.6,23,473
830630,87.3,87.6,87,87,263,674
830701,87.8,88.05,87.8,88.05,28,697
830705,86.8,87.1,86.7,87.1,24,740
830706,87.1,87.4,87.1,87.4,15,754
830707,88,89,88,89,26,772
830708,88.4,88.4,88.4,88.4,25,801
830711,88.55,88.55,88.5,88.5,56,861
830712,88.3,88.3,87.7,87.7,5,864
830713,87.5,87.5,87.25,87.25,285,998
830714,87.5,87.5,87.5,87.5,0,999
830715,86.85,86.85,86.85,86.85,6,1005
830718,87.8,87.8,87.55,87.55,5,1010
830719,87.4,87.4,87.4,87.4,57,1052
830720,88,88,88,88,482,1219
830721,88.9,89,87.95,87.95,7,1217
830722,89,89.35,89,89.35,13,1216
830725,89.05,90.8,89.05,90.8,52,1263
830726,91,91.1,90.8,90.8,6,1265
830727,90.8,90.8,90,90,7,1271
830728,90,90,89.55,89.55,6,1269
830729,89.35,89.35,88.35,88.45,107,1283
830801,88.4,88.4,88.4,88.4,0,1283
830802,89.2,89.2,89.2,89.2,30,1313
830803,89.65,89.65,89.65,89.65,70,1373
830804,89.35,89.4,88.65,88.65,386,1690
830805,88,88.5,87.5,88.5,149,1832
830808,87.8,87.8,86.7,86.7,141,1935
830809,87,87,85.7,85.75,46,1947
830810,85.75,85.75,85.35,85.6,18,1977
830811,86.7,86.7,86.25,86.25,2,1979
830812,86.5,86.7,86.5,86.55,51,1984
830815,87.2,87.65,87.15,87.65,8,1991
830816,88,88,86.75,86.75,1,1992
830817,87.7,87.7,87.55,87.55,8,1998
830818,87.75,87.75,87.35,87.35,4,2000
830819,86.5,86.5,85.95,85.95,6,2006
830822,86.7,87,86.2,86.5,15,2015
830823,87.1,87.1,86.5,86.55,28,2036
830824,86.55,86.8,86.55,86.6,5,2033
830825,86.7,86.7,85.5,85.55,20,2053
830826,85.35,85.9,85.35,85.9,8,2059
830829,85.7,86.1,85.7,85.95,340,2005
830830,85.95,85.95,85.3,85.3,151,1905
830831,85.1,85.2,84.6,84.6,51,1911
830901,85,85.1,85,85.05,37,1889
830902,85.45,85.45,84.45,84.45,5,1888
830906,84.9,84.9,84.6,84.7,25,1892
830907,84.6,84.7,84.1,84.7,8,1890
830908,85.3,85.3,85.3,85.3,0,1890
830909,85.2,85.2,85.05,85.05,5,1895
830912,85.45,85.7,84.3,84.3,57,1898
830913,84.2,84.2,83.55,83.55,28,1906
830914,82.85,83,82.75,82.8,21,1900
830915,82.4,82.4,81.1,81.1,235,1951
830916,80.8,82,80.75,82,76,1971
830919,82.65,82.65,82.65,82.65,20,1981
830920,82.3,82.3,81.5,81.5,5,1984
830921,81.5,81.5,81.3,81.3,75,1962
830922,81.8,82.2,81.8,82.15,52,1922
830923,82.5,82.6,82.35,82.35,10,1926
830926,82.35,82.35,81.6,81.6,173,1878
830927,80.8,80.8,79.6,79.75,17,1870
830928,79.7,80.1,79.7,79.9,68,1829
830929,79.35,79.35,77.55,77.55,39,1823
830930,77.8,78.2,76.5,76.75,121,1771
831003,74.9,75,73.8,74.3,122,1834
831004,74.85,75.35,74.8,75,131,1781
831005,75.05,75.9,75.05,75.85,22,1780
831006,76.2,77,76.2,77,5,1781
831007,78.3,78.3,77.4,77.4,220,1946
831010,77.9,78.85,77.65,78.85,95,1997
831011,78.15,78.15,77.5,77.55,810,1910
831012,76.85,77.5,76.85,77.5,596,1899
831013,77.1,77.1,76.4,76.4,4,1906
831014,76.9,77,76.9,77,51,1932
831017,76.8,77.1,76.8,77.1,2,1933
831018,76.95,76.95,76.95,76.95,10,1943
831019,76.75,76.75,75.95,75.95,276,1972
831020,76,76.3,75.1,76.3,15,1969
831021,76.6,76.6,75.75,75.75,517,2070
831024,75.5,75.5,75.1,75.15,81,2019
831025,75.05,75.05,73.75,73.75,133,2025
831026,73.3,73.3,72.1,72.45,94,2020
831027,71.65,72.55,71.65,72.55,36,2011
831028,73.4,73.75,73.4,73.75,97,2066
831031,72.7,73,72.7,72.85,142,2101
831101,73,73,72.15,72.4,123,2151
831102,73,73,72.25,72.25,76,2149
831103,71.9,71.9,70.8,70.8,43,2174
831104,71,71.4,71,71.4,205,2271
831107,70.85,71.1,70.75,70.75,15,2283
831108,71.5,71.5,71.4,71.4,65,2257
831109,71.8,72,71.65,71.65,7,2254
831110,71.85,72.2,71.2,71.2,207,2328
831111,71.6,71.6,71.6,71.6,153,2407
831114,71.8,72.25,71.75,72.25,78,2464
831115,72.5,72.95,72.5,72.9,205,2466
831116,73.4,73.4,72.05,72.15,236,2565
831117,72,72.25,72,72.25,25,2595
831118,72.15,72.75,72.15,72.4,20,2592
831121,73.1,73.45,73.1,73.45,315,2839
831122,73.8,73.8,73.55,73.55,48,2847
831123,73.45,74,73.45,74,77,2874
831125,74.05,74.15,74.05,74.05,243,2971
831128,75.85,75.85,75.45,75.45,138,2970
831129,75.3,76.9,75.15,76.75,46,3003
831130,77.3,77.3,76,76,94,3054
831201,75.9,75.9,75.8,75.8,99,3087
831202,75.8,75.8,75.5,75.5,22,3074
831205,74.7,74.7,74.55,74.55,10,3064
831206,74.6,75.25,74.6,75.25,9,3073
831207,75.35,75.7,75.15,75.7,103,3126
831208,75.7,75.7,74.75,74.75,6,3128
831209,74.6,75.25,74.6,75.25,13,3134
831212,75.5,75.5,74.8,74.8,24,3139
831213,74.3,74.5,73.75,73.75,41,3136
831214,73.65,73.85,73.1,73.4,55,3143
831215,73.45,73.45,71.6,71.6,15,3143
831216,71.5,72,71.4,71.95,44,3129
831219,72.65,72.65,72.65,72.65,0,3129
831220,73.2,73.2,72.6,72.6,142,3096
831221,72.85,72.9,72.65,72.65,67,3047
831222,72.85,73.3,72.85,73.2,28,3045
831223,73.2,73.35,73.05,73.2,8,3047
831227,73,73.05,72.9,72.9,17,3047
831228,73,73,72.9,72.9,308,3203
831229,73.7,73.9,73.7,73.9,13,3206
831230,74.25,75.1,74.15,75.1,48,3249
840103,74.6,74.7,74.05,74.05,116,3298
840104,73.6,73.95,73.3,73.95,42,3320
840105,74.15,74.8,74,74.55,25,3314
840106,74.55,74.55,72.85,72.85,209,3312
840109,72.2,72.5,70,70,143,3338
840110,70.75,71.3,70.2,70.75,130,3316
840111,70.5,70.6,70.1,70.3,65,3349
840112,70.3,71.35,70.3,71.35,68,3325
840113,71.35,71.35,70.9,70.9,61,3309
840116,70.2,70.6,69.7,69.95,137,3258
840117,69.6,69.75,69.35,69.35,107,3346
840118,69.9,69.9,69.5,69.5,27,3358
840119,70.3,70.8,70.3,70.8,196,3524
840120,70.4,70.4,69.8,69.85,25,3544
840123,70.45,70.45,70.25,70.25,34,3545
840124,69.75,70.05,69.7,70.05,442,3605
840125,70.15,70.45,70.15,70.45,151,3687
840126,70.95,71.35,70.6,70.6,196,3854
840127,71.45,72.4,71.45,71.55,157,3841
840130,72.1,72.1,71.05,71.05,425,3884
840131,71.9,72.45,71.6,72.45,51,3888
840201,73,73.05,72.75,72.8,164,3922
840202,73.1,73.1,72.55,72.55,426,4041
840203,72.45,73,71.8,73,186,4020
840206,72.1,72.2,71.7,72.2,16,4036
840207,71.9,71.9,71.45,71.55,13,4038
840208,71.9,72.05,71.6,71.6,194,4214
840209,71.1,71.45,70.85,70.85,102,4272
840210,70.8,71,70.65,70.9,135,4344
840213,71,71.45,71,71.35,125,4405
840214,72.7,72.7,72.15,72.35,217,4550
840215,72.95,73.4,72.9,73.3,232,4577
840216,73.7,73.75,73.4,73.4,212,4708
840217,73.3,73.6,73.25,73.6,138,4762
840221,73.9,73.9,72.75,72.85,123,4853
840222,73.7,73.7,73.15,73.15,179,4926
840223,73.3,73.3,72.4,72.65,221,5130
840224,72.65,72.8,72.5,72.8,136,5077
840227,72.85,73.6,72.85,73.2,66,5128
840228,73.5,74,73.2,73.2,97,5213
840229,72.8,73,72.7,72.7,794,5422
840301,72.5,73,72.25,73,42,5438
840302,73.45,73.9,73.45,73.9,80,5419
840305,74.4,74.45,74.2,74.2,35,5443
840306,74.2,74.6,74.2,74.35,91,5467
840307,73.8,73.9,73.45,73.45,71,5482
840308,73.1,74.25,72.9,74.25,108,5541
840309,74,74.9,74,74.85,131,5567
840312,74.55,74.65,74.4,74.4,44,5598
840313,74.8,75.55,74.8,75.55,88,5604
840314,76.1,76.25,75.2,75.2,138,5616
840315,74.9,75.25,74.8,74.8,93,5719
840316,75.55,75.75,75.4,75.4,251,5749
840319,75.65,76.15,75.15,75.15,122,5863
840320,75.35,75.35,74.9,75.05,131,5825
840321,75.45,76,75.4,75.4,20,5820
840322,75.5,75.5,74.75,75,129,5823
840323,75,75.25,74.8,75.25,109,5813
840326,76.25,76.85,76.25,76.85,190,5845
840327,77.15,77.2,76.4,76.4,92,5834
840328,76.25,77.3,76.15,77.3,63,5810
840329,78.2,78.2,77.65,77.65,113,5854
840330,77.65,78.5,77.4,78.35,149,5943
840402,77.9,78.3,76.95,77,100,5925
840403,77.2,77.6,77.2,77.6,44,5938
840404,77.9,77.9,77,77.4,37,5958
840405,77.1,77.1,76,76.3,268,5962
840406,77.2,77.2,76.95,77.2,43,5984
840409,77.3,77.3,75.7,75.7,53,6001
840410,75.85,76.5,75.85,76.5,25,6009
840411,76.8,77,76.3,76.3,155,6073
840412,76,76,75.1,75.6,63,5998
840413,76.1,76.1,75.8,75.85,93,6022
840416,76.15,76.3,76.1,76.1,37,5998
840417,76.6,76.65,76.3,76.65,146,6041
840418,76.6,76.95,76.25,76.95,73,6041
840419,77,77,76.45,76.45,117,6070
840423,76.75,77,76.2,76.25,72,6096
840424,75.68,75.8,72.2,73.65,230,6166
840425,73.5,73.5,72.9,73,331,6215
840426,72.4,72.85,72.4,72.5,288,6295
840427,72.5,72.5,71,71.15,152,6322
840430,70.8,71,70.5,71,187,6346
840501,71.3,71.8,71.3,71.75,509,6404
840502,71.95,72.05,71.45,71.45,84,6459
840503,71.3,71.85,70.9,71.85,164,6528
840504,71.5,71.5,70.5,70.8,193,6487
840507,69,70,68.4,68.45,234,6525
840508,68.7,68.7,67.5,68.1,330,6458
840509,68.25,69.2,68.15,68.35,1271,6463
840510,68.75,69,68.4,69,210,6540
840511,69.25,69.25,68,68.5,416,6644
840514,68.9,69.2,68.8,69.2,220,6742
840515,69.25,69.85,69.25,69.55,505,6978
840516,70,70.4,70,70.3,86,6992
840517,70.3,70.3,68.2,68.6,176,6942
840518,68.6,69.15,68,69.15,218,6921
840521,70.05,70.05,69.5,69.55,235,6962
840522,69.6,69.95,69.2,69.95,340,7054
840523,70,70,69.5,69.55,193,7136
840524,69.4,70.2,69.25,69.9,318,7239
840525,70.4,70.8,70.4,70.75,187,7297
840529,70.3,70.5,70.2,70.2,107,7208
840530,70.2,70.3,69.4,69.65,271,7352
840531,69.35,69.6,69.2,69.55,300,7293
840601,70.2,70.35,70.1,70.15,256,7463
840604,69.5,69.5,68.4,68.75,311,7594
840605,68.75,68.9,68.2,68.75,368,7674
840606,69,69.6,69,69.6,161,7804
840607,69.6,69.85,69.05,69.05,83,7838
840608,68.8,69.3,68.8,69.25,192,7924
840611,68.75,68.75,67,67,392,7938
840612,67.1,67.3,66.15,66.85,901,8125
840613,66.95,67.05,66.8,66.9,109,8213
840614,67.15,67.5,66.95,67.15,536,8220
840615,67,67,66.2,66.55,150,8218
840618,65.95,66.25,65.85,65.95,1349,8164
840619,66.2,66.5,66.1,66.45,252,8153
840620,65.6,65.75,64.6,64.85,707,8339
840621,64.95,65.5,64.6,64.75,765,8336
840622,65.1,65.4,65,65.15,342,8508
840625,64.5,64.65,64.2,64.2,352,8550
840626,64.4,64.75,64.4,64.65,849,9182
840627,64.6,65.05,64.2,64.3,1082,9493
840628,64.65,65.2,64.65,65.2,572,9615
840629,65.6,66.05,65.5,66,290,9784
840702,65.5,65.8,65.5,65.75,411,9758
840703,65.25,65.3,65.05,65.2,161,9808
840705,64.65,64.65,63,63.15,539,9941
840706,63.3,63.3,62.25,62.6,436,9870
840709,62.1,62.6,61.85,62.45,243,9846
840710,62.4,63.15,62.4,62.4,113,9856
840711,62.7,62.9,62.45,62.5,132,9859
840712,62.9,63.15,62.9,63,479,9848
840713,63.8,64.15,63.6,64.1,274,9903
840716,64.2,64.2,63.55,63.55,554,10154
840717,63.4,63.4,62.7,63.05,380,10296
840718,63.3,64.05,63.05,63.85,708,10188
840719,63.6,64.25,63.6,63.95,144,10225
840720,63.45,63.8,63.3,63.3,347,10213
840723,63,63,62.15,62.5,330,10331
840724,62.6,62.8,62.4,62.45,274,10366
840725,63.1,63.9,63.1,63.7,490,10497
840726,63.7,64.15,61.75,61.75,368,10600
840727,61.7,62.25,61.65,62.2,562,10391
840730,61.8,62.1,61.35,61.95,176,10630
840731,62,62.5,60.4,60.6,917,10987
840801,60.5,61.1,60.35,61,586,10979
840802,61.45,62.1,61.2,61.7,447,11295
840803,62.2,63.1,62.2,63,644,11557
840806,62.7,63.35,62.4,62.55,341,11763
840807,61.9,61.95,60.9,61.15,944,11918
840808,61.65,62.25,61.65,62.15,446,12059
840809,62.2,63.5,62.2,63.15,141,12068
840810,63.25,63.4,62.8,62.95,312,12110
840813,62.75,63.3,62.15,63.2,85,12084
840814,63.85,63.95,63.3,63.5,545,12259
840815,63.1,63.7,63.1,63.3,221,12305
840816,63.4,63.6,62.9,63,708,12856
840817,63.35,63.4,63.05,63.35,403,13012
840820,63.45,63.45,62.5,62.6,179,13096
840821,62.8,63,62.25,62.75,175,13135
840822,63,64.15,62.65,64.1,780,13462
840823,63.95,65.05,63.9,64.9,1400,13710
840824,65.25,65.55,64.95,65.35,1080,14155
840827,64.8,65.35,64.55,65.35,1241,14951
840828,65.5,65.5,64.5,64.55,1565,15845
840829,64.85,65.4,64.8,65.1,1656,16829
840830,64.55,65,64.4,64.6,746,16925
840831,64.8,65,64.5,64.95,283,16947
840904,63.35,63.75,63.3,63.35,987,17081
840905,63.25,63.75,63.2,63.4,424,17113
840906,63.6,64.05,63.6,63.85,654,17052
840907,62,62.2,61,61,1866,17489
840910,61,61.3,60.6,60.85,1010,17584
840911,60.65,61,60.5,60.95,753,17644
840912,61.2,61.4,60.9,61.1,591,17716
840913,60.75,60.8,59.35,59.55,1381,17725
840914,60.15,60.6,59.9,60.35,824,17887
840917,59,59.15,58.2,58.25,1269,18113
840918,58.35,59.35,58.3,59.1,805,18080
840919,58.9,59.25,58.85,59,304,18053
840920,58.7,58.85,57.75,58.65,727,18051
840921,59.5,60.1,59.4,59.65,972,18198
840924,59.75,60.25,59.55,59.55,925,18306
840925,59.25,59.5,58.9,59.15,624,18561
840926,59.2,60.5,58.45,60,913,18764
840927,60.15,60.3,59.6,59.7,656,18954
840928,59.35,59.6,59.2,59.4,722,19124
841001,59.6,59.85,59.55,59.8,536,19240
841002,59.7,60,59.45,59.8,851,19367
841003,60.25,60.25,59.25,59.45,550,19551
841004,59.3,59.5,59.1,59.3,970,19696
841005,58.9,59,58.15,58.5,776,19820
841008,58.55,58.75,58.2,58.6,290,19873
841009,58.55,58.65,58,58.15,491,19827
841010,58.05,58.9,57.55,58.75,1037,19906
841011,58.85,59.1,58.3,58.3,432,20276
841012,59.1,59.4,58.9,59.05,1084,20725
841015,58.3,58.75,58,58.6,1046,21047
841016,58.3,58.55,57.45,57.45,1363,21476
841017,57.7,57.75,57.1,57.3,1539,21941
841018,57.3,58.1,57.3,57.8,893,22310
841019,58.25,58.3,57.85,58.1,1537,23077
841022,57.9,58.25,57.85,57.9,1284,23580
841023,58.25,58.55,58.25,58.5,2441,24839
841024,58.95,59.1,58.8,58.8,981,25206
841025,59.1,60.9,59.05,60.6,2668,25982
841026,60.3,61,60.1,60.6,2776,26586
841029,60.05,60.05,59.45,59.5,1285,26826
841030,59.65,60.35,59.6,60.35,1586,26962
841031,60.5,61.7,60.2,61.6,2597,27872
841101,61.7,62.5,61.6,62.05,2196,28272
841102,62.75,62.9,62.35,62.8,3385,28947
841105,62.8,63.25,62.5,62.75,2280,29746
841106,62.4,62.6,61.85,62.5,1636,30272
841107,63.3,63.55,62.75,63.35,2686,31260
841108,62.95,63.1,62.7,62.95,1829,31841
841109,62.5,62.9,62.2,62.3,2400,32687
841112,62.4,63.1,62.35,62.95,1493,33067
841113,63.55,63.75,61.35,61.75,4047,33535
841114,61.3,61.8,61.2,61.5,2481,33899
841115,61.4,61.7,60.85,61.45,2345,34563
841116,61.65,62,61.25,61.3,3257,35811
841119,60.7,60.8,59.8,59.9,4027,36890
841120,60,61.25,60,61.1,7129,39643
841121,60.45,61.8,60.05,61.55,8490,43074
841123,61.05,61.8,60.9,61.2,4984,45013
841126,60.5,61.4,60.1,61.15,10550,48154
841127,61.1,61.95,59.4,59.7,16442,51383
841128,59.9,60.15,58.1,58.2,23046,50544
841129,58.1,59.05,58.05,58.5,7208,49791
841130,58.6,59.1,58.25,58.85,5617,48129
841203,58.95,59.35,58.6,59.1,5941,49199
841204,59.3,59.6,59,59.25,4494,49164
841205,59.25,59.45,58.75,59.05,4885,48921
841206,59.4,59.75,59.15,59.6,4347,48864
841207,59.4,59.4,58.5,58.75,6620,48298
841210,58.9,59.65,58.4,58.45,7008,47856
841211,58.9,59.4,58.7,59.35,6372,47544
841212,59.5,59.8,59.1,59.2,5927,46977
841213,59,59.1,58.15,58.5,6812,46790
841214,58.1,60.1,57.65,59.6,13549,48065
841217,59.2,60.2,58.85,59.4,7252,48181
841218,59.5,59.85,59.25,59.6,5864,48315
841219,59.7,59.8,59,59.05,5204,48390
841220,59.4,59.85,58.3,58.4,10067,47570
841221,58.75,59,55.5,55.9,12482,47466
841226,56.75,57.3,56.55,57.2,6277,46962
841227,57.4,57.5,56.8,56.9,5553,46147
841228,57.1,57.75,56.9,57.4,3626,46776
841231,57.3,57.4,57,57.2,2424,46595
850102,57.05,57.05,56.1,56.4,6711,45703
850103,56.35,57.2,56.3,57.15,4661,45465
850104,57.3,57.4,56.55,56.95,5088,44568
850107,56.9,58,55.7,57.85,7888,43691
850108,57.95,58.3,57.1,57.45,7868,43948
850109,57.7,58.8,57.7,58.7,8818,43712
850110,58.5,58.65,58.05,58.3,4495,43530
850111,58.25,58.35,57.2,57.4,7288,42976
850114,57.8,57.85,56.35,57.5,6831,42329
850115,57.65,59.3,57.6,58.6,10116,42280
850116,58.5,59.8,58.5,59.05,9026,41576
850117,59.55,60.25,59.5,60.15,8664,41802
850118,60.75,61.4,60.35,61.2,11987,41570
850121,60.8,61.85,60.65,61.7,7866,41086
850122,61.65,61.9,60.75,61.05,7122,40326
850123,60.4,60.45,59.8,60.1,6853,39971
850124,60.3,61.7,60.3,61.15,7656,40798
850125,61.2,61.4,60.6,61.1,5804,40669
850128,60.7,62.5,60.1,62.3,10281,41841
850129,62.8,63.5,62.6,63.05,10200,41360
850130,63.05,63.95,62.95,63.9,7604,41093
850131,63.5,63.75,62.5,62.6,8058,40200
850201,62.5,63.2,62.25,63,8234,38627
850204,62.3,62.75,61.8,62.4,5827,38301
850205,62.5,63.05,62.25,62.4,5424,38246
850206,62.3,62.5,61.8,62,4337,37440
850207,61.8,61.95,61.3,61.4,4936,36601
850208,61.6,61.9,61.05,61.3,5734,35248
850211,61.5,62.2,61.3,62.05,5287,34712
850212,62.25,62.6,61.9,62.05,7065,33255
850213,62.5,63,62.4,62.5,6786,31646
850214,62.65,63.2,62.1,62.3,6040,30016
850215,62.5,62.6,61.6,61.9,5833,29063
850219,62.1,62.1,61.55,61.85,4604,27932
850220,61.85,61.85,59.85,60,9100,25060
850221,59.5,60.4,59.1,59.15,7474,21688
850222,59.5,59.75,59.2,59.45,4774,18520
850225,58.1,58.4,57,57.05,7395,14414
850226,57.05,57.75,57,57.3,9202,9286
850227,57.95,58.5,57.95,58.1,7697,5310
850228,58.1,58.7,58,58.65,1413,2198
850301,58.85,58.95,58.2,58.3,500,1288
850304,58.9,59.2,58.8,59.05,380,973
850305,58.75,58.9,58.3,58.35,111,866
850306,58.5,60,58.4,59.9,256,602
850307,60,60.1,59.45,59.55,89,480
850308,59.7,59.75,59.35,59.6,318,454
850311,60.2,60.45,59.3,59.35,80,407
850312,59.15,59.5,58.95,58.95,68,336
850313,58.95,59.15,58.95,59.1,171,344
850314,59,59.05,58.9,59,49,227
850315,59,59.25,58.65,59.2,44,170
850318,59.5,60.05,59.5,60.05,54,138
850319,60.8,62,60.75,61.9,103,134
850320,61,61.2,60.5,60.5,141,145
850321,61.2,61.25,61,61.25,404,239
850322,61.45,61.6,60.9,60.9,221,129
850325,61,61.8,60.4,60.45,39,55
850326,61.8,61.8,61.2,61.2,72,65
850327,61.7,62.35,61.65,61.65,219,230
