850430,64.95,64.95,64.95,64.95,0,0
850501,65.6,65.6,65.6,65.6,0,0
850502,65.7,65.7,65.7,65.7,0,0
850503,66,66,65.45,65.45,1,1
850506,66.1,66.1,66.1,66.1,0,1
850507,67.3,67.3,67.3,67.3,0,1
850508,68.3,68.3,68.3,68.3,0,1
850509,69,69,69,69,0,1
850510,69.1,69.1,69.1,69.1,0,1
850513,68.85,68.85,68.85,68.85,0,1
850514,68.8,68.8,68.8,68.8,0,1
850515,69.2,69.2,69.2,69.2,0,1
850516,68.7,68.7,68.7,68.7,0,1
850517,68.65,68.65,68.65,68.65,0,1
850520,67.95,67.95,67.95,67.95,0,1
850521,68.8,68.8,68.8,68.8,0,1
850522,69.1,69.1,69.1,69.1,0,1
850523,68.75,68.75,68.75,68.75,0,1
850524,68.35,68.35,68.35,68.35,0,1
850528,66.7,66.7,66.7,66.7,0,1
850529,67.25,67.25,67.25,67.25,0,1
850530,67,67,65.5,65.5,2,3
850531,66.55,66.55,66.55,66.55,0,3
850603,65.55,65.55,65.55,65.55,0,3
850604,66.45,66.45,66.45,66.45,0,3
850605,65.85,65.85,65.85,65.85,0,3
850606,65.65,65.65,65.65,65.65,1,4
850607,65.85,65.85,65.85,65.85,0,4
850610,65.65,65.65,65.65,65.65,0,4
850611,65.9,65.9,65.9,65.9,0,4
850612,66.05,66.05,66.05,66.05,0,4
850613,65.4,65.4,65.4,65.4,0,4
850614,65.75,65.75,65.75,65.75,0,4
850617,66,66,66,66,0,4
850618,66.9,66.9,66.9,66.9,0,4
850619,66.1,66.1,66.1,66.1,0,4
850620,65.45,65.45,65.45,65.45,0,4
850621,65.45,65.95,65.45,65.95,1,5
850624,65.95,65.95,65.85,65.85,1,6
850625,65.65,65.65,65.65,65.65,0,6
850626,64.6,64.6,64.6,64.6,0,6
850627,64.2,64.2,64.2,64.2,0,6
850628,64.4,64.4,64.4,64.4,0,6
850701,64.05,64.05,64.05,64.05,2,6
850702,64.15,64.15,64.15,64.15,0,6
850703,64.45,64.45,64.45,64.45,0,6
850708,64.95,64.95,64.95,64.95,0,6
850709,64.95,64.95,64.95,64.95,0,6
850710,65.65,65.65,65.65,65.65,0,6
850711,65.75,65.75,65.75,65.75,0,6
850712,65.25,65.25,65.25,65.25,0,6
850715,66,66,66,66,0,6
850716,66.6,66.6,66.6,66.6,0,6
850717,67.9,68,67.9,68,5,11
850718,67.6,67.6,67.6,67.6,0,11
850719,68.2,68.2,68.2,68.2,0,11
850722,67.2,67.2,67.2,67.2,20,21
850723,66.95,66.95,66.95,66.95,0,21
850724,66.8,66.8,66.8,66.8,20,37
850725,66.75,66.75,66.75,66.75,0,37
850726,66.85,66.85,66.85,66.85,0,37
850729,66.45,66.45,66.45,66.45,0,37
850730,65.35,65.35,65.35,65.35,0,37
850731,65.7,65.7,65.1,65.25,2,37
850801,65.3,65.3,65.3,65.3,0,37
850802,65.65,65.65,65.65,65.65,10,47
850805,64.6,64.6,64.6,64.6,0,47
850806,64.85,64.85,64.85,64.85,0,47
850807,65.35,65.35,65.35,65.35,10,50
850808,65.4,65.4,65.4,65.4,10,60
850809,65.5,65.65,65.5,65.65,5,60
850812,65.3,65.3,65.3,65.3,0,65
850813,65.75,65.75,65.75,65.75,0,65
850814,66.6,66.6,66.6,66.6,2,67
850815,66.55,66.55,66.55,66.55,0,67
850816,66.6,66.6,66.6,66.6,0,67
850819,64.95,64.95,64.95,64.95,0,67
850820,64.75,64.75,64.75,64.75,0,67
850821,65.05,65.05,65.05,65.05,0,67
850822,65.3,65.3,64.4,64.4,0,67
850823,64.1,64.1,64.1,64.1,0,67
850826,64,64.1,64,64.05,6,72
850827,64.15,64.15,64.15,64.15,0,72
850828,65.25,65.25,65.25,65.25,0,72
850829,65.35,65.35,65.35,65.35,10,76
850830,65.4,65.4,65.4,65.4,0,76
850903,65,65,65,65,0,76
850904,65,65,65,65,5,81
850905,64.85,64.85,64.85,64.85,0,73
850906,64.45,64.45,64.45,64.45,0,81
850909,63.85,64,63.2,63.2,97,151
850910,63.5,63.55,63.25,63.25,77,192
850911,63.15,63.8,63.15,63.8,31,193
850912,63.5,63.5,63.5,63.5,0,193
850913,63.9,63.9,63.4,63.4,6,197
850916,63.5,63.5,63.5,63.5,0,197
850917,63.1,63.3,63.1,63.3,3,197
850918,62.9,62.9,62.4,62.4,14,205
850919,62.6,62.75,62.35,62.35,23,222
850920,62.55,62.55,61.95,61.95,2,224
850923,62.6,62.6,62.6,62.6,0,224
850924,63.7,63.7,63.7,63.7,0,224
850925,63.7,63.7,63.7,63.7,0,224
850926,62.9,62.9,62.9,62.9,0,224
850927,62.7,62.7,62.7,62.7,0,224
850930,62.55,62.55,62.55,62.55,0,224
851001,63.9,63.9,63.9,63.9,0,224
851002,64.9,64.9,64.9,64.9,31,246
851003,64.45,64.6,64.45,64.6,1,246
851004,65,65,65,65,0,246
851007,64.9,65.25,64.9,65.25,59,264
851008,65.1,65.1,64.85,64.85,21,267
851009,64.8,64.8,64.8,64.8,17,269
851010,64.8,64.8,64.25,64.25,1,270
851011,64.45,64.45,64.45,64.45,0,270
851014,64.4,64.4,64.4,64.4,0,270
851015,63.8,63.8,63.8,63.8,0,270
851016,63.15,63.15,63.15,63.15,0,270
851017,63.2,63.75,63.2,63.75,2,270
851018,64.6,64.7,64.6,64.7,20,270
851021,64.5,64.5,64.15,64.15,1,270
851022,64.2,64.45,64.2,64.45,1,270
851023,64.95,65.4,64.95,65.4,156,353
851024,65.4,65.4,64.85,64.85,36,378
851025,64.8,64.8,64.8,64.8,53,399
851028,64.15,64.15,64.15,64.15,5,399
851029,64.5,64.95,64.45,64.95,5,397
851030,64.2,64.2,64.2,64.2,0,397
851031,63.4,63.4,63.4,63.4,0,397
851101,63.7,63.7,63.7,63.7,0,397
851104,64.1,64.1,64.1,64.1,1,397
851105,64.25,64.25,64.25,64.25,6,402
851106,64.65,64.65,64.65,64.65,5,397
851107,63.75,63.75,63.75,63.75,20,377
851108,65,65,64.9,64.9,10,387
851111,64.7,64.7,64.3,64.3,35,413
851112,64.7,64.7,64.7,64.7,16,426
851113,64.8,64.8,64.8,64.8,30,439
851114,64.95,64.95,64.45,64.45,5,444
851115,64.25,64.25,64.25,64.25,0,444
851118,64.15,64.15,63.8,63.8,26,457
851119,62.85,62.85,62.85,62.85,3,459
851120,62.95,62.95,62.75,62.75,33,470
851121,62.9,62.9,62.5,62.5,34,496
851122,63.7,63.85,63.7,63.85,153,625
851125,64.3,64.3,63.95,63.95,25,639
851126,63.55,63.55,63.55,63.55,8,644
851127,63.75,63.75,63.75,63.75,19,652
851129,63.65,63.65,63.65,63.65,20,666
851202,63.65,63.75,63.65,63.75,13,683
851203,63.75,63.75,63.75,63.75,10,693
851204,64.7,64.7,64.7,64.7,45,732
851205,64.95,65,64.9,64.95,477,961
851206,64.95,65.25,64.9,65.1,318,1017
851209,64.9,65,64.65,64.65,201,1071
851210,64.65,65.2,64.65,65.2,105,1113
851211,65.05,65.75,65.05,65.75,38,1084
851212,65.85,65.85,65.1,65.1,25,1087
851213,65.3,65.3,65.3,65.3,108,1117
851216,65.7,66,65.7,66,183,1207
851217,65.5,65.5,65.5,65.5,46,1180
851218,65.3,65.3,64.9,64.9,14,1199
851219,65.2,65.25,65.2,65.25,18,1189
851220,64.9,64.9,64.9,64.9,0,1189
851223,64.4,64.4,64.4,64.4,0,1189
851224,64.95,64.95,64.95,64.95,0,1189
851226,65.65,65.65,65.65,65.65,0,1189
851227,65.85,65.85,65.35,65.35,20,1179
851230,65.1,65.1,65.1,65.1,0,1179
851231,65.5,65.5,65.4,65.4,2,1180
860102,64.85,65.6,64.85,65.6,2,1180
860103,65.6,65.65,65.6,65.65,2,1181
860106,65.5,65.65,65.5,65.65,13,1193
860107,66.3,66.3,66,66,111,1237
860108,66.1,66.1,65.8,65.8,74,1298
860109,65.8,66.25,65.8,66.25,135,1313
860110,66.35,66.55,66.35,66.55,1,1313
860113,66.45,67.3,66.45,67.3,116,1379
860114,67.5,67.65,67.5,67.65,99,1369
860115,67.6,67.8,67.5,67.6,69,1466
860116,67.8,67.8,67.15,67.15,51,1433
860117,66.8,67.25,66.8,67.25,26,1430
860120,67.15,67.4,66.85,67.35,6,1435
860121,67.55,67.7,67.15,67.3,267,1458
860122,66.9,66.9,66.6,66.85,139,1403
860123,66.6,66.7,66.45,66.45,54,1506
860124,67,67.2,67,67.1,8,1511
860127,67.7,68.2,67.7,68,48,1519
860128,68.6,68.6,67.95,67.95,1,1520
860129,68,68,68,68,46,1507
860130,68.1,68.1,68.05,68.05,76,1474
860131,67.7,67.7,67.7,67.7,3,1475
860203,67,67,66,66,125,1473
860204,66,66.1,66,66.05,30,1477
860205,66.6,66.6,66.4,66.4,42,1448
860206,66.3,66.3,65.55,66.05,70,1484
860207,66.05,66.05,66.05,66.05,1,1484
860210,66.2,66.2,65.9,65.9,27,1478
860211,65.4,65.4,65.4,65.4,25,1503
860212,65.3,65.5,65.3,65.5,61,1480
860213,65.3,65.7,65.3,65.4,45,1470
860214,66,66,66,66,14,1475
860218,66.65,66.65,66.45,66.5,26,1471
860219,66.95,67,66.35,66.35,21,1472
860220,66.6,66.6,66.6,66.6,9,1471
860221,66,66.35,66,66.35,93,1459
860224,67.4,67.55,67.4,67.55,138,1455
860225,67.85,67.85,67.1,67.1,31,1456
860226,67,67,66.25,66.25,50,1442
860227,66.3,66.9,66.3,66.9,31,1445
860228,67.2,67.2,66.55,66.55,37,1455
860303,66,66.3,66,66.1,85,1479
860304,66.45,67.15,66.45,67.15,49,1517
860305,66.75,66.75,66.75,66.75,19,1489
860306,67.6,67.6,67.6,67.6,10,1484
860307,67.5,67.55,67.35,67.35,19,1468
860310,68.05,68.05,68.05,68.05,15,1461
860311,68.05,68.05,67.65,67.65,11,1455
860312,67.55,67.55,67.55,67.55,37,1453
860313,67.65,67.65,67.5,67.5,66,1463
860314,68.55,68.55,68.55,68.55,36,1437
860317,68.9,69.45,68.85,69.45,25,1438
860318,69.5,69.5,68.9,68.9,25,1432
860319,68.8,69.3,68.8,69.3,31,1457
860320,69.3,69.3,68.8,68.8,8,1457
860321,69.8,70,69.65,69.65,190,1428
860324,69.4,70,69.2,69.2,100,1471
860325,68.9,68.9,68.5,68.5,28,1461
860326,68.6,68.8,68.3,68.3,67,1472
860327,68.8,68.8,68.8,68.8,0,1472
860331,68.5,68.5,68,68,4,1473
860401,67.8,67.8,66.6,66.6,114,1497
860402,67,67,66.8,66.8,21,1517
860403,66.75,66.75,66.3,66.5,140,1561
860404,66.75,66.75,66.6,66.6,35,1553
860407,67.05,67.3,66.9,66.95,45,1553
860408,67,67,65.65,65.85,98,1547
860409,66.35,66.7,65.95,66.7,37,1558
860410,67.15,67.15,67.1,67.1,2,1507
860411,67.3,67.3,66.95,67,15,1558
860414,66.75,66.75,66.1,66.1,40,1560
860415,66.2,66.65,66.2,66.65,17,1561
860416,66.9,66.9,66.3,66.3,19,1563
860417,66.35,66.45,66.35,66.45,11,1560
860418,66.75,66.75,66.05,66.05,54,1579
860421,65.95,66.15,65.25,65.25,138,1614
860422,66.1,66.1,66.1,66.1,19,1684
860423,66.7,66.7,66.05,66.05,26,1673
860424,65.95,65.95,65.9,65.9,26,1669
860425,65.4,65.5,65.4,65.4,100,1597
860428,65,65.1,64.8,64.8,30,1595
860429,64.8,64.8,64.05,64.05,78,1627
860430,64.2,64.25,63.55,63.55,23,1625
860501,63.85,63.9,63.4,63.4,21,1614
860502,63.8,64.05,63.8,63.9,113,1665
860505,64.2,64.45,64.1,64.3,12,1668
860506,64.2,64.2,64,64,34,1646
860507,63.9,64.3,63.9,64.2,47,1676
860508,64.85,65.1,64.85,65.1,23,1687
860509,65.3,65.35,65.25,65.3,40,1705
860512,65.1,65.1,65.1,65.1,20,1718
860513,64.9,65,64.35,64.35,9,1717
860514,64.45,64.5,64.45,64.5,20,1734
860515,64.4,64.6,64.4,64.5,32,1754
860516,64.75,64.9,64.75,64.9,110,1812
860519,64.65,64.65,64.1,64.1,103,1860
860520,63.9,63.9,63.55,63.55,166,1910
860521,63.65,63.85,63.65,63.85,57,1901
860522,63.75,63.8,63.7,63.7,115,1975
860523,63.25,63.4,63.25,63.4,79,2013
860527,63.4,63.85,63.35,63.85,41,2028
860528,63.9,64.3,63.9,64.3,20,2027
860529,64.35,64.35,64.35,64.35,4,2027
860530,64.1,64.1,64.1,64.1,39,2049
860602,63.95,63.95,63.6,63.6,20,2076
860603,63.6,63.6,62.95,62.95,124,2095
860604,62.9,63.45,62.8,63.45,47,2109
860605,63.6,64.25,63.55,64.25,67,2133
860606,64.6,64.7,64.5,64.7,232,2185
860609,64.65,65.2,64.6,64.85,367,2329
860610,65.1,65.1,64.7,64.75,85,2306
860611,64.9,64.95,64.9,64.95,53,2322
860612,65,65.1,64.95,64.95,64,2322
860613,64.8,64.8,64.5,64.5,37,2319
860616,64.35,64.85,64.3,64.85,110,2360
860617,64.55,64.6,64.4,64.4,90,2361
860618,64.45,64.45,63.9,64.15,44,2343
860619,64,64.05,63.85,63.95,52,2366
860620,64.1,64.1,63.9,63.95,29,2368
860623,63.85,64,63.7,63.8,320,2454
860624,63.75,63.85,62.3,62.3,112,2516
860625,62.4,62.75,61.95,62.1,450,2798
860626,62.2,62.7,62.05,62.6,384,2942
860627,62.25,62.25,61,61.1,463,3129
860630,61.2,61.85,61.2,61.35,488,3062
860701,61.5,61.85,61.5,61.85,141,3058
860702,61.85,61.85,61.2,61.7,76,3060
860707,61.95,61.95,60.9,60.9,81,3053
860708,60.5,60.6,60.15,60.15,359,3151
860709,60.35,60.6,60,60.5,256,3165
860710,60.3,60.8,60.3,60.65,130,3147
860711,60.85,61.35,60.7,60.7,127,3152
860714,60.2,60.2,59.75,59.9,183,3159
860715,60.05,60.8,60.05,60.7,229,3160
860716,60.55,60.75,60.55,60.55,97,3148
860717,60.25,60.35,60.25,60.35,109,3134
860718,60.15,60.45,60.1,60.25,271,3209
860721,60.35,60.5,59.95,60.5,82,3214
860722,60.6,60.6,60.25,60.5,86,3221
860723,60.5,60.95,60.5,60.95,313,3280
860724,60.9,61.5,60.9,61.35,215,3255
860725,61.1,61.1,60.4,60.4,242,3298
860728,60.2,60.45,59.9,59.9,243,3282
860729,59.4,59.8,59.4,59.6,411,3344
860730,59.4,59.75,59.4,59.75,253,3360
860731,59.65,60,59.65,59.7,246,3425
860801,59.7,59.85,59.65,59.75,182,3472
860804,59.25,59.25,59,59.2,248,3524
860805,59.3,59.7,59.15,59.65,640,3902
860806,59.85,59.85,59.55,59.55,661,4306
860807,59.4,59.65,59.35,59.4,314,4417
860808,59.55,59.8,59.55,59.55,446,4522
860811,60.3,60.45,60.2,60.35,490,4798
860812,60,60.2,59.95,60.1,439,4981
860813,60,60.2,59.8,59.8,783,5362
860814,60,60,59.8,60,187,5536
860815,60.1,60.1,58.9,58.9,279,5625
860818,58.8,58.8,58.45,58.55,913,5769
860819,58.7,58.9,58.65,58.8,581,5932
860820,58.9,59.2,58.8,59.1,1325,6836
860821,59.2,59.55,59.1,59.3,1260,7570
860822,59.4,59.4,58.65,58.8,1062,8193
860825,58.9,58.9,58.65,58.75,407,8459
860826,58.25,58.7,58.2,58.6,925,8725
860827,58.55,59.1,58.45,59,791,9135
860828,59.05,59.25,58.5,58.75,1190,9303
860829,58.95,59.05,58.65,59,416,9316
860902,59.35,62.2,59.3,61.8,1129,9491
860903,61.25,61.85,61.2,61.7,1276,9499
860904,61.75,62.1,61.55,61.6,585,9695
860905,62.05,62.3,61.4,62.15,522,9780
860908,61.7,62.15,61.45,61.55,427,9876
860909,61.75,61.75,61,61.05,403,9940
860910,61.15,61.6,60.8,61.3,286,11533
860911,61.45,61.45,60.9,61,249,11540
860912,61.4,61.65,60.9,61.25,589,11626
860915,61.3,61.85,61.3,61.75,624,11962
860916,61.75,62.6,61.7,62.5,1279,12506
860917,62.75,62.95,62.4,62.45,1462,13341
860918,62.3,62.8,62.25,62.55,703,13621
860919,62.9,63.05,62.6,62.65,796,13756
860922,62.65,62.9,61.7,61.85,612,13966
860923,61.6,61.65,61.1,61.3,760,14097
860924,61.2,61.45,60.9,61.4,598,14421
860925,61.25,61.75,61.1,61.75,638,14856
860926,61.7,61.75,61.5,61.55,213,14870
860929,61.6,62,61.3,61.45,267,14712
860930,61.9,62,61.4,61.5,701,14723
861001,61.05,61.15,60.2,60.2,72,14782
861002,59.95,60.5,59.75,60.35,1215,14990
861003,60.55,60.8,60.2,60.25,210,15021
861006,60.25,60.5,60.25,60.35,373,14863
861007,60.4,60.55,59.95,60,341,14884
861008,59.85,60,59.6,59.95,390,15006
861009,59.85,59.9,59.6,59.65,946,15350
861010,59.8,60.29,59.65,60.15,789,15491
861013,60.05,60.35,60.05,60.15,115,15591
861014,60.3,60.45,60.2,60.4,266,15590
861015,60.25,60.5,60.2,60.4,313,15667
861016,60.5,60.8,60.5,60.55,804,16071
861017,60.35,60.4,60.1,60.25,720,16410
861020,60.3,60.8,60.25,60.75,770,16733
861021,60.9,61,60.6,60.65,1437,17093
861022,60.85,60.9,60.7,60.8,701,17428
861023,60.7,61.15,60.65,60.9,2130,18409
861024,60.6,60.7,60.1,60.35,1339,18977
861027,60.3,60.3,59.9,59.95,1229,19584
861028,59.9,59.9,59.4,59.4,1579,20215
861029,59.35,59.35,58.7,59.1,5077,22708
861030,59,59.7,58.9,59.6,1897,23551
861031,59.4,59.5,59,59.3,1278,24242
861103,59.3,59.7,59.3,59.6,1508,25015
861104,59.75,59.85,59.7,59.75,1250,25470
861105,59.75,59.75,59.3,59.45,1879,26408
861106,59.5,59.8,59.4,59.55,1656,27243
861107,59.4,59.65,59.3,59.65,1989,28148
861110,59.55,59.55,59.25,59.35,1605,28766
861111,59.4,59.6,59.35,59.55,1885,29621
861112,59.35,59.5,59.3,59.45,1518,30322
861113,59.25,59.45,59.1,59.25,2408,31634
861114,59.3,59.5,59.15,59.4,2680,33131
861117,59.1,59.35,59.1,59.15,2930,34220
861118,59.1,59.25,59.05,59.2,2249,35254
861119,59,60.1,59,59.85,8602,37387
861120,59.95,60.4,59.9,60.4,5606,39093
861121,59.85,60.65,59.85,59.95,7803,41105
861124,59.9,60,59.55,59.7,5034,40754
861125,59.6,59.9,59.45,59.85,5353,43239
861126,59.85,60.5,59.7,60.45,7616,45516
861128,60.65,61.35,60.65,61.05,7532,48117
861201,61.1,61.25,60.75,61.15,6590,50861
861202,61,61,60.85,61,4104,51876
861203,60.9,61.25,60.65,61.15,4318,52451
861204,61.25,61.5,61.05,61.3,3345,52701
861205,61.1,61.3,60.5,60.65,5153,51889
861208,60.7,60.8,60.35,60.35,3377,51415
861209,60.45,60.45,59.85,60.1,4464,50835
861210,60.1,60.2,59.5,60,6113,49756
861211,60.2,60.45,60.2,60.45,2704,49319
861212,60.45,60.55,60.35,60.55,1500,49376
861215,60.7,60.8,60.55,60.7,1723,49216
861216,60.8,60.85,60.5,60.55,2040,49097
861217,60.7,60.8,60.55,60.8,1296,48918
861218,60.8,60.8,60.7,60.75,3098,49240
861219,60.9,60.9,60.8,60.85,1789,49160
861222,60.95,60.95,60.35,60.65,3042,49122
861223,60.75,60.85,60.4,60.55,2640,48795
861224,60.5,60.8,60.4,60.75,925,48553
861229,60.85,61.15,60.8,60.95,3146,48327
861230,61.05,61.05,60.85,60.95,1605,48310
861231,61.1,61.25,61.1,61.15,1408,48415
870102,61.25,61.35,61.2,61.35,1018,48452
870105,61.25,62.25,61.2,62.25,9320,50706
870106,62.25,62.3,61.95,62,3469,51614
870107,61.8,61.95,61.6,61.85,3281,51512
870108,61.95,62,61.75,61.75,3880,51151
870109,61.65,61.75,61.15,61.7,4368,50458
870112,61.95,62.15,61.7,61.75,3264,50644
870113,61.8,61.9,61.6,61.75,2493,49887
870114,62,62.3,61.9,62.1,4348,49822
870115,61.95,62.15,61.1,61.35,7407,47042
870116,60.6,61,60.5,60.6,8936,44800
870119,60.8,60.85,60.35,60.75,5109,42596
870120,60.4,60.45,60.05,60.2,4346,41551
870121,60.5,61.1,60.4,60.8,3878,40868
870122,61,61.4,60.8,60.8,2946,40259
870123,60.55,60.7,60.15,60.5,3319,39544
870126,60.7,61.75,60.65,61.6,3587,39002
870127,61.7,61.8,61.15,61.45,4664,39277
870128,61.65,61.65,60.7,60.75,4265,38217
870129,60.75,61.25,60.45,61.2,2930,38087
870130,60.7,60.9,60.35,60.4,3635,37886
870202,60.5,60.8,60.3,60.6,1978,37393
870203,60.75,61.15,60.65,60.85,2561,36880
870204,60.7,61,60.55,60.95,2333,36077
870205,60.95,61,60.65,60.9,1979,35419
870206,60.7,61,60.55,60.9,3451,33270
870209,60.9,61.3,60.9,61.1,2586,32551
870210,61.25,61.6,61.05,61.2,3488,31692
870211,61.1,61.35,60.9,61.15,2313,30698
870212,61.35,61.55,60.85,60.9,4425,28441
870213,60.85,60.95,60.65,60.8,2889,27253
870217,61.15,61.7,61.1,61.55,5876,24860
870218,61.95,63.2,61.95,63,8906,21778
870219,63.15,63.6,62.4,63.05,6615,18758
870220,63.2,63.6,62.7,63.5,3618,16740
870223,63.25,63.25,62.4,62.65,3990,15502
870224,62.45,62.45,62,62.35,4499,12853
870225,62.6,63.5,62.6,63.35,6368,9410
870226,63.75,64.2,62.5,62.6,4134,7116
870227,62.65,63.45,62.6,63.4,1555,4954
870302,63.2,63.2,62.95,63.1,475,4249
870303,63,63.2,62.6,63.05,708,3447
870304,63.25,63.25,62.4,62.9,491,3161
870305,63.05,63.2,62.9,63.2,161,2647
870306,63.15,63.2,63.1,63.2,139,2535
870309,63,63,62.9,62.9,270,2273
870310,62.75,63.5,62.75,63.45,576,1498
870311,63.45,63.8,62.85,63.7,505,1356
870312,64.25,64.25,63.7,64,295,868
870313,63.85,63.85,63.5,63.5,53,801
870316,63.35,63.35,63.2,63.25,154,642
870317,63.4,63.45,63.3,63.45,93,371
870318,63.3,63.5,63.3,63.45,103,270
870319,63.45,63.8,63.45,63.65,42,200
870320,63.65,64.25,63.65,64.2,58,181
870323,64.5,64.6,64.25,64.6,13,136
870324,64.7,64.7,64.4,64.4,19,129
870325,64.45,64.45,64.25,64.35,13,120
870326,64.65,64.65,64,64,66,105
870327,64.55,64.55,64.15,64.15,145,187
