860924,63.65,63.65,63.65,63.65,0,0
860925,64,64,64,64,0,0
860926,63.85,63.85,63.85,63.85,0,0
860929,63.75,63.75,63.75,63.75,0,0
860930,63.8,63.8,63.8,63.8,0,0
861001,62.65,62.65,62.65,62.65,0,0
861002,62.8,62.8,62.8,62.8,0,0
861003,62.7,62.7,62.7,62.7,0,0
861006,62.8,62.8,62.8,62.8,0,0
861007,62.45,62.45,62.45,62.45,0,0
861008,62.6,62.6,62.6,62.6,0,0
861009,62.3,62.3,62.3,62.3,0,0
861010,62.85,62.85,62.85,62.85,0,0
861013,62.85,62.85,62.85,62.85,0,0
861014,63,63,63,63,0,0
861015,63.05,63.05,63.05,63.05,0,0
861016,63.15,63.15,63.15,63.15,0,0
861017,62.85,62.85,62.85,62.85,0,0
861020,63.35,63.35,63.35,63.35,0,0
861021,63.25,63.25,63.25,63.25,0,0
861022,63.4,63.4,63.4,63.4,0,0
861023,63.45,63.45,63.45,63.45,0,0
861024,62.9,62.9,62.9,62.9,0,0
861027,63,63,62.55,62.55,2,2
861028,62.1,62.1,62.1,62.1,0,2
861029,61.85,61.85,61.85,61.85,0,2
861030,62.4,62.4,62.4,62.4,0,2
861031,62.1,62.1,62.1,62.1,0,2
861103,62.4,62.4,62.4,62.4,0,2
861104,62.5,62.5,62.5,62.5,0,2
861105,62.25,62.25,62.25,62.25,0,2
861106,62.3,62.3,62.3,62.3,0,2
861107,62.4,62.4,62.4,62.4,0,2
861110,62.15,62.15,62.15,62.15,0,2
861111,62.45,62.45,62.45,62.45,0,2
861112,62.3,62.3,62.3,62.3,0,2
861113,62.3,62.3,62.15,62.15,2,4
861114,62.3,62.3,62.3,62.3,0,4
861117,62.05,62.05,62.05,62.05,0,4
861118,62.2,62.2,62.2,62.2,0,4
861119,62.7,62.7,62.7,62.7,0,4
861120,63.2,63.2,63.2,63.2,0,4
861121,63,63,63,63,1,4
861124,63,63,62.8,62.8,4,8
861125,62.95,62.95,62.95,62.95,0,8
861126,63.55,63.55,63.55,63.55,0,8
861128,63.85,63.85,63.85,63.85,0,8
861201,63.85,63.85,63.85,63.85,0,8
861202,63.75,63.75,63.75,63.75,0,8
861203,63.85,63.85,63.85,63.85,0,8
861204,64,64,64,64,0,8
861205,63.35,63.35,63.35,63.35,0,8
861208,63.15,63.15,63.15,63.15,0,8
861209,62.95,62.95,62.95,62.95,0,8
861210,62.9,62.9,62.9,62.9,0,8
861211,63.3,63.3,63.3,63.3,0,8
861212,63.3,63.3,63.3,63.3,0,8
861215,63.5,63.5,63.5,63.5,0,8
861216,63.4,63.4,63.4,63.4,0,8
861217,63.65,63.65,63.65,63.65,0,8
861218,63.6,63.6,63.6,63.6,0,8
861219,63.65,63.65,63.65,63.65,0,8
861222,63.45,63.45,63.45,63.45,0,8
861223,63.45,63.45,63.45,63.45,0,8
861224,63.7,63.7,63.7,63.7,0,8
861229,63.85,63.85,63.85,63.85,0,8
861230,63.95,63.95,63.95,63.95,0,8
861231,64.15,64.15,64.15,64.15,0,8
870102,64.3,64.3,64.3,64.3,0,8
870105,65.25,65.25,65.25,65.25,0,8
870106,65,65,65,65,0,8
870107,65,65,65,65,0,8
870108,64.8,64.8,64.8,64.8,0,8
870109,64.75,64.75,64.75,64.75,0,8
870112,64.8,64.8,64.8,64.8,0,8
870113,64.75,64.75,64.75,64.75,0,8
870114,65.1,65.1,65.1,65.1,0,8
870115,64.35,64.35,64.35,64.35,0,8
870116,63.95,64.15,63.85,63.85,2,10
870119,64,64,64,64,0,10
870120,63.75,63.75,63.55,63.55,1,11
870121,64.1,64.1,64.1,64.1,0,11
870122,64.05,64.05,64.05,64.05,0,11
870123,63.75,63.75,63.75,63.75,0,11
870126,64.8,64.8,64.8,64.8,0,11
870127,64.65,64.65,64.65,64.65,0,11
870128,64.1,64.1,64.1,64.1,0,11
870129,64.55,64.55,64.55,64.55,0,11
870130,63.9,63.9,63.9,63.9,0,11
870202,64.05,64.05,64.05,64.05,0,11
870203,64.3,64.3,64.3,64.3,0,11
870204,64.4,64.4,64.4,64.4,0,11
870205,64.4,64.4,64.4,64.4,0,11
870206,64.4,64.4,64.4,64.4,0,11
870209,64.4,64.4,64.4,64.4,0,11
870210,64.6,64.7,64.5,64.5,2,13
870211,64.4,64.4,64.4,64.4,0,13
870212,64,64,64,64,0,13
870213,63.8,63.95,63.8,63.95,10,23
870217,64,64,64,64,0,23
870218,65.1,65.1,65.1,65.1,0,23
870219,65,65.25,65,65.25,2,23
870220,65.6,65.6,65.6,65.6,0,25
870223,65.3,65.3,65.3,65.3,0,25
870224,65.25,65.35,65.25,65.35,8,33
870225,65.8,65.8,65.55,65.55,1,34
870226,65.05,65.05,65.05,65.05,0,34
870227,65.4,65.4,65.4,65.4,0,34
870302,65.25,65.25,65.25,65.25,0,34
870303,65.3,65.3,65.3,65.3,0,34
870304,65.05,65.05,65.05,65.05,0,34
870305,65.35,65.35,65.35,65.35,0,34
870306,65.3,65.3,65.3,65.3,0,34
870309,65.05,65.05,64.95,64.95,8,42
870310,65.4,65.4,65.4,65.4,0,42
870311,65.45,65.45,65.45,65.45,0,42
870312,65.65,65.65,65.65,65.65,20,62
870313,65.3,65.3,65.3,65.3,0,62
870316,65.15,65.15,65.15,65.15,0,62
870317,65.4,65.4,65.4,65.4,0,62
870318,65.3,65.3,65.3,65.3,0,62
870319,65.5,65.8,65.5,65.65,40,92
870320,65.9,65.9,65.9,65.9,0,92
870323,65.9,65.9,65.75,65.75,40,125
870324,65.3,65.3,65.3,65.3,1,125
870325,65.3,65.3,65.3,65.3,0,125
870326,65.25,65.25,65.25,65.25,4,129
870327,65.5,65.5,65.5,65.5,0,129
870330,64.95,64.95,64.95,64.95,0,129
870331,63.65,63.65,63.65,63.65,0,129
870401,63.75,63.75,63.75,63.75,0,129
870402,63.65,64,63.65,63.85,7,136
870403,63.8,63.8,63.8,63.8,15,151
870406,64.05,64.05,64.05,64.05,0,151
870407,63.8,63.8,63.8,63.8,0,151
870408,63.9,63.9,63.8,63.8,37,188
870409,63.85,63.85,63.85,63.85,10,193
870410,64.4,64.4,64.15,64.15,1,194
870413,64.25,64.25,63.9,64.25,0,194
870414,64.55,64.6,64.35,64.35,10,199
870415,64.45,64.45,64.45,64.45,1,200
870416,64.5,64.6,64.5,64.6,23,213
870420,64.75,64.8,64.75,64.8,5,229
870421,65.1,65.1,64.75,64.75,20,235
870422,64.45,64.45,63.65,63.65,1,236
870423,63.45,63.7,63.2,63.2,15,251
870424,63.75,63.85,63.75,63.85,23,232
870427,64.4,64.5,63.8,63.8,20,229
870428,63.6,63.9,63.6,63.9,1,230
870429,64,64,63.7,63.7,7,234
870430,64,64,63.7,63.7,6,240
870501,64,64.05,63.85,64.05,11,248
870504,64.6,65,64.6,65,2,250
870505,65.45,65.45,65.45,65.45,48,298
870506,66,66,65.95,65.95,16,314
870507,66.2,66.95,66.2,66.5,42,346
870508,66.9,66.9,66.45,66.45,14,354
870511,67.75,67.75,67.75,67.75,10,354
870512,67.4,67.65,67.4,67.65,19,368
870513,67.6,67.85,66.85,66.85,60,389
870514,67,67,67,67,6,384
870515,68.05,68.05,68.05,68.05,0,384
870518,68.65,68.65,65.55,65.55,16,373
870519,66,66.1,66,66.1,4,377
870520,66.5,66.55,66.5,66.55,1,374
870521,66.2,66.25,66.2,66.25,5,379
870522,66.5,66.5,65.95,66.2,10,384
870526,64.3,65,64.25,64.75,11,381
870527,65,65.5,65,65.5,23,382
870528,65.9,65.9,65.7,65.7,14,383
870529,65.5,65.7,65.5,65.55,9,389
870601,65,66.3,64.95,66.3,5,386
870602,66.3,67,66.3,67,5,391
870603,66.75,66.75,66.1,66.1,35,424
870604,67.2,67.2,67.2,67.2,0,434
870605,66.75,67.9,66.75,66.75,7,445
870608,67.25,67.5,67.25,67.5,1,446
870609,68.3,68.3,68.3,68.3,0,446
870610,68,68.6,67.6,67.6,48,455
870611,68.2,68.7,68.2,68.7,21,454
870612,68.6,68.6,68.6,68.6,0,454
870615,69,69.1,69,69.1,1,455
870616,68.7,69.05,68.7,69.05,89,456
870617,68.65,68.65,68.45,68.45,3,457
870618,68.1,68.35,68.1,68.35,88,457
870619,67.8,68.2,67.2,67.2,20,459
870622,66.65,67.05,66.65,67.05,36,441
870623,68.25,68.25,67.8,67.8,3,443
870624,68,68.55,68,68.55,14,441
870625,68.65,69.4,68.65,69.4,37,463
870626,68.85,69.2,68.7,68.7,12,469
870629,68.75,68.75,68.05,68.15,5,474
870630,68.65,69,68.65,69,15,477
870701,69.7,70.85,69.7,70.25,6,479
870702,71.25,71.3,71.25,71.3,1,478
870706,72.6,72.6,72.55,72.55,3,480
870707,72,72.7,72,72.7,3,477
870708,72.05,72.05,72.05,72.05,0,477
870709,71.4,73.5,70.5,73.3,5,476
870710,73.3,73.3,72.65,73.15,19,492
870713,72.2,72.6,72.2,72.45,8,494
870714,71.4,72.4,71,71.65,4,495
870715,71.45,71.45,70.3,70.3,131,582
870716,71.2,71.55,71.1,71.55,122,700
870717,70,70.6,70,70.6,7,693
870720,70.4,70.75,70.4,70.75,9,691
870721,70.75,71.45,70.5,71.45,24,695
870722,72.05,72.4,72.05,72.4,7,707
870723,72.6,72.75,72.1,72.3,31,701
870724,72.6,72.6,72.5,72.5,9,706
870727,72.05,72.15,72.05,72.15,3,713
870728,73.1,73.1,73.1,73.1,0,713
870729,73,73,72.55,72.55,1,712
870730,72.35,73.5,72.22,73.5,9,703
870731,73.7,73.9,73.3,73.3,47,736
870803,72.85,72.85,72.85,72.85,1,736
870804,72.8,73.15,72.8,73.15,68,718
870805,72.3,72.5,72.3,72.5,0,718
870806,72.35,72.35,72,72,46,719
870807,73.1,73.1,73.1,73.1,0,719
870810,74,74.4,74,74.4,40,679
870811,74.7,75,74.7,75,17,679
870812,74.65,74.65,74.65,74.65,1,684
870813,73.75,73.75,73.6,73.6,1,683
870814,73.6,74.35,73.6,74.35,5,688
870817,74.9,74.9,74.9,74.9,0,688
870818,75.35,75.35,73.45,73.45,26,714
870819,72.9,73.5,72.8,73.5,12,711
870820,73.55,73.6,73.35,73.35,22,715
870821,73.25,73.25,71.3,71.3,19,717
870824,71,72.35,70.5,72.35,18,701
870825,72.05,72.4,71.55,71.55,238,742
870826,71.1,72.4,71.1,71.55,74,793
870827,72.2,72.2,71.8,72.1,6,795
870828,71.5,71.5,71.35,71.35,1,794
870831,71.8,72.35,71.8,72.35,3,795
870901,72.25,72.25,72.15,72.15,1,796
870902,71.85,72,71.55,71.55,81,804
870903,71.8,71.8,71.8,71.8,0,804
870904,73,73.15,73,73.15,1,805
870908,74.1,76.25,74,76.25,16,798
870909,76.25,76.25,75.7,75.7,3,791
870910,76.65,76.65,76.65,76.65,17,774
870911,76,77.1,76,77.1,8,774
870914,77,77,76.7,76.7,16,786
870915,76.3,76.3,76.05,76.05,23,799
870916,76.05,77.5,76.05,77.5,25,796
870917,78.75,78.85,78.75,78.85,9,797
870918,78.5,78.8,78.45,78.45,38,816
870921,78.55,78.85,77.9,77.9,19,812
870922,77.75,77.75,76.9,77.15,17,821
870923,77.9,78.4,77.9,78.15,19,821
870924,79.05,79.05,78.15,78.15,26,873
870925,78.15,78.95,78.15,78.9,20,873
870928,79.75,79.75,79.15,79.15,41,878
870929,79,79.1,78.6,78.7,91,919
870930,78.3,78.3,77.35,77.35,59,940
871001,77.6,77.6,77.15,77.15,12,951
871002,78.9,78.9,78.9,78.9,0,951
871005,80,80,80,80,5,946
871006,80,80,79.9,79.9,5,942
871007,80.3,80.7,79.8,79.8,70,980
871008,80.4,80.4,80.15,80.2,16,980
871009,80.6,81,80.6,80.9,37,992
871012,80.9,81.6,80.9,81.6,46,1011
871013,82,82,81.6,81.6,62,1012
871014,82.25,82.6,81.9,82.6,50,1006
871015,82.75,83.45,82.4,83.45,123,1022
871016,83.3,84,83,84,79,1004
871019,84.5,84.6,80.1,80.85,77,998
871020,74,75.5,72.6,72.6,350,1086
871021,76,77.5,75,75.3,304,1483
871022,75.6,76.95,74.4,76.95,40,1504
871023,77.2,77.5,76.45,76.45,822,1807
871026,75,75.15,74.1,75.15,146,1728
871027,75.9,76.4,75.8,75.8,317,1798
871028,76.5,76.5,76.5,76.5,156,1822
871029,75.6,75.9,75,75.05,211,1850
871030,76,77,76,76.5,28,1833
871102,77.85,79.9,77.85,79.2,224,1846
871103,79.4,79.4,78.7,78.9,13,1812
871104,79,80.2,79,80.2,155,1824
871105,79.8,80.8,79,80.8,268,1828
871106,81.6,83.55,81.2,83.55,192,1916
871109,83.5,83.5,82,82,123,1897
871110,81.8,84.5,81.8,84.2,145,1724
871111,84.5,87,84,84,387,1811
871112,83,84,82.5,83.6,206,1935
871113,85,86,84.5,84.8,374,2125
871116,84.5,85.85,84.5,84.7,293,2287
871117,85.3,85.3,84.8,85,76,2324
871118,85.5,86.5,85.5,86.5,70,2320
871119,86.2,87,85.5,86.8,429,2418
871120,86.8,87,86,86.4,238,2431
871123,87.5,89.55,87.3,89,142,2384
871124,90,93.1,90,92.9,257,2423
871125,95.4,98.2,95,97.5,336,2494
871127,92,97.5,92,96.1,395,2575
871130,96.3,99.7,91.5,91.6,508,2533
871201,93,96.5,93,96.1,394,2438
871202,94,95,92.5,93.9,387,2379
871203,92.5,92.5,91.5,91.7,109,2384
871204,87,88,85.5,85.9,189,2365
871207,91.5,92.8,90.5,92.7,233,2380
871208,94.2,95,93.6,93.6,115,2387
871209,93.5,94.35,91,91,98,2435
871210,91,94,89.8,94,201,2397
871211,95,96.3,93.7,93.7,321,2506
871214,97,97,90.5,90.7,489,2704
871215,92.5,94,87.5,88.5,805,3039
871216,89.5,91.9,89,91.9,581,3125
871217,93,93.2,92.1,93.2,568,3239
871218,94.2,94.5,92.8,93.8,499,3315
871221,97.7,97.7,93.6,93.9,450,3334
871222,93.7,93.9,91.2,91.9,372,3493
871223,91.5,93.5,90.5,91.2,459,3675
871224,92.2,92.7,91.2,91.8,319,3867
871228,91.05,91.7,90.3,91.6,349,3958
871229,92,94.15,92,94,479,3978
871230,93.9,94.9,93.5,93.6,361,4150
871231,94,95,93.4,94.8,269,4144
880104,93,95,92.75,94.5,380,4172
880105,93.5,95.5,91.5,95.4,378,4165
880106,94.5,96.6,92.5,93,742,4375
880107,92.5,94.2,92,93.7,407,4369
880108,94.2,95.3,93.5,94.7,818,4674
880111,95,97.7,95,97.2,697,4831
880112,97.5,98.2,95.5,95.5,584,5057
880113,92,94.5,85,88.8,1103,5465
880114,87,87.5,84.6,85.3,954,5656
880115,88,88,84,85,1156,5670
880118,86.5,89,86,87.6,1674,5945
880119,86,90,85.5,89.2,372,6034
880120,88.5,89,81.5,82.25,972,6481
880121,82.5,85.4,81,84,1010,6648
880122,86,88.1,85.3,88.1,288,6727
880125,88.1,88.5,81,82,1410,7060
880126,83.25,84.5,83,84.1,214,7470
880127,81,82.7,80,80.6,882,7640
880128,81,83.5,80.8,82.6,623,7694
880129,82.6,84.8,79,79.5,1021,7847
880201,78.5,80,74,76.5,744,7901
880202,79,79.5,78.3,78.6,1017,7999
880203,78.6,82.25,78.6,80.6,1023,7658
880204,82,82.5,81.1,82.25,710,7964
880205,83,83.5,78.8,79.4,1332,6537
880208,78.5,79.5,77,79.3,506,6620
880209,79.6,82,79,80.9,505,6738
880210,82,85.7,82,85.7,479,6892
880211,87.5,87.5,84.8,85.2,444,6957
880212,86,87.5,84.5,86.7,467,6981
880216,89,92.2,89,92.2,671,7076
880217,92,93.7,89.5,93.5,10925,6436
880218,92.5,94,90.8,91.5,1620,6450
880219,88,90,87.6,88.4,1202,6383
880222,87.1,88.1,85.2,85.2,858,6441
880223,85.3,86.7,84.5,85.6,958,6399
880224,87.5,88.5,83.5,88.3,1400,6203
880225,88.5,89.2,86.5,88.55,934,6545
880226,86,87.5,82.5,83,1191,6294
880229,82,83.5,81.3,83,1315,6309
880301,84.5,85.6,83.8,84.6,495,6365
880302,85.5,86.15,85.3,86,580,6397
880303,86,87,83.3,86.15,691,6508
880304,86.8,88.3,85.5,87.7,793,6440
880307,88.5,89.3,87.8,88.6,606,6530
880308,89,90.4,85.8,86.9,1161,6772
880309,88,92.9,88,92.25,981,6699
880310,92.3,95,91.5,94.2,2064,6872
880311,95,95.7,92.5,92.9,1759,7482
880314,93.6,95.4,92.5,93.25,1461,7738
880315,92,93.1,90.5,90.6,849,8130
880316,90.9,94.2,90.1,93.25,864,8007
880317,93.25,94.5,90.5,92.7,1065,8466
880318,93,93.6,91.5,92.8,841,8103
880321,92.3,92.3,90.9,91.1,448,8406
880322,91.7,92.5,91.3,91.9,590,8409
880323,93,94.3,92.7,94,835,8821
880324,95,99.5,95,98.8,2046,9164
880325,98,99.6,97.4,97.55,2461,9636
880328,97.2,97.2,94.1,95.3,1181,9920
880329,95.1,98.4,95,98.1,982,9848
880330,97,101.4,97,100.8,1624,10406
880331,101.7,102.5,99.2,99.7,1370,10432
880404,100,101.8,100,101.4,529,10290
880405,100.5,102,100,100.8,963,10445
880406,100.2,100.4,98.5,98.95,1238,10392
880407,98,101.4,97.6,101.2,1874,10211
880408,100.5,101.2,97.8,98.15,2295,10748
880411,98.2,98.3,93.9,94.3,2580,10597
880412,94,96,90.7,90.8,5185,10465
880413,91.4,92,87.85,88.1,4566,10485
880414,89.6,91.2,89.2,90.85,2264,10410
880415,92,92.9,91.5,92.4,1918,10793
880418,92.8,92.9,90.5,90.9,2042,11401
880419,90.4,91.2,88.6,90.4,1501,11398
880420,90.5,90.5,87.9,88.4,2691,11573
880421,87.5,89.4,86.1,89,3508,11655
880422,89.7,90.4,89.3,89.9,2235,11902
880425,89.2,89.4,87,87.35,1622,12299
880426,85.5,86.35,85,85.85,3210,12389
880427,87,88.55,86.9,88.4,3173,13070
880428,87.85,89,87.2,87.6,3588,13470
880429,87.6,89.9,86.8,89.7,4094,13450
880502,89.3,91.45,88.9,89.3,5269,14124
880503,89.6,91.1,89.6,90.4,3069,14472
880504,90.4,92.7,89.6,92.35,5825,15750
880505,92,92.9,90.5,90.7,5293,15833
880506,90.7,92.4,90,92.15,4347,15725
880509,93,94.9,93,94.65,5593,16199
880510,95.3,95.95,94.8,95.5,4700,16786
880511,95.7,95.7,93.5,94.4,4570,16735
880512,94.3,96.75,93.75,96.5,5948,17168
880513,96.4,96.7,95.35,96.45,4139,17342
880516,94.85,96.25,94.25,94.3,4312,17681
880517,96,97.2,95.4,95.9,4898,17711
880518,96,96.25,93.5,95.25,5370,17905
880519,94,95.8,93.2,95.45,4075,18013
880520,95.35,96.4,94.8,95.8,3262,18386
880523,94.5,95.5,93.7,93.85,3142,18861
880524,91.85,91.95,89.5,89.75,8684,17730
880525,90.05,90.5,89.1,89.55,5792,16821
880526,90.1,91,89.75,90.6,3894,16595
880527,90.3,90.3,88.4,88.65,4445,16614
880531,90.4,91.6,90.2,91.3,4548,16226
880601,93,93.8,92.55,93.55,7115,16832
880602,94,102,93.7,101.75,14004,17175
880603,101.75,104.9,101.75,103.7,7962,17631
880606,103,103.9,100.8,102,6515,17205
880607,103,107,102.7,106.5,6500,17700
880608,106.3,107,104.5,105.15,3721,17253
880609,108,109,105.2,107.5,4649,17094
880610,109.5,110.7,108.2,109.1,4464,16742
880613,109,109.6,104.7,107.65,5956,16715
880614,106.65,106.8,102.9,103.85,4976,16135
880615,104.9,107.2,104.6,104.9,3959,15575
880616,107.2,108,103.1,103.8,4692,14964
880617,102.6,104.7,101.8,104,3636,14799
880620,103.7,104,101.1,102.45,2917,14167
880621,104,109.5,104,108.35,5018,14435
880622,109,110.5,107.8,110.3,3863,14432
880623,107.25,108.9,107,108.75,3033,14584
880624,106,106.1,104.05,104.5,2745,13356
880627,104,105.5,103.9,104.15,2394,12045
880628,103.9,105.5,102.05,105.4,3248,10821
880629,104.4,107,102.9,106.5,1502,10221
880630,106.8,107.5,104.5,105,2425,9488
880701,105,105.85,99,99.4,2548,8438
880705,102,102.5,100.3,100.5,970,8247
880706,100.4,101.5,98.3,101.35,1230,7617
880707,102,103.5,101.7,102.1,759,7176
880708,101.5,102.5,101.5,102.1,593,6962
880711,99.5,99.8,98.2,98.4,1091,6412
880712,97.25,97.25,95.85,96.25,1083,5973
880713,97.25,98.3,97.1,98.2,776,5704
880714,97.8,99.6,97.8,98.4,641,5199
880715,98.25,98.25,95.5,95.6,603,4739
880718,95,96.5,93.7,96,747,4327
880719,97.6,100,96.8,99.9,685,3898
880720,100,102.5,100,101.6,454,3623
880721,101,102.5,101,102,662,3332
880722,102,103.8,102,103.5,612,2911
880725,101,101.7,100.45,100.55,860,2084
880726,100.4,100.8,97.25,97.3,910,1200
880727,97.5,97.5,94.8,95.55,795,580
