890622,102.5,102.5,102.5,102.5,49,49
890623,104.3,104.3,104.3,104.3,0,49
890626,102.5,102.5,102.5,102.5,0,49
890627,102.5,102.6,102.5,102.6,1,50
890628,102.6,102.6,102.6,102.6,0,50
890629,102.5,102.6,102.5,102.6,2,51
890630,102.3,102.3,101,101,2,51
890703,100,101,99.8,100,7,56
890705,100.2,100.2,100.2,100.2,2,62
890706,98.5,99,97,97,60,102
890707,98,98.75,98,98,59,137
890710,95.5,95.5,95.5,95.5,0,138
890711,95,95,95,95,26,153
890712,94.5,94.8,94.5,94.8,24,152
890713,94,94.5,94,94,7,172
890714,93.25,93.9,93.25,93.9,17,190
890717,95.75,95.75,95.75,95.75,0,190
890718,97.2,97.2,97.2,97.2,0,190
890719,97.6,97.6,97.6,97.6,0,190
890720,98,98,96.8,96.8,2,190
890721,96,96,96,96,0,190
890724,98,99.5,98,99.5,6,187
890725,99,99.75,99,99.75,13,200
890726,98.4,98.4,98.4,98.4,0,200
890727,100.2,100.2,100.2,100.2,0,200
890728,98.1,98.1,98.1,98.1,4,200
890731,97.5,100.2,97.5,100.2,19,206
890801,100.75,100.75,100.75,100.75,0,206
890802,102,102,101.05,101.05,7,206
890803,101.25,102,101.1,101.1,67,243
890804,101.5,101.5,101.5,101.5,2,243
890807,100,101.5,100,100.7,42,264
890808,100,100,99.25,99.3,29,289
890809,100.25,100.25,99.5,100.05,0,289
890810,101.3,101.3,101.3,101.3,0,289
890811,101,106.3,101,106.3,2,289
890814,105.5,105.5,105.3,105.3,15,295
890815,104.8,106.15,104.8,105.5,56,328
890816,105,105.4,104.5,105.4,12,324
890817,106,106,106,106,0,324
890818,106,106,104.5,105.25,36,329
890821,105.75,105.75,105.75,105.75,0,334
890822,106,106,106,106,7,335
890823,108,108.35,107.5,108.35,22,341
890824,108.75,109,108.3,108.35,128,429
890825,112,112,109.75,112,53,483
890828,111.25,112.25,111.25,112.25,27,509
890829,110,110.25,109,109,5,508
890830,109.6,109.6,109.6,109.6,0,508
890831,109,115.2,109,115.2,1,509
890901,111.25,111.25,111.25,111.25,0,509
890905,110,110,110,110,0,509
890906,108.8,108.8,108.8,108.8,0,509
890907,111,111.2,111,111.2,11,518
890908,111.2,111.2,111.2,111.2,3,518
890911,110.5,114.4,110.5,114.4,4,521
890912,112.5,112.5,112.5,112.5,0,521
890913,113.5,113.5,113.5,113.5,1,521
890914,114.2,114.2,114.2,114.2,0,521
890915,113,113.8,112,112,26,521
890918,112.7,112.7,112.7,112.7,0,521
890919,110.3,110.3,110.3,110.3,0,521
890920,112.05,112.05,112.05,112.05,0,521
890921,113.4,113.4,113.4,113.4,0,521
890922,112.4,112.4,112.4,112.4,0,521
890925,111.5,112.4,111.5,111.9,19,523
890926,110,110,110,110,0,524
890927,110.8,111.6,110.8,111.5,31,530
890928,112.5,112.5,110.9,110.9,18,515
890929,112.55,112.55,112.55,112.55,0,517
891002,114.5,114.5,114.5,114.5,1,518
891003,114.8,114.8,114.3,114.3,36,537
891004,116.4,116.4,116.4,116.4,7,538
891005,116.5,116.5,116.5,116.5,34,551
891006,117.1,117.7,117.1,117.7,13,553
891009,116.7,116.7,116.7,116.7,0,553
891010,114.1,114.1,113.3,113.3,28,561
891011,114.1,114.1,114.1,114.1,1,562
891012,115.4,115.4,115.4,115.4,0,562
891013,115.8,115.8,115.8,115.8,0,562
891016,115.3,115.3,114.3,114.3,10,571
891017,115,115,114,114,7,567
891018,113.6,113.6,113.6,113.6,8,575
891019,115,115.85,115,115.85,16,581
891020,116.5,116.5,112.55,112.55,18,591
891023,110.85,110.85,110.85,110.85,0,595
891024,109.3,109.3,109.3,109.3,3,595
891025,110.05,110.05,110.05,110.05,0,596
891026,110.7,110.7,108.5,109.2,23,608
891027,109.7,109.8,109.5,109.65,26,621
891030,109,109.2,108.55,108.55,9,612
891031,109.8,110,109.5,109.5,109,652
891101,111.6,111.7,110.3,110.55,93,707
891102,109.5,109.5,109,109,25,695
891103,108.5,109.3,107.8,107.8,72,713
891106,107.6,108,106.2,106.2,24,720
891107,108,108,107.2,107.2,69,730
891108,108.5,108.7,108.5,108.7,48,723
891109,109.5,110.8,109.3,109.9,114,741
891110,109.4,109.4,108.9,108.9,27,746
891113,110,110.4,110,110,18,750
891114,110.3,110.5,107.7,107.7,70,719
891115,108,108.6,107.8,107.8,175,714
891116,108.8,108.8,107.2,107.2,90,723
891117,107,107,103.6,103.6,56,777
891120,105.2,105.2,103.5,103.5,306,988
891121,104.7,104.9,104.2,104.3,70,1020
891122,103,103.4,103,103.2,15,1021
891124,103.7,103.7,103.7,103.7,0,1021
891127,104.5,105.6,104,105.6,123,1082
891128,106,106.3,105.3,105.55,93,1139
891129,105.75,105.75,105.2,105.2,96,1152
891130,105,105.5,104.5,105.5,40,1161
891201,105.1,105.1,102.4,102.4,5,1167
891204,102.5,102.7,102.1,102.4,63,1158
891205,101,101.1,100.2,101,57,1171
891206,102,102.4,101.3,101.85,79,1189
891207,101.7,102,101.4,102,20,1195
891208,101.5,102.3,101.5,101.95,73,1197
891211,101.7,102.1,101.4,102.1,60,1214
891212,101.1,101.1,100.2,100.2,33,1204
891213,102.1,103.5,102.1,103.4,29,1210
891214,103.8,103.8,101.85,101.85,24,1212
891215,102.35,103.5,102.35,103.3,12,1217
891218,103,103,102,102.1,49,1227
891219,100.8,102.4,100.8,102.4,33,1247
891220,102.6,102.9,102.4,102.7,22,1262
891221,102.7,103.35,102.7,103.35,74,1291
891222,104.4,104.4,104.4,104.4,15,1293
891226,105.2,105.7,104.95,104.95,25,1292
891227,105.4,105.5,103.5,103.55,47,1316
891228,103.5,104.2,103.2,104.2,77,1355
891229,103.7,104.25,103.7,104.25,29,1361
900102,103,103.85,103,103.85,22,1372
900103,105.5,106.55,105.2,106.55,120,1416
900104,106.7,107,104.8,104.85,130,1473
900105,106,106,105.4,105.7,26,1493
900108,105.5,107,105.5,107,45,1460
900109,107.25,107.95,106.05,106.05,40,1454
900110,105.9,105.9,104.1,104.6,46,1462
900111,105.3,105.6,104.9,105.55,25,1452
900112,103.8,104,102.5,102.9,81,1443
900115,102.6,102.6,101.7,101.75,194,1547
900116,101,102.7,100.6,102.3,266,1579
900117,102.5,102.9,101.4,101.85,58,1616
900118,102,102,100.4,100.4,23,1619
900119,99,99.4,97.8,98.15,313,1786
900122,98.2,98.2,96.7,97.15,188,1863
900123,95.4,96.2,95,96,125,1895
900124,95,95,94,94.9,114,1899
900125,96.5,96.5,95.7,95.7,46,1915
900126,95.3,97.2,95.3,96.25,64,1912
900129,97,97.1,95.35,95.35,57,1915
900130,95.3,95.3,94,94.25,98,1940
900131,94.5,96.7,93.8,96.4,221,2034
900201,96.6,97.1,95.5,95.6,170,2097
900202,96.7,97.8,96.7,97.5,67,2131
900205,97.3,97.3,96.5,96.5,74,2139
900206,97,97.3,96.5,97.2,140,2223
900207,96.1,97.45,96.1,97.45,101,2307
900208,97.8,98.2,97,97.2,40,2315
900209,98.5,98.5,98,98.1,87,2356
900212,98.4,98.9,96.6,96.7,106,2383
900213,96.4,100,95.6,99.7,591,2596
900214,100,101.1,99.7,100,332,2724
900215,100.8,101.4,100.2,101.05,121,2690
900216,102.5,102.6,101.1,102.2,630,2799
900220,103.6,105.7,103.5,103.6,875,2905
900221,103,104.9,102,104.6,1621,3292
900222,105.8,105.8,103.5,104.2,580,3505
900223,103.8,104.1,103,103.95,480,3637
900226,103,103.6,103,103.15,344,3822
900227,103,103.4,102,103.15,237,3867
900228,103,104.7,103,104.4,320,3979
900301,105.5,105.5,103.9,104.2,445,4111
900302,105.5,109,105.5,108.5,2403,4053
900305,109,112.2,108.8,112.1,3196,6008
900306,111.5,112.8,110.6,111.45,2266,7299
900307,111.1,112.3,110.65,110.65,314,7394
900308,111.2,111.85,110.8,111.6,161,7386
900309,108.7,113.2,108.7,110.9,334,7437
900312,109,111.5,108.5,110.85,338,7483
900313,110.3,111.3,108,108.8,296,7443
900314,109.5,114.2,109.5,113.2,810,7580
900315,113.4,115.1,113,114.35,896,7566
900316,115.5,115.5,113.4,113.8,463,7700
900319,114.2,114.6,112.5,113.2,637,7896
900320,112.8,113.5,111.6,112,476,7819
900321,112.4,115.8,112.4,114.8,496,7974
900322,114,114.5,111.8,112.2,619,8114
900323,110.6,112.1,110.1,111.9,700,8091
900326,110,110.2,108.3,109.1,522,8067
900327,110.3,110.5,107,107.1,876,8074
900328,107,111,107,110.5,1488,7909
900329,112.1,112.5,110.8,111.3,608,8001
900330,113,114.8,112.3,114.25,1061,7879
900402,114.5,115,111.9,112.35,1942,8193
900403,113,117,113,116.25,1452,8288
900404,115.3,115.5,111,112.15,1689,8433
900405,112.8,113.5,110.5,111,1115,8531
900406,111.7,114.9,111,113.1,1472,8886
900409,112,112.5,109.1,109.6,1667,9099
900410,110.6,112.6,110,112.35,1315,9620
900411,110.8,113.1,110.5,111.6,1879,9645
900412,112,112.8,109,109.35,2077,10624
900416,108.3,110.7,108.3,109.3,886,10792
900417,108.7,110.3,107.8,109.5,2464,11272
900418,110,111.1,108.8,109.7,2193,11560
900419,109,110.6,108.7,110.1,2194,12123
900420,108.4,108.8,106.2,106.5,3737,12112
900423,107.5,108.15,105.4,105.7,5421,11889
900424,106.1,109,105.6,108.5,6744,12661
900425,109.8,111.9,109.6,111.1,4591,13070
900426,110.3,112.85,110,112.1,4591,13592
900427,110.8,111.6,109.3,111.6,2628,13910
900430,108.7,109.5,107.2,108.9,4361,13848
900501,110.5,114.5,110.4,113.3,8291,14080
900502,111.2,112.9,110.9,112.15,4074,13686
900503,113.8,114.4,111.4,111.6,4730,14032
900504,111.7,112,109.8,111.25,4488,14161
900507,109.9,111.8,109.5,109.65,2966,14344
900508,110.1,112.4,110.1,112.15,5058,14497
900509,113.55,118,113.55,117.5,7816,15091
900510,117.5,119.25,117.1,118.4,9669,15277
900511,117.3,118.9,117.1,117.65,6974,17577
900514,116.6,117.75,114,115,6992,17755
900515,114.4,115.1,112.65,114.1,6854,17343
900516,113.3,115,113.1,114.4,3439,17308
900517,115.4,116.4,113.9,114.9,5183,17477
900518,113.9,115.1,113,114.85,4034,17436
900521,113,113.75,112.2,113.45,4218,17557
900522,113.9,116.85,113.9,116.15,6958,17560
900523,115.3,116.3,114.1,115.05,4709,17940
900524,115.8,116.9,115.55,116.55,3640,17814
900525,115.3,115.7,114.1,115.25,3781,17773
900529,115.2,115.8,112.3,112.5,6424,18067
900530,111,112.8,111,111.5,6432,17911
900531,112.6,113,109.9,110.85,6866,18128
900601,110.3,112.5,110.3,111.8,4542,17479
900604,112.1,113,111,111.15,3855,17338
900605,110.4,113.8,110.2,113.1,6763,17298
900606,112.3,112.9,111.5,112.1,3695,17076
900607,111.3,113,110.9,112.15,3655,17221
900608,112.5,113.5,111.45,111.75,4153,16313
900611,111.8,112.5,109.4,109.65,6494,15807
900612,110.6,111.15,109.2,110.6,6687,15551
900613,109,109.7,108.9,109.6,3822,15020
900614,110,111.3,108.9,110.8,4320,14730
900615,111.4,112.5,110.6,111.8,4760,12690
900618,111.6,115.4,111.5,113.9,8853,10696
900619,114.1,115.3,112.8,113,4759,10684
900620,111.7,112.1,109.6,109.85,5514,9799
900621,110.25,111,109.4,110.6,4005,9097
900622,111.2,111.8,110.7,111.2,2261,8606
900625,110.7,110.8,108.7,108.9,4041,8116
900626,107.7,108.5,107.1,108.35,3417,7350
900627,109.2,110.2,109.1,110,2151,6827
900628,110.7,114.5,110.6,114.3,2780,6038
900629,115,117.3,114.5,115.45,1843,5491
900702,114.8,116,114,114.1,959,4927
900703,115.35,115.9,114.2,114.4,1007,4985
900705,115.1,117.8,115.1,117.1,640,4818
900706,118,120,118,119.6,1094,4360
900709,120.2,121,119.2,119.6,915,4240
900710,121,121.2,118.5,118.6,802,3760
900711,121.5,124.5,121.5,124.35,950,3745
900712,124,128,124,127.35,1102,3687
900713,126.7,127.5,126,126.65,829,3291
900716,124.5,125.3,123.75,125.1,782,3015
900717,124.8,124.8,122.6,122.75,567,2822
900718,123.5,123.5,121.1,121.3,346,2632
900719,120.8,121.1,119.3,119.45,509,2491
900720,119.7,121.8,119.5,121.15,350,2309
900723,122.6,123,119.8,120.75,337,2224
900724,121,122.8,121,122.25,391,1979
900725,122.8,124.8,122.8,123.7,561,1677
900726,125,126,125,125.5,663,1208
900727,130,130.5,125.8,126.8,1287,490
