891011,106.2,106.2,106.2,106.2,15,1
891012,107.7,107.7,107.7,107.7,2,1
891013,108.1,108.1,108.1,108.1,0,1
891016,106.1,106.1,106.1,106.1,0,1
891017,105.9,105.9,105.9,105.9,0,1
891018,105.5,105.5,105.5,105.5,1,1
891019,107.7,107.7,107.7,107.7,0,1
891020,104.2,104.2,104.2,104.2,0,1
891023,104,104,104,104,0,1
891024,104,104,104,104,0,1
891025,104,104,104,104,0,1
891026,104,104,104,104,0,1
891027,104.25,104.25,104.25,104.25,0,1
891030,103.95,103.95,103.95,103.95,0,1
891031,104.9,104.9,104.9,104.9,0,1
891101,106,106,104,104,23,12
891102,103.1,103.1,103.1,103.1,0,12
891103,102.6,102.6,102.6,102.6,0,12
891106,101.8,101.8,101.8,101.8,0,12
891107,103,103,103,103,0,12
891108,104.5,104.5,104.5,104.5,0,12
891109,105.4,105.4,105.4,105.4,0,12
891110,104.3,104.3,104.3,104.3,0,12
891113,105.7,105.7,105.7,105.7,0,12
891114,103.3,103.3,103.3,103.3,0,12
891115,103.2,103.2,103.2,103.2,0,12
891116,103.2,103.2,103.2,103.2,0,12
891117,100.5,100.5,100.5,100.5,0,12
891120,101.7,101.7,101.7,101.7,0,12
891121,101.7,101.7,101.7,101.7,2,13
891122,101.6,101.6,101.6,101.6,10,23
891124,102.1,102.1,102.1,102.1,0,23
891127,104,104,104,104,0,23
891128,103.95,103.95,103.95,103.95,0,23
891129,102.6,102.6,102.6,102.6,0,23
891130,102.85,102.85,102.85,102.85,15,38
891201,102.5,102.7,99.75,99.75,2,40
891204,100.8,100.8,99.95,99.95,12,36
891205,99,99,98.4,98.4,1,37
891206,99,99.6,99,99.25,12,38
891207,99,99.8,99,99.4,5,43
891208,100,100,99.05,99.05,1,44
891211,100,100,99.3,99.3,6,50
891212,98.5,98.5,97.65,97.65,1,51
891213,101,101,100.7,100.7,1,52
891214,100.5,100.5,99.05,99.05,5,56
891215,100,101.2,100,100.5,0,59
891218,100.5,100.6,99.6,99.6,10,69
891219,100.2,100.2,100.2,100.2,0,69
891220,100.65,100.65,100.65,100.65,1,69
891221,101.3,101.3,101.3,101.3,0,69
891222,102.35,102.35,102.35,102.35,0,69
891226,102.7,102.7,102.7,102.7,0,69
891227,101.5,101.5,101.5,101.5,0,69
891228,102.05,102.05,102.05,102.05,0,69
891229,101.75,101.75,101.75,101.75,0,69
900102,100.5,100.5,100.5,100.5,0,69
900103,101,102,101,102,1,70
900104,100.05,100.05,100.05,100.05,0,70
900105,100.8,100.8,100.8,100.8,0,70
900108,102.1,102.1,102.1,102.1,0,70
900109,101.15,101.15,101.15,101.15,0,70
900110,99.9,99.9,99.9,99.9,0,70
900111,100.85,100.85,100.85,100.85,0,70
900112,99.5,99.5,99.2,99.3,8,76
900115,98.7,98.7,98.7,98.7,0,78
900116,99.5,99.5,99.5,99.5,0,78
900117,99.1,99.1,99.1,99.1,0,78
900118,97.8,97.8,97.8,97.8,0,78
900119,96.5,96.5,96.1,96.1,7,75
900122,95.5,95.5,95,95.4,56,95
900123,94,94.7,94,94.7,4,120
900124,93,93,93,93,0,120
900125,93.9,93.9,93.5,93.5,0,120
900126,93.35,93.35,93.35,93.35,0,136
900129,94.4,94.4,92.8,92.8,1,137
900130,93,93,91.75,91.75,2,138
900131,92.5,93.05,92.5,93.05,1,139
900201,94,94,92.3,92.3,1,140
900202,94.5,94.6,94.2,94.2,2,139
900205,94.3,94.3,93.8,93.8,64,195
900206,94.5,94.5,94.4,94.4,3,195
900207,94.5,94.55,94.5,94.55,1,196
900208,94.9,94.9,94.3,94.3,7,201
900209,95.3,95.3,94.9,94.9,1,201
900212,95.3,95.3,93.25,93.25,1,202
900213,93.75,96.45,93.75,96.45,3,203
900214,96.65,96.65,96.65,96.65,0,203
900215,97.25,97.25,97.25,97.25,0,203
900216,98,98,97.25,97.25,26,226
900220,98.7,98.7,96.8,96.8,8,223
900221,96.5,97.7,96.5,97.7,1,224
900222,98.5,98.5,97.5,97.5,2,226
900223,97.3,97.75,97,97.75,2,227
900226,98,98,97.45,97.45,8,228
900227,97.5,97.5,97.5,97.5,0,235
900228,97.5,97.8,97.5,97.8,1,236
900301,98,98,96.9,96.9,1,237
900302,98.8,99.3,98.8,99.3,1,238
900305,101.5,101.6,101,101.6,2,238
900306,101.4,101.8,101.4,101.8,1,239
900307,102,102,102,102,22,261
900308,102.5,102.5,102,102.3,91,328
900309,102.8,102.8,101.05,102,3,328
900312,102,102.5,101.85,101.85,13,341
900313,101.85,101.85,100.35,100.35,3,342
900314,101.5,103.4,101.5,103.4,2,342
900315,104.25,104.25,103,103.45,13,343
900316,103.7,103.7,102.8,102.8,3,345
900319,103,103,102.15,102.15,3,348
900320,102.5,102.5,100.95,100.95,1,349
900321,103.5,103.5,102,102,1,350
900322,101.5,101.5,100.5,100.5,1,351
900323,101,101.2,100,101.2,39,379
900326,99.2,100,99.2,99.5,16,392
900327,100.25,100.25,98.3,98.3,38,428
900328,99,100.2,99,100.2,22,459
900329,101.5,101.5,100.6,100.6,3,461
900330,102.1,102.1,102.1,102.1,1,462
900402,101.8,101.8,100.45,100.45,2,464
900403,102.5,104.2,102.5,104.2,1,472
900404,102.2,102.2,101.25,101.25,1,473
900405,103,103,101.3,101.3,3,475
900406,102.1,102.1,102.1,102.1,3,479
900409,101.45,101.45,100.2,100.2,23,483
900410,100.7,101.85,100.7,101.85,14,488
900411,102.1,102.3,101.2,101.2,9,496
900412,101,101.1,98.95,98.95,2,498
900416,99,99.6,99,99.6,8,505
900417,100,100,100,100,0,505
900418,100.5,100.5,100.4,100.4,16,506
900419,100.2,101.3,100.2,101.3,61,508
900420,100.8,100.8,99.3,99.3,19,515
900423,99.15,99.15,98.5,98.5,7,522
900424,99.1,100.1,98.5,100.1,2,525
900425,101.3,102.3,101.2,101.2,13,529
900426,101.1,101.5,101.1,101.5,4,529
900427,101.6,101.6,101.6,101.6,1,531
900430,100,100.3,100,100.2,5,533
900501,101,103.1,101,103.1,20,542
900502,101.6,101.6,101.6,101.6,0,543
900503,102.1,102.7,100.9,100.9,16,555
900504,101.6,101.6,100,101.15,27,563
900507,99.45,99.45,99.45,99.45,2,563
900508,100.5,101,100.5,101,27,581
900509,102.8,105,102.8,105,6,585
900510,104.5,104.5,103.5,103.7,12,594
900511,104,104,103.15,103.15,4,595
900514,103.25,103.25,101.6,101.6,23,615
900515,101.5,101.5,101.5,101.5,2,614
900516,101.8,101.8,101.8,101.8,0,614
900517,104,104,102.2,102.2,4,614
900518,102,102,102,102,2,614
900521,101.5,101.5,101.5,101.5,0,614
900522,102.5,103.3,102.5,102.95,10,617
900523,102.5,102.5,102.25,102.45,3,617
900524,103.25,103.25,103.25,103.25,0,617
900525,102.2,103,102.2,102.85,21,636
900529,101,101,100.65,100.65,4,640
900530,100.5,101.1,100.25,100.8,33,655
900531,100.6,100.6,99,99.5,75,650
900601,100.25,100.6,100.1,100.6,12,660
900604,99,99,98.8,98.8,13,661
900605,99.1,100.2,99.1,100.2,15,667
900606,100.2,100.2,99.5,99.8,79,719
900607,99.5,100.8,99.5,100.45,41,736
900608,101.3,101.4,101.1,101.1,83,788
900611,101,101,100.2,100.2,30,807
900612,100.4,101,100.2,101,89,830
900613,100,100.4,100,100.4,1,914
900614,100.5,101,99.9,101,58,954
900615,101.2,101.2,101,101,2,945
900618,101,102.9,101,102.8,24,956
900619,102.8,102.8,102.3,102.3,5,956
900620,101,101,100.35,100.35,39,995
900621,100.25,101.5,100,101.5,34,1007
900622,101.3,101.7,101.3,101.7,3,1008
900625,100.1,100.1,100.1,100.1,101,1046
900626,99.2,100.1,99.2,100.1,54,1050
900627,100.65,100.8,100.5,100.8,22,1053
900628,101.5,104.3,101.5,104.3,32,1054
900629,104.6,105.5,104.6,105,17,1069
900702,104,104,103.9,103.9,8,1071
900703,104.75,104.75,103.9,103.9,99,1122
900705,106.3,106.3,106,106,17,1131
900706,106.2,107.3,106.2,107.3,11,1139
900709,107.5,107.5,106.05,106.05,10,1138
900710,106.5,106.5,105.3,105.6,25,1147
900711,108.2,108.7,108.2,108.7,55,1163
900712,109,110.3,107.8,109.8,80,1202
900713,109,109.2,107.5,107.5,15,1206
900716,106,107.5,106,107.5,314,1233
900717,106.9,107,106,106.3,151,1304
900718,106.8,106.8,105.7,105.7,21,1317
900719,105.7,105.8,105.5,105.7,80,1373
900720,105.8,107.6,105.8,107.6,107,1368
900723,108.5,108.5,106.5,107.1,76,1392
900724,107.6,108.15,107.6,108.15,30,1422
900725,109.8,110,109.15,109.15,3,1439
900726,110.1,110.1,110.1,110.1,20,1459
900727,113,113.1,112.5,113.1,55,1507
900730,112.1,112.1,111.8,112.05,67,1503
900731,113,113.3,112.5,112.5,35,1469
900801,112.5,115.8,112.3,115.8,47,1487
900802,114.9,115,114.8,114.9,34,1489
900803,113,113,112.3,112.5,56,1555
900806,112,113.35,111.1,113.35,32,1533
900807,115.6,115.6,113.75,113.75,101,1558
900808,115.8,116.1,115.8,116.1,10,1568
900809,117,117.9,115.6,115.6,72,1577
900810,114.5,116.5,114.5,115.4,54,1609
900814,114.8,117.05,114.2,117.05,73,1643
900815,116.2,119,116.2,117.8,112,1647
900816,117.9,118.5,117,117.05,77,1629
900817,118,118.4,117.85,117.85,45,1621
900820,117.1,117.8,117.1,117.55,103,1613
900821,117.7,118.5,117.6,118.5,197,1622
900822,117.4,117.5,116.5,116.55,151,1615
900823,116,117.7,116,117.6,144,1689
900824,118.8,118.8,117.6,117.85,283,1773
900827,118.4,118.8,118.4,118.6,43,1831
900828,119.6,121,117,117.4,216,1803
900829,116.5,119,116.5,118.35,411,1903
900830,118.85,119.3,117.9,118.2,262,1998
900831,118,118.5,117.2,117.7,163,2044
900904,116.4,117.1,116.3,117.1,69,2090
900905,115.1,116.5,114,115.9,158,2176
900906,116,117.9,116,116.5,192,2252
900907,118.5,122.15,117.8,122.15,638,2543
900910,122.2,122.6,119.5,120.1,305,2773
900911,121,121,119.3,120.25,342,2926
900912,122.3,122.3,120.15,120.15,342,2973
900913,119.8,120,118,118.9,291,3012
900914,119.3,120.5,118.8,120.25,240,3045
900917,121.1,121.2,119.9,120.05,255,2952
900918,117.2,117.7,115.2,117,341,2960
900919,116,117.6,113.5,113.75,275,3049
900920,115,115,112.3,112.4,654,3190
900921,112,114.2,112,113.75,463,3322
900924,112.6,113.5,112,113.05,427,3433
900925,112,112.9,111.6,112.3,755,3591
900926,112.6,113.2,110.7,112.2,825,3712
900927,113.9,114.25,113,113.35,529,3754
900928,112.9,113,111.2,112.15,646,3937
901001,111,112,110.6,110.7,438,3973
901002,112.5,112.5,111.1,111.8,558,4287
901003,111.4,114.4,111,113.6,674,4454
901004,114.3,114.8,113,113.1,343,4561
901005,112.7,114.7,112.5,114.15,259,4624
901008,113.6,114.65,112.6,113.05,274,4628
901009,113.3,113.7,110.9,110.9,471,4740
901010,111,112.5,111,112.25,265,4775
901011,111.7,112,109.65,109.65,786,4990
901012,108.1,109,107.3,108.1,984,5256
901015,107.8,109.5,107.8,108.85,407,5329
901016,108.85,109.5,107.8,108.65,414,5492
901017,107.5,108.35,107.4,107.6,395,5609
901018,109.1,109.9,108.4,108.9,737,5787
901019,109.7,111.5,109.7,111.2,707,5936
901022,110.3,111.25,110.1,110.7,651,5821
901023,111.3,115.8,111.2,115.05,1191,5965
901024,115,115,112.8,113.15,724,6252
901025,112.8,113.6,112.4,113.1,473,6149
901026,114.1,115.8,112.7,113.2,723,6284
901029,111.3,111.7,110.4,111.3,480,6227
901030,109.8,111,109.6,110.3,529,6194
901031,111.3,112,110.5,110.6,457,6223
901101,109.2,110.3,109,109.7,620,6303
901102,109.9,112,109.9,111.6,525,6369
901105,112.4,112.5,110.1,111.15,1013,6502
901106,111.7,112.6,111.05,112.2,752,6699
901107,112.4,113,111.8,112.05,665,6591
901108,111.1,111.4,110.6,110.9,605,6614
901109,111.5,111.8,110.9,111.75,292,6663
901112,110.8,111.6,110.5,111.6,446,6642
901113,112.5,113.9,111.75,111.9,891,6757
901114,111.6,112.6,111.35,111.35,323,6741
901115,111.5,113.3,111.5,112.35,1194,7093
901116,113,113.5,112,112.8,888,7191
901119,113.2,113.4,112,112,627,7230
901120,112,112.45,111.5,111.75,985,7562
901121,111.5,111.85,110.5,110.8,1948,8506
901123,110.7,112.25,110.5,111.6,685,8754
901126,111.1,113,111,112.75,1051,9066
901127,112.2,112.35,108.5,108.7,3594,9949
901128,108.3,109,106.6,108.5,5238,11497
901129,108.6,108.8,107.3,107.35,3142,12504
901130,107.7,109,106.4,107.1,6094,15154
901203,108.2,108.5,106.8,107.3,5159,17645
901204,107.1,108.2,106.5,107,4079,18716
901205,106.3,107.7,105.75,107.15,3338,19190
901206,107.7,109.2,107.7,108.55,3963,19215
901207,108.9,109.5,105.5,106,5775,20671
901210,106.4,108.4,106.3,108,4386,21377
901211,107,107.6,106.6,107.5,2677,21636
901212,108.4,110.2,108.4,108.95,6670,20915
901213,108.3,109.3,107.9,108.75,3186,21017
901214,107.8,108.65,107.1,108,3973,21035
901217,107.75,109.4,107.4,108.5,3745,21093
901218,109.2,109.9,108.3,108.4,3782,21004
901219,108,109.3,107.6,108.9,3840,21161
901220,109.2,111.3,108.9,110.05,7541,20197
901221,109.4,110.4,109.2,110.25,4403,19887
901226,110,111.4,110,111.1,1472,19883
901227,111.6,111.9,110.6,111.1,2810,19941
901228,110.8,114.5,110.8,114.1,6841,20012
901231,114.9,117.8,114.9,116.85,5596,19855
910102,116.2,119.7,115.7,119.3,11019,19851
910103,117.5,117.8,115.9,116.3,6907,20196
910104,115.8,116.6,115.55,115.9,3234,19940
910107,115.2,117.2,114.9,116.8,5442,20383
910108,115.85,116.2,114.1,114.5,6672,19588
910109,114.3,115.5,113.3,113.45,6385,19718
910110,113.5,113.8,112.5,113.1,4560,18505
910111,113.8,114.2,112.2,112.85,4889,18402
910114,110.4,111.8,110.3,110.6,4713,17293
910115,109.8,110.2,107.5,107.7,7780,16476
910116,106.3,108.1,104.85,105.85,9799,15966
910117,109,109.5,106.2,109.25,10946,14383
910118,108.1,109.2,107.25,108.25,5267,13879
910121,107.5,108.7,106.95,108.4,2632,13598
910122,105.5,106.4,105,105.95,5226,13776
910123,104.9,105.8,104.5,104.9,3638,13848
910124,104.5,104.7,102.3,103.1,9002,17044
910125,103.1,105.2,103.1,104.2,5275,17008
910128,103.8,105.6,103.5,105.5,3835,17285
910129,105.9,106.3,104.9,105.35,4276,17464
910130,106,107.1,105.95,106.7,3903,17560
910131,107.6,107.8,106.3,106.4,4800,18035
910201,106.1,107.2,106,106.7,2997,17673
910204,105.85,106.7,105.2,105.8,2788,18154
910205,104.9,107.2,104.7,106.75,4662,18364
910206,107.25,108.5,106.4,107.8,5412,18107
910207,107.5,108.7,107.2,107.45,3032,17811
910208,108.5,110.7,108.5,109.45,7451,16991
910211,110,110.9,108.7,110.1,5764,15966
910212,110.7,111.3,109.8,110,4636,15805
910213,109.4,111.2,109.2,110.95,3572,15478
910214,111,111.45,109.3,109.6,5859,14644
910215,110.5,111.5,110.2,110.8,2903,14340
910219,111.8,112.7,109.7,110.05,5503,13557
910220,109.8,110.8,109.3,109.4,2884,13528
910221,109.9,111.3,109.8,111.15,3220,13038
910222,111.9,112.3,110.3,110.55,4507,12412
910225,110.7,113.9,110.2,113.6,6038,10945
910226,113.8,114,112.5,112.5,3631,9814
910227,112.8,114.7,112.7,113.8,2652,9208
910228,114.3,115.25,114.1,114.7,3323,7867
910301,113.3,114.4,113.2,113.7,1498,7188
910304,113,113.1,111.9,112.05,1445,6457
910305,111.9,112.65,111.6,111.8,581,6299
910306,111.8,112.2,111.2,111.7,868,5815
910307,111.7,111.9,111.3,111.45,626,5412
910308,112.4,112.4,111.6,111.8,470,5020
910311,111.5,111.5,109.8,109.9,1127,4560
910312,110.2,110.6,110,110.1,534,4365
910313,110.2,110.3,109.5,109.7,479,4234
910314,109.2,109.3,108.3,108.7,690,4080
910315,108,108.95,107.8,108,783,3742
910318,107.6,108.4,107.4,107.75,438,3413
910319,107.75,107.85,107.1,107.4,636,3095
910320,106.9,108.1,106.9,107.5,662,2707
910321,108.25,108.9,108.25,108.55,654,2490
910322,108.6,109.4,107.8,107.95,679,2099
910325,107.2,108.1,106.7,106.75,1465,1282
910326,106.4,107.2,105.9,107.2,0,0
