920701,103.5,103.5,103.5,103.5,0,0
920702,103.5,103.5,103.5,103.5,0,0
920706,103.85,103.85,103.85,103.85,0,0
920707,104.45,104.45,104.45,104.45,0,0
920708,104.1,104.1,104.1,104.1,0,0
920709,103.8,103.8,103.8,103.8,0,0
920710,104.7,104.7,104.7,104.7,10,10
920713,103.8,103.8,103.8,103.8,0,10
920714,104.1,104.1,104.1,104.1,0,10
920715,104.9,104.9,104.9,104.9,0,10
920716,105.9,105.9,105.9,105.9,0,10
920717,105.15,105.15,105.15,105.15,0,10
920720,105.15,105.15,105.15,105.15,0,10
920721,106.1,106.1,106.1,106.1,0,10
920722,105.55,105.55,105.55,105.55,0,10
920723,105.9,105.9,105.9,105.9,0,10
920724,106.1,106.1,106.1,106.1,0,10
920727,105.8,105.8,105.8,105.8,0,10
920728,106.15,106.15,106.15,106.15,0,10
920729,105.7,105.7,105.7,105.7,0,10
920730,105.65,105.65,105.65,105.65,0,10
920731,105.65,105.65,105.65,105.65,0,10
920803,105.6,105.6,105.6,105.6,0,10
920804,105.2,105.2,105.2,105.2,0,10
920805,104.55,104.55,104.55,104.55,0,10
920806,104.95,104.95,104.95,104.95,0,10
920807,104.9,104.9,104.9,104.9,0,10
920810,104.35,104.35,104.35,104.35,0,10
920811,104.3,104.3,104.3,104.3,0,10
920812,103.9,103.9,103.9,103.9,0,10
920813,104.7,104.7,104.7,104.7,0,10
920814,104.4,104.4,104.4,104.4,0,10
920817,107.4,107.4,107.4,107.4,0,10
920818,107.15,107.15,107.15,107.15,0,10
920819,106.85,106.85,106.85,106.85,0,10
920820,106.6,106.6,106.6,106.6,0,10
920821,105.95,105.95,105.95,105.95,0,10
920824,106.85,106.85,106.85,106.85,0,10
920825,106.15,106.15,106.15,106.15,0,10
920826,106.35,106.35,106.35,106.35,0,10
920827,106.5,106.5,106.5,106.5,0,10
920828,105.55,105.55,105.55,105.55,0,10
920831,104.85,104.85,104.85,104.85,0,10
920901,106.55,106.55,106.55,106.55,0,10
920902,106.45,106.45,106.45,106.45,0,10
920903,105.3,105.3,105.3,105.3,0,10
920904,106.3,106.3,106.3,106.3,0,10
920908,105.25,105.25,105.25,105.25,0,10
920909,104.6,104.6,104.6,104.6,0,10
920910,103.05,103.05,103.05,103.05,0,10
920911,103.5,103.5,103.5,103.5,0,10
920914,104.55,104.55,104.55,104.55,0,10
920915,104.1,104.1,104.1,104.1,0,10
920916,104.8,104.8,104.8,104.8,0,10
920917,104.85,104.85,104.85,104.85,0,10
920918,105.25,105.25,105.25,105.25,0,10
920921,105.05,105.05,105.05,105.05,0,10
920922,103.9,103.9,103.9,103.9,0,10
920923,104.05,104.05,104.05,104.05,0,10
920924,104.85,104.85,104.85,104.85,0,10
920925,104.05,104.05,104.05,104.05,0,10
920928,103.1,103.1,103.1,103.1,0,10
920929,103.8,103.8,103.8,103.8,0,10
920930,103.95,103.95,103.95,103.95,0,10
921001,103.95,103.95,103.95,103.95,0,10
921002,103.6,103.6,103.6,103.6,0,10
921005,103.6,103.6,103.6,103.6,0,10
921006,104.05,104.05,104.05,104.05,0,10
921007,103.35,103.35,103.35,103.35,0,10
921008,103.35,103.35,103.35,103.35,0,10
921009,103.4,103.4,103.4,103.4,0,10
921012,102.9,102.9,102.9,102.9,0,10
921013,102.6,102.6,102.6,102.6,0,10
921014,102.65,102.65,102.65,102.65,0,10
921015,103.35,103.35,103.35,103.35,0,10
921016,102.95,102.95,102.95,102.95,0,10
921019,102.7,102.7,102.7,102.7,0,10
921020,103.2,103.2,103.2,103.2,0,10
921021,103.35,103.35,103.35,103.35,0,10
921022,102.55,102.55,102.55,102.55,0,10
921023,102.3,102.3,102.3,102.3,0,10
921026,103,103,103,103,0,10
921027,103.4,103.4,103.4,103.4,0,10
921028,103.8,103.8,103.8,103.8,0,10
921029,104.25,104.25,104.25,104.25,0,10
921030,103.45,103.45,103.45,103.45,0,10
921102,102.45,102.45,102.45,102.45,0,10
921103,103.9,103.9,103.9,103.9,2,12
921104,103.2,103.2,103.2,103.2,0,12
921105,102.35,102.35,102.35,102.35,0,12
921106,101.4,101.4,101.4,101.4,2,12
921109,99.9,99.9,99.9,99.9,0,12
921110,100,100,100,100,0,12
921111,100.55,100.55,100.55,100.55,0,12
921112,99.7,99.7,99.7,99.7,2,12
921113,99.9,99.9,99.45,99.45,2,16
921116,100.55,100.55,100.55,100.55,0,14
921117,100.4,100.4,100.4,100.4,0,14
921118,100.4,100.4,100.4,100.4,0,14
921119,100.5,100.5,100.5,100.5,0,14
921120,100.3,100.3,100.3,100.3,0,14
921123,100.25,100.25,100.25,100.25,0,14
921124,100.65,100.65,100.65,100.65,0,14
921125,101.2,101.2,101.2,101.2,2,12
921127,103.2,103.2,103.2,103.2,0,12
921130,102.6,102.6,102.6,102.6,0,12
921201,101.5,101.5,101.5,101.5,0,12
921202,101.85,101.85,101.85,101.85,0,12
921203,101.35,101.35,101.35,101.35,0,12
921204,101.55,101.55,101.55,101.55,0,12
921207,103.35,103.35,103.35,103.35,0,12
921208,102.95,102.95,102.95,102.95,0,12
921209,102.35,102.35,102.35,102.35,0,12
921210,101.75,101.75,101.75,101.75,0,12
921211,102.1,102.1,102.1,102.1,0,12
921214,102.35,102.35,102.35,102.35,0,12
921215,103.2,103.2,103.2,103.2,0,12
921216,102.9,102.9,102.9,102.9,0,12
921217,102.8,102.8,102.8,102.8,0,12
921218,103.35,103.35,103.35,103.35,0,12
921221,104.1,104.1,104.1,104.1,0,12
921222,103.9,103.9,103.9,103.9,0,12
921223,103.1,103.1,103.1,103.1,0,12
921224,104.2,104.2,104.2,104.2,0,12
921228,103.75,103.75,103.75,103.75,0,12
921229,104.4,104.4,104.4,104.4,0,12
921230,104.2,104.2,104.2,104.2,0,12
921231,104.45,104.45,104.45,104.45,0,12
930104,106.7,106.7,106.7,106.7,0,12
930105,106.1,106.1,106.1,106.1,0,12
930106,106.15,106.15,106.15,106.15,0,12
930107,106,106,106,106,0,12
930108,105.4,105.4,105.4,105.4,0,12
930111,103.05,103.05,103.05,103.05,0,12
930112,100,100.05,99.2,99.2,74,80
930113,100.6,100.6,100.05,100.05,112,192
930114,100.35,100.35,100.2,100.2,50,242
930115,99.8,99.8,99.8,99.8,0,242
930118,99.75,99.75,99.75,99.75,0,242
930119,100.3,100.3,100.3,100.3,0,242
930120,100.25,100.25,100.25,100.25,0,242
930121,100.3,100.3,100.3,100.3,0,285
930122,100.45,100.45,100.45,100.45,0,242
930125,101.3,101.3,100.6,100.6,1,242
930126,101.4,101.4,101.4,101.4,0,242
930127,101.45,101.45,101.45,101.45,0,242
930128,100.95,100.95,100.95,100.95,0,242
930129,100.7,100.7,99.95,99.95,4,246
930201,100.65,100.65,100.65,100.65,50,294
930202,100.95,100.95,100.95,100.95,0,294
930203,101.6,101.6,101.6,101.6,0,294
930204,102.25,102.25,102.25,102.25,0,294
930205,102.25,102.25,102.25,102.25,0,294
930208,102.75,102.75,102.75,102.75,0,294
930209,102,102,102,102,0,294
930210,101.7,101.7,101.7,101.7,0,294
930211,102.4,102.4,102.4,102.4,0,294
930212,102.2,102.2,101.7,101.7,4,297
930216,101.9,101.9,101.9,101.9,0,297
930217,102,102,102,102,0,297
930218,102.05,102.05,102.05,102.05,0,297
930219,101.9,101.9,101.9,101.9,0,297
930222,101.95,101.95,101.95,101.95,0,297
930223,101.5,101.55,101.05,101.05,11,299
930224,100.2,100.2,100.2,100.2,0,299
930225,99.55,99.9,99.55,99.7,184,457
930226,99.75,99.75,99.75,99.75,0,457
930301,99.5,99.5,98.8,98.8,54,509
930302,98.9,98.9,98.9,98.9,8,515
930303,99.5,99.75,99.5,99.6,40,555
930304,100,100,98.75,98.75,18,566
930305,99.3,99.3,99.3,99.3,45,592
930308,99.3,99.3,99.3,99.3,0,592
930309,99.05,99.05,99.05,99.05,22,614
930310,99.5,99.9,99.5,99.9,1,614
930311,101.15,101.15,101.15,101.15,73,634
930312,101.6,101.6,101.6,101.6,0,634
930315,101,101,100,100,10,638
930316,100.45,100.45,100.45,100.45,0,638
930317,100,100,100,100,0,638
930318,100.75,100.75,100.75,100.75,0,638
930319,100.95,100.95,100.95,100.95,0,638
930322,101.4,101.4,100.85,100.85,11,644
930323,100.4,100.8,100.4,100.8,2,644
930324,100.05,100.05,100.05,100.05,0,644
930325,100.7,100.7,100.7,100.7,0,644
930326,99.5,99.5,99.45,99.45,2,644
930329,99.65,99.85,99.35,99.35,6,648
930330,99.8,99.8,99.6,99.6,13,644
930331,99.75,99.75,99.75,99.75,0,644
930401,99.9,99.9,99.9,99.9,0,644
930402,100,100,99.05,99.05,9,648
930405,98.9,98.9,98.65,98.65,8,652
930406,97.6,97.8,96.85,96.85,52,698
930407,94.8,94.8,92.95,92.95,113,742
930408,94.5,94.5,93.9,93.9,191,882
930412,94.7,94.7,94.7,94.7,18,882
930413,95.85,95.85,94.9,94.9,124,892
930414,94.25,94.25,92.9,92.95,78,893
930415,91.95,92.4,91.65,91.65,23,914
930416,88.7,89.2,88.2,88.2,38,939
930419,89.35,89.5,88.2,88.2,50,971
930420,87.2,87.6,85.65,85.65,67,1026
930421,87.3,87.3,86.35,86.35,30,1056
930422,86.9,86.9,86.7,86.8,82,1097
930423,88,88.4,88,88.4,38,1135
930426,88.7,89.3,86.8,88.45,76,1152
930427,88.3,88.3,88.3,88.3,0,1142
930428,87.55,87.75,87.3,87.3,12,1154
930429,87,87,86.5,86.5,138,1245
930430,87.4,87.65,87.4,87.65,9,1274
930503,87.4,87.4,86.55,86.55,1,1253
930504,85.5,85.9,84.8,84.8,13,1263
930505,84.6,84.6,84.6,84.6,0,1263
930506,81.9,82.2,81.15,81.15,30,1289
930507,82.4,82.4,80.5,80.5,68,1317
930510,81.5,81.5,80.6,81.25,201,1413
930511,82.4,83,82.1,82.3,128,1431
930512,83.6,84.8,83.6,84.8,72,1464
930513,86.4,86.4,85.6,85.7,10,1449
930514,83.25,83.4,82.2,82.35,172,1462
930517,82.25,82.4,82.1,82.1,101,1521
930518,83.1,83.5,83.05,83.05,70,1583
930519,83.6,83.6,83.3,83.3,310,1732
930520,84.9,85.1,84.9,85.1,36,1746
930521,84.7,85.2,84.7,84.75,59,1792
930524,84.4,84.4,84.25,84.25,26,1784
930525,85.2,85.4,84.7,84.7,9,1784
930526,84.9,84.9,84.6,84.6,11,1795
930527,84,84,82.05,82.05,27,1793
930528,82.45,82.45,82.1,82.1,11,1802
930601,82.8,83.25,82.8,82.8,25,1804
930602,83.6,83.65,83.4,83.65,50,1819
930603,85.85,85.85,85.85,85.85,9,1819
930604,87.1,87.1,83.25,83.25,13,1830
930607,84,84,83.5,83.7,57,1853
930608,83.6,83.6,83.6,83.6,4,1853
930609,84.7,84.7,84.7,84.7,0,1857
930610,84.9,84.9,83.65,83.65,21,1865
930611,83.9,84.25,83.9,84.15,4,1862
930614,84.4,84.4,84.1,84.1,5,1865
930615,84.3,84.3,84.15,84.15,3,1865
930616,84.65,84.65,84.65,84.65,0,1865
930617,84.8,84.8,84.8,84.8,0,1865
930618,84.35,85.9,84.2,85.9,6,1864
930621,85.8,86.05,85.8,86.05,5,1864
930622,86,86,85.75,85.75,2,1862
930623,85.75,85.8,85.75,85.8,6,1863
930624,86.05,86.05,86.05,86.05,7,1867
930625,86.7,86.7,86.15,86.15,2,1868
930628,86.5,86.5,86.2,86.3,34,1886
930629,86,87.45,85.6,87.45,187,1969
930630,87,87.25,86.8,87.25,180,2077
930701,87.2,87.5,87.05,87.35,263,2030
930702,87.85,87.85,87.85,87.85,50,2052
930706,88.25,88.25,88.05,88.05,27,2053
930707,88.2,89.15,88.2,89.15,10,2059
930708,89.4,89.95,89.4,89.85,137,2065
930709,89.9,89.9,88.2,88.85,9,2138
930712,87.25,87.25,87.25,87.25,0,2140
930713,85.8,85.9,85.75,85.9,22,2140
930714,86.35,86.35,86.35,86.35,3,2140
930715,85,85,85,85,8,2140
930716,86.6,86.6,85.8,86.05,15,2140
930719,87.15,87.15,86.35,86.35,81,2208
930720,86.1,86.1,86.1,86.1,7,2206
930721,85.5,85.5,85.5,85.5,0,2206
930722,85.9,85.9,85.9,85.9,0,2206
930723,86,86.65,86,86.65,5,2203
930726,86.6,86.6,86.6,86.6,3,2203
930727,88,88,87.85,87.85,33,2204
930728,87.95,88.05,87.95,88.05,88,2249
930729,88,88.25,88,88.25,23,2249
930730,88.4,88.65,88.4,88.65,5,2249
930802,88.2,88.2,88.2,88.2,0,2249
930803,87.8,87.8,86.95,86.95,2,2250
930804,87.1,87.85,87.1,87.85,4,2248
930805,87.25,87.25,87.25,87.25,0,2248
930806,87.3,87.4,86.7,86.7,18,2253
930809,87.2,87.2,85.4,85.4,70,2238
930810,84.5,85.1,84.5,84.85,124,2222
930811,85.15,85.2,85.1,85.1,85,2231
930812,85.5,85.8,85.5,85.8,101,2300
930813,85.5,85.5,85.25,85.25,111,2395
930816,85.55,85.55,85.55,85.55,32,2425
930817,85.8,85.95,85.35,85.45,64,2458
930818,85.5,85.5,84.8,84.8,25,2468
930819,85.2,85.6,85.2,85.4,31,2477
930820,85.5,86.25,85.5,86.25,7,2480
930823,86.1,86.6,86,86.6,23,2488
930824,87.15,87.15,86.9,86.9,52,2454
930825,86.8,86.8,85.7,85.7,19,2473
930826,85.9,85.9,85.35,85.35,39,2480
930827,85.3,86.25,85.3,86.25,33,2483
930830,86.35,86.35,86.35,86.35,3,2480
930831,86.85,86.85,86.45,86.45,3,2480
930902,85.5,86.9,85.5,86.9,55,2519
930903,86.9,86.9,86.9,86.9,0,2519
930907,86.4,86.4,85.9,86,5,2519
930908,85.9,85.9,85.4,85.5,75,2517
930909,85.2,85.4,83.75,83.8,613,2928
930910,83.7,84.2,83.6,84,100,3004
930913,84,84.05,84,84.05,50,2636
930914,83,83.8,82.9,83.8,480,2832
930915,83.75,83.75,83.05,83.05,305,2648
930916,83.6,83.7,82.25,82.25,582,2959
930917,79.5,80.3,79,80.2,334,3015
930920,80,80,78.5,78.5,110,3132
930921,78.4,80.05,78.4,79.8,90,3091
930922,80.3,80.3,79.2,79.2,137,3108
930923,79.6,79.7,78.9,78.9,8,3109
930924,79.5,79.95,79.5,79.95,72,3126
930927,79.9,80.3,79.5,79.5,244,3191
930928,79,79,77.75,77.75,147,3247
930929,78,78.45,77.65,77.65,184,3355
930930,76.8,76.8,75.9,76.35,380,3557
931001,76.85,77.1,76.75,76.75,82,3590
931004,76.65,77,76.35,76.35,25,3594
931005,76.5,77.15,76.4,77.15,78,3646
931006,77.2,77.2,76.45,76.45,32,3654
931007,77.1,77.1,76.5,76.5,16,3655
931008,77.05,77.2,76.85,76.9,35,3663
931011,77.5,78.05,77.5,77.95,86,3683
931012,77.7,77.7,76.55,76.55,65,3655
931013,76.7,78.4,76.7,78.15,67,3682
931014,77.9,77.9,76.75,76.75,78,3699
931015,77.1,77.1,76.4,76.7,14,3700
931018,76.15,76.15,75.25,75.3,28,3713
931019,74.7,74.7,74.2,74.65,211,3820
931020,75.1,75.15,74.65,74.65,77,3847
931021,75.4,75.45,74.4,74.4,271,3916
931022,75,75,74.2,74.3,167,3968
931025,75,75.2,74.45,74.45,48,3993
931026,73.8,74,73.6,74,129,4049
931027,74.1,74.15,73.85,73.85,62,4072
931028,74.35,74.5,74.25,74.25,125,4086
931029,74.5,74.6,74.35,74.35,110,4135
931101,74.25,74.35,73.8,74.15,88,4162
931102,74.75,75.5,74.75,75.05,329,4367
931103,75.5,75.5,74.75,74.75,428,4542
931104,75.2,75.8,75.2,75.5,246,4723
931105,76.5,76.5,75.5,75.85,190,4745
931108,76.2,76.45,76.05,76.15,313,4818
931109,76.5,76.5,75.9,75.9,347,4994
931110,76.4,76.7,76,76,102,5028
931111,76.05,76.2,76,76.1,121,5035
931112,76.2,76.2,75.85,75.95,137,5128
931115,75.55,75.65,75.3,75.35,96,5154
931116,74.9,74.95,74.4,74.6,263,5291
931117,74.1,74.4,73.9,74.4,137,5313
931118,74.65,74.8,74.5,74.55,157,5323
931119,74.9,75.55,74.7,75.4,2084,5650
931122,75.85,75.85,75.5,75.5,89,5694
931123,75.3,75.55,75.3,75.35,833,6250
931124,75.25,75.6,75.1,75.5,793,6456
931129,75.55,75.55,74.9,75,214,6508
931130,75.3,75.45,75.15,75.45,158,6554
931201,75.6,77,75.6,76.95,425,6674
931202,77.25,77.65,77,77.1,500,6889
931203,77.3,77.45,76.65,77,370,6968
931206,77.5,77.9,77.5,77.8,421,7178
931207,78.3,78.5,77.75,77.9,578,7392
931208,78.2,78.2,77.6,77.95,436,7500
931209,77.95,78.1,77.55,77.65,292,7584
931210,78.8,80.6,78.8,80.45,595,7539
931213,80.95,81.1,80.3,80.9,556,7530
931214,80.05,80.3,79.35,79.8,794,7435
931215,79.5,79.7,78.5,79.55,528,7321
931216,79.35,79.85,79.35,79.75,453,7270
931217,79.6,81.1,79.6,80.7,315,7282
931220,80.8,81.65,80.5,81.55,323,7311
931221,82.1,82.55,81.9,82.25,700,7310
931222,82.4,82.45,81.9,81.9,170,7286
931223,81.9,81.9,81.7,81.8,94,7433
931227,82.2,82.5,82.2,82.3,47,7456
931228,82.25,82.5,81.85,82.4,139,7490
931229,83.1,83.35,82.85,83.2,288,7546
931230,83.8,83.9,82.75,83.6,316,7629
940103,80.6,81.2,80.25,80.6,699,7974
940104,79.6,80.3,79.25,80.25,636,8212
940105,80.35,81,80.3,80.5,331,8239
940106,80.3,80.5,80.1,80.25,296,8153
940107,79.9,80.3,79,79,1050,8231
940110,79.6,81.5,79.6,81.5,772,8341
940111,81.8,82,81,81.5,559,8357
940112,81.6,82.65,81.6,81.65,542,8461
940113,81.3,83.1,81.1,83.05,2048,8645
940114,84.4,84.75,84.05,84.5,1912,8576
940117,85.4,85.5,84.7,84.95,1644,8925
940118,85.2,86.5,84.8,86.3,1787,9743
940119,87.1,87.2,85.8,86.5,2020,9386
940120,86.1,86.5,85.9,86.3,1475,9065
940121,86,86.05,85.1,85.35,1307,9232
940124,85.1,86.1,84.8,86.1,857,9586
940125,86.4,86.75,85.7,86.05,844,10002
940126,85.4,86.5,84.8,86.35,971,10230
940127,86.3,86.7,85.85,86.1,1234,10356
940128,85.8,86,85,85.15,1859,10954
940131,84.9,86.05,84.9,85.95,2294,10939
940201,86.4,88.7,86.2,88.6,3621,11463
940202,88.4,89.9,88.1,88.9,6064,13367
940203,88.7,88.85,88,88.75,2694,13558
940204,88.2,88.45,86.85,88.1,3138,13902
940207,87.65,88.55,87.2,88.55,2335,14592
940208,88.25,88.5,86.6,86.6,2339,16114
940209,86.8,87,85.9,86.75,3924,17162
940210,86.65,87.05,85.55,85.75,3154,17415
940211,85,85.1,83.9,84.15,4703,18523
940214,84.2,85.2,84.15,84.95,1869,18257
940215,84.4,86.5,83.95,86.2,3571,18897
940216,86.8,87.6,86.4,86.55,4419,20275
940217,87.7,88.35,87.1,88.05,3960,20855
940218,87.65,87.85,86.1,86.25,4163,22089
940222,86.9,87.4,86.2,86.75,6583,25086
940223,86.45,86.6,85.9,86.45,5642,27835
940224,86.5,87.6,86.5,87.2,7614,30890
940225,86.9,87.2,85.7,85.8,8131,32300
940228,86.6,87,86.2,86.65,4827,32655
940301,86.35,86.5,85.5,85.9,5042,32510
940302,86,87.4,85.6,87.25,6003,33007
940303,87.25,87.85,87,87.55,4947,32853
940304,88,90,88,89.55,11783,36363
940307,89.2,89.35,88.2,88.5,6025,36044
940308,88.65,89.5,88.5,88.75,5704,36707
940309,88.55,89.1,87.8,88.45,6346,36694
940310,88.8,89.15,88.4,88.95,3199,36250
940311,89.65,90.9,89.65,90.85,9341,37635
940314,90.75,91.15,90.1,90.9,5931,37534
940315,91.3,92.1,90.45,92.05,7763,38306
940316,91.5,93.2,91.2,93.15,9774,41694
940317,92.4,92.7,91.7,91.8,6545,42241
940318,91.85,92.95,91.7,92.2,8985,43461
940321,91.9,92.1,90.55,90.7,10016,42638
940322,91.3,91.7,90.9,91,5595,42416
940323,91.35,92,90.8,90.9,7089,42258
940324,90,90.75,89.6,89.8,8327,41777
940325,90.6,91.45,90.45,91.3,5269,41836
940328,91.5,91.65,90.55,90.65,5751,40932
940329,90.5,90.8,89.2,89.35,11542,38599
940330,88.3,88.7,86.2,86.45,17293,34398
940331,86.4,87.1,86.1,86.75,7944,33416
940404,86.3,88.2,86.25,87.8,5694,33354
940405,87.2,88.15,86.6,87,7341,30487
940406,87.1,87.25,85.15,85.7,11496,28735
940407,85.2,86.85,85.2,86.8,6985,26900
940408,86.6,87.1,86.35,86.6,3907,26123
940411,86.6,87.45,85.9,87.35,5837,24263
940412,86.9,87.5,86.6,87.35,3824,23782
940413,87.4,88.1,87,87.15,5920,22312
940414,86.9,87.15,86.1,86.85,3987,21403
940415,86.65,87.2,86.35,87.15,4087,21354
940418,87.15,87.75,86.4,87.05,5829,19830
940419,86.7,88,86.7,87.5,8122,17187
940420,87.35,87.6,86.45,86.85,5838,17515
940421,86.3,88.8,86.05,88.7,9585,16395
940422,88.8,89.6,88.55,89.45,5304,14823
940425,89.75,89.85,88.9,89.15,3211,13631
940426,88.9,89,88.25,88.85,3807,11914
940428,89.05,91.1,88.95,91,7369,8936
940429,90.9,91.4,90.6,91.35,2196,7771
940502,91.3,93.5,91.3,93,1108,6731
940503,92.8,93.35,92.65,93.3,1552,5894
940504,93.3,93.7,92.35,92.45,1583,4191
940505,92.35,93.1,92.35,92.5,420,3762
940506,94,95.6,93.9,95.55,766,3510
940509,95.1,97.8,94.9,97.8,553,3124
940510,97.5,97.95,96.1,96.2,628,2978
940511,98.5,98.85,98,98.45,536,2822
940512,98.5,99,97.6,98.3,289,2724
940513,100.8,102.8,100.6,102.75,1613,2410
940516,102.5,103.1,102.5,102.85,252,2081
940517,104.7,104.7,103.8,104.45,344,1853
940518,102.5,105.3,102.25,105.1,308,1759
940519,105.75,106.2,104.3,104.8,488,1597
940520,103.3,104.2,102.7,102.9,276,1507
940523,103.9,107,103.9,106.9,406,1258
940524,106.8,108,105.6,106,352,1060
940525,105.7,105.7,103.2,103.9,351,1065
940526,103.55,103.7,102,102.3,0,0
