950911,117.4,117.4,117.4,117.4,0,0
950912,115.05,115.05,115.05,115.05,0,0
950913,114.65,114.65,114.65,114.65,0,0
950914,114.85,114.85,114.85,114.85,0,0
950915,114.7,114.7,114.7,114.7,0,0
950918,116,116,115.75,115.75,1,1
950919,115.7,115.7,115.7,115.7,5,6
950920,116.05,116.05,116.05,116.05,0,6
950921,116.7,116.7,116.7,116.7,1,7
950922,116.95,116.95,116.95,116.95,0,7
950925,116.65,116.65,116.65,116.65,0,7
950926,117.1,117.1,117.1,117.1,0,7
950927,115.55,115.55,115.55,115.55,0,7
950928,117.2,117.2,117.2,117.2,0,7
950929,117.35,117.35,117.35,117.35,0,7
951002,117.8,117.8,117.8,117.8,0,7
951003,117.6,117.6,117.6,117.6,0,7
951004,118.35,118.35,118.35,118.35,1,8
951005,116.85,116.85,116.85,116.85,0,8
951006,116.1,116.1,116.1,116.1,0,8
951009,116.1,116.1,116.1,116.1,0,8
951010,116,116,115.8,115.8,2,10
951011,115.65,115.65,115.65,115.65,1,11
951012,116.65,116.65,116.65,116.65,20,31
951013,116.65,116.65,116.65,116.65,0,11
951016,116.75,116.75,116.75,116.75,0,11
951017,115.4,115.4,115.4,115.4,0,11
951018,115.5,115.5,114.5,114.5,4,15
951019,115.3,115.3,115.3,115.3,0,15
951020,114.05,114.05,114.05,114.05,0,15
951023,116.3,116.35,116.3,116.35,9,22
951024,115,115,115,115,0,22
951025,114.05,114.05,114.05,114.05,0,22
951026,114.35,114.35,114.35,114.35,0,22
951027,115,115,114.05,114.05,5,27
951030,114.95,114.95,114.25,114.25,10,28
951031,114.95,114.95,113.8,113.8,1,29
951101,116.1,116.1,116.1,116.1,0,29
951102,118.2,118.2,118.2,118.2,1,30
951103,116.1,116.1,116.1,116.1,0,30
951106,115.8,115.8,115.8,115.8,0,30
951107,116.2,116.2,116.2,116.2,0,30
951108,116.2,116.2,115,115,3,33
951109,116.05,116.05,116.05,116.05,0,33
951110,117,117,117,117,0,33
951113,115.8,115.8,115.8,115.8,0,33
951114,115.85,115.85,115.85,115.85,0,33
951115,114.75,114.75,114.75,114.75,0,33
951116,114.6,114.6,114.6,114.6,0,33
951117,114.75,114.75,114.75,114.75,0,33
951120,115.45,115.45,115.45,115.45,0,33
951121,116.8,116.8,116.8,116.8,1,34
951122,116.45,116.45,116.45,116.45,0,33
951127,115.4,115.4,115.4,115.4,2,33
951128,115.95,115.95,115.95,115.95,0,33
951129,115.6,115.6,115.6,115.6,0,33
951130,115.35,115.35,115.35,115.35,4,37
951201,114.65,114.65,114.65,114.65,2,39
951204,115.25,115.25,115.25,115.25,4,39
951205,114.6,114.6,114.6,114.6,4,39
951206,114.6,114.6,111.95,111.95,25,64
951207,113.65,113.65,113.65,113.65,15,79
951208,112.9,112.9,112.9,112.9,0,79
951211,114.55,114.55,114.55,114.55,2,81
951212,114.55,114.55,113.1,113.1,67,82
951213,113.6,114,113.6,114,51,104
951214,114,114,114,114,0,104
951215,114.5,114.5,113.3,113.3,3,106
951218,114.25,114.25,113.85,113.85,50,137
951219,114,114.15,114,114.15,13,138
951220,114.5,114.5,114.15,114.15,13,138
951221,114.15,114.15,114.15,114.15,0,138
951222,112.95,112.95,112.95,112.95,0,138
951226,114,114,114,114,0,138
951227,113.7,113.7,113.7,113.7,0,138
951228,114.05,114.05,114.05,114.05,0,138
951229,113.25,113.25,113.25,113.25,0,138
960102,112.2,112.2,112.2,112.2,0,138
960103,112.5,112.5,110.9,110.9,15,147
960104,110,110,107.4,107.4,18,163
960105,108.6,109.65,108.6,109.65,83,207
960109,108.5,109.05,108.5,109.05,20,219
960110,109.55,109.55,109.55,109.55,0,219
960111,110.4,110.85,110.25,110.25,4,223
960112,110.2,110.2,107.8,107.8,7,229
960115,108.7,108.7,106.55,106.55,10,233
960116,106.75,106.75,106.75,106.75,14,236
960117,108,108,106.15,106.15,15,251
960118,108.15,108.15,108.15,108.15,0,251
960119,106.3,106.3,106.3,106.3,6,251
960122,106.85,106.85,106.85,106.85,0,251
960123,108.65,108.65,108.65,108.65,0,251
960124,109.55,109.55,109.55,109.55,0,251
960125,107.35,107.35,107.35,107.35,55,261
960126,107,107,107,107,0,261
960129,106.9,106.9,106.9,106.9,0,261
960130,107.4,107.4,107.4,107.4,0,261
960131,106.7,106.7,106.7,106.7,0,261
960201,108.2,108.2,108.2,108.2,24,271
960202,109.25,109.25,109.25,109.25,0,271
960205,110,110,108.6,108.6,1,272
960206,109.2,109.2,108.35,108.5,28,275
960207,109.65,109.65,109.65,109.65,0,275
960208,109.5,109.5,109,109,9,276
960209,109.7,109.7,109.7,109.7,0,276
960212,108.8,108.8,108.8,108.8,0,276
960213,107,107.7,107,107.7,1,275
960214,108.05,108.05,108.05,108.05,50,286
960215,108.8,108.8,107.7,107.7,22,300
960216,107,107,107,107,0,300
960220,108.4,108.4,107.75,107.75,23,307
960221,107.9,107.9,107.9,107.9,0,307
960222,107.85,107.85,107.85,107.85,0,307
960223,108.25,108.25,108.25,108.25,0,307
960226,107.25,107.25,107.25,107.25,18,315
960227,107.9,107.9,107.9,107.9,15,300
960228,107.75,107.75,107.55,107.55,1,300
960229,108.8,108.8,108.8,108.8,0,300
960301,109.5,109.5,109.5,109.5,0,300
960304,110.9,111,110.75,110.75,24,316
960305,110.1,110.1,110.1,110.1,0,316
960306,110.35,110.35,110.35,110.35,0,316
960307,110.25,110.25,110.15,110.15,4,316
960308,112.45,112.45,112.45,112.45,0,316
960311,111.65,111.65,111.65,111.65,0,316
960312,112,112.1,112,112.1,3,316
960313,111.25,111.25,111.25,111.25,0,316
960314,111.1,111.1,111.1,111.1,0,316
960315,110.85,110.85,110.85,110.85,0,316
960318,111.5,111.5,111.5,111.5,0,316
960319,111,111,111,111,0,316
960320,111.5,111.85,111.5,111.85,4,316
960321,112,112,111.6,111.65,20,320
960322,110.85,110.85,109.95,109.95,16,325
960325,109.6,109.6,109.6,109.6,0,325
960326,111,111,111,111,0,325
960327,110.7,110.7,110.7,110.7,0,325
960328,111.3,111.3,111.3,111.3,10,333
960329,111.55,111.55,111.55,111.55,0,333
960401,110.5,110.5,110.5,110.5,5,336
960402,109.9,109.9,109.9,109.9,0,336
960403,110,110,109.65,109.65,27,337
960404,109.85,109.85,109.85,109.85,5,338
960408,109.75,109.75,109.7,109.7,15,343
960409,109.85,109.85,109.85,109.85,0,343
960410,111.1,111.1,111.1,111.1,10,353
960411,113.4,113.4,113.4,113.4,10,362
960412,113.6,113.6,113.6,113.6,0,362
960415,112.65,112.65,112.65,112.65,0,362
960416,113.3,113.3,113.3,113.3,0,362
960417,114,114,114,114,0,362
960418,114.75,114.75,114.75,114.75,0,362
960419,116.25,116.25,116.25,116.25,0,362
960422,115.7,115.7,115.7,115.7,0,362
960423,115,115.05,115,115.05,30,384
960424,116.1,116.1,116.1,116.1,0,384
960425,116.05,116.05,116.05,116.05,10,394
960426,115.5,115.5,115.5,115.5,0,394
960429,114.9,114.9,114.9,114.9,0,394
960430,114.7,114.7,114.7,114.7,0,394
960501,115.1,115.75,115.1,115.75,49,437
960502,114.9,114.9,114.9,114.9,0,437
960503,115.6,116,115.5,115.8,74,409
960506,115.25,115.25,115.25,115.25,26,435
960507,116.9,117.2,116.9,117.2,22,457
960508,116.65,116.65,116.65,116.65,0,457
960509,116.45,116.45,116.45,116.45,0,457
960510,116.5,116.5,116.5,116.5,0,457
960513,117,117,117,117,0,457
960514,116,116,116,116,8,458
960515,115.85,115.85,115.85,115.85,0,458
960516,115.95,115.95,115.95,115.95,0,458
960517,115,115,110.25,110.25,29,460
960520,108.5,109.5,107.9,107.9,78,491
960521,109.5,110.5,108.4,108.4,72,519
960522,108.3,108.65,108.3,108.65,48,529
960523,109,109,107.25,107.25,68,556
960524,107.3,107.3,107.15,107.15,26,573
960528,108.7,108.7,107.9,107.9,36,593
960529,109.9,109.9,109.9,109.9,4,597
960530,109.6,109.6,109.6,109.6,0,597
960531,108.7,109.25,108.7,109.25,2,595
960603,109.05,109.05,109.05,109.05,42,588
960604,108.8,108.8,106.4,106.4,1,589
960605,104,104,99.55,99.55,20,603
960606,95.5,98.6,95.3,98.6,46,628
960607,102.9,102.9,99.8,100.6,49,655
960610,100.8,100.8,100.05,100.05,156,782
960611,96.9,96.9,95.25,95.25,13,794
960612,97,98.6,97,97.9,219,915
960613,98.75,98.75,98.05,98.05,3,915
960614,95,95.25,91.05,91.05,45,914
960617,93.5,94,91.95,91.95,99,938
960618,93,93.4,93,93.4,22,936
960619,94.3,94.8,93.5,94.4,48,940
960620,94.5,94.5,91.85,91.85,7,947
960621,89,89,87.85,87.85,6,953
960624,85,87.05,85,87.05,16,960
960625,87.3,88.5,83.65,83.65,48,1006
960626,86,87.2,85.5,87.2,166,1072
960627,87.2,89.45,87.2,89.45,14,1086
960628,90,90.35,90,90.35,2,1087
960701,89.5,90.5,88.45,88.45,11,1089
960702,88.15,88.15,88.15,88.15,15,1090
960703,87.5,87.5,87.5,87.5,93,1071
960708,89.95,89.95,89.95,89.95,1,1072
960709,90.3,90.3,90.1,90.1,5,1086
960710,90.3,90.3,88,89.1,2,1088
960711,86.7,86.7,86.7,86.7,1,1089
960712,87.5,88.1,87.5,88.1,6,1095
960715,85.95,85.95,85.95,85.95,55,1086
960716,87,87,87,87,1,1087
960717,88,88,87.95,87.95,12,1097
960718,87.75,87.9,87,87.75,53,1125
960719,87.7,87.7,87.7,87.7,3,1127
960722,88.9,88.9,88.9,88.9,1,1128
960723,90.75,90.75,90.75,90.75,21,1128
960724,91.3,91.3,91.3,91.3,2,1131
960725,93,94.4,93,93.3,23,1129
960726,93.2,93.2,92.15,92.15,5,1134
960729,93,93,90.95,90.95,5,1138
960730,89.95,91,89.95,91,102,1167
960731,91.9,91.9,91.9,91.9,5,1172
960801,92,92,91,91.2,63,1201
960802,90.2,90.2,90.2,90.2,27,1219
960805,91.2,91.2,89.2,89.2,54,1241
960806,88.8,90.75,88.8,90.75,9,1243
960807,91.2,91.4,91.2,91.4,3,1244
960808,91.2,91.5,90.5,90.5,10,1248
960809,90.5,90.5,90.5,90.5,0,1249
960812,89.75,89.75,89.75,89.75,3,1252
960813,89.75,90,89.75,90,7,1259
960814,91.5,91.8,91.5,91.8,5,1264
960815,91.25,91.25,91.25,91.25,1,1264
960816,89.6,89.6,89.35,89.35,5,1269
960819,89.9,91.75,89.9,91.75,14,1283
960820,90.7,90.7,89.8,89.8,31,1284
960821,89,90.5,89,90.5,23,1313
960822,90.15,90.15,90.15,90.15,13,1327
960823,90.75,91.2,90.6,90.6,9,1334
960826,90.6,90.6,90.1,90.1,11,1343
960827,90.3,90.3,90.3,90.3,4,1346
960828,90.6,90.6,90.6,90.6,3,1348
960829,91.2,91.4,91,91,211,1437
960830,91.9,95.65,91.9,95.65,25,1447
960903,94.4,96.2,94.4,96.15,42,1457
960904,93.5,94.8,93.5,94.8,7,1448
960905,92.5,92.5,89.3,89.3,5,1453
960906,90.8,90.8,89.6,90,8,1454
960909,89.9,90.1,89.9,90.1,15,1445
960910,89.85,90.25,89.6,90.25,9,1449
960911,89.7,89.7,87.4,87.4,6,1451
960912,87.15,87.15,86.2,86.2,123,1456
960913,87.2,87.2,87.2,87.2,27,1461
960916,87,87,86.95,86.95,41,1476
960917,87.9,88.4,87,88.2,27,1476
960918,89.9,90.05,89.9,90.05,33,1483
960919,89.7,90.8,89.7,90.65,54,1527
960920,88.75,88.8,88.2,88.2,24,1533
960923,87.7,88,87.7,87.95,8,1539
960924,88,89.5,88,89.45,130,1616
960925,89.9,89.9,89.9,89.9,44,1648
960926,89.75,91.5,89.7,90.75,322,1683
960927,93.5,93.5,91.25,91.55,97,1708
960930,90.6,90.9,90.35,90.35,65,1744
961001,88.2,88.2,88.2,88.2,90,1774
961002,89.9,90.2,89.4,89.4,222,1857
961003,89.3,89.3,89.25,89.25,5,1897
961004,90.1,90.1,89.8,89.85,59,1892
961007,90.5,90.5,89,89.2,70,1911
961008,89.5,92.25,89.5,92.25,258,1925
961009,90.75,90.9,90.3,90.8,260,2038
961010,91.5,92.8,91,92.75,165,2179
961011,92.1,92.5,92,92,46,2152
961014,91.6,91.8,90.7,90.7,105,2159
961015,92.55,92.55,91.2,91.3,187,2098
961016,90.2,90.25,89.05,89.05,73,2138
961017,89.8,91.9,89.8,91.7,624,2369
961018,91.6,92.6,91.6,92.55,258,2425
961021,92.55,94.2,92.55,94.15,314,2529
961022,93.4,93.5,92.9,93.25,533,2483
961023,94,94.35,93.4,93.6,355,2315
961024,93.7,95.55,93.7,95.55,352,2363
961025,94.8,97.7,94.8,97.65,214,2352
961028,97.7,97.7,95.35,95.95,573,2285
961029,93.9,93.9,90.8,91.1,747,2809
961030,90.8,93.9,90.8,93.9,698,2891
961031,93.1,93.9,92,92.5,845,2704
961101,92,93.75,91,93.6,373,2728
961104,93.3,94.5,93.3,94.2,210,2662
961105,93.8,94.3,92.6,93.1,236,2576
961106,93.4,93.6,93.4,93.5,131,2508
961107,95.1,96.8,95.1,96.8,338,2509
961108,96.7,97.7,95.5,95.8,390,2591
961111,96.2,96.2,96,96.05,212,2442
961112,97,98.7,97,98.65,448,2509
961113,98,99.6,98,98.8,707,2688
961114,96.5,97.2,96.1,96.65,263,2468
961115,101.6,102,100,101.25,496,2284
961118,103,106.55,101.5,106.55,549,2096
961119,106.5,108.8,106.35,107.4,771,2042
961120,107.1,107.1,106,106.8,773,1548
961121,106.2,106.8,106,106.1,251,1008
961122,105.2,105.75,104.2,104.7,620,895
961125,103.9,106.3,103.6,106.3,1259,862
