951023,113.95,113.95,113.95,113.95,0,0
951024,112.6,112.6,112.6,112.6,0,0
951025,111.65,111.65,111.65,111.65,0,0
951026,112,112,112,112,0,0
951027,111.8,111.8,111.8,111.8,0,0
951030,112,112,112,112,0,0
951031,111.45,111.45,111.45,111.45,0,0
951101,113.7,113.7,113.7,113.7,0,0
951102,115.5,115.5,115.5,115.5,0,0
951103,113.3,113.3,113.3,113.3,0,0
951106,113,113,113,113,0,0
951107,113,113,113,113,0,0
951108,111.8,111.8,111.8,111.8,0,0
951109,113.85,113.85,113.85,113.85,0,0
951110,114.85,114.85,114.85,114.85,0,0
951113,113.65,113.65,113.65,113.65,0,0
951114,113.7,113.7,113.7,113.7,0,0
951115,112.6,112.6,112.6,112.6,0,0
951116,112.45,112.45,112.45,112.45,0,0
951117,112.55,112.55,112.55,112.55,0,0
951120,113.2,113.2,113.2,113.2,0,0
951121,114.6,114.6,114.6,114.6,0,0
951122,114.25,114.25,114.25,114.25,0,0
951127,113.35,113.35,113.35,113.35,0,0
951128,114,114,114,114,0,0
951129,113.65,113.65,113.65,113.65,0,0
951130,113.4,113.4,113.4,113.4,0,0
951201,112.7,112.7,112.7,112.7,0,0
951204,113.5,113.5,113.5,113.5,0,0
951205,112.75,112.75,112.75,112.75,0,0
951206,109.85,109.85,109.85,109.85,0,0
951207,111.55,111.55,111.55,111.55,0,0
951208,110.8,110.8,110.8,110.8,0,0
951211,112.4,112.4,112.4,112.4,0,0
951212,110.95,110.95,110.95,110.95,0,0
951213,111.35,111.35,111.35,111.35,0,0
951214,109,109,109,109,0,0
951215,109.6,109.6,109.6,109.6,0,0
951218,110.35,110.35,110.35,110.35,0,0
951219,111.25,111.25,111.25,111.25,0,0
951220,111.55,111.55,111.55,111.55,0,0
951221,112.1,112.1,112.1,112.1,0,0
951222,111.1,111.1,111.1,111.1,0,0
951226,112.5,112.5,112.5,112.5,0,0
951227,112.5,112.5,112,112,10,10
951228,112,112.35,112,112.35,10,20
951229,111.8,111.8,111.8,111.8,0,20
960102,111.1,111.1,111.1,111.1,0,20
960103,108.7,108.7,108.7,108.7,0,20
960104,107.5,107.5,105.1,105.1,8,28
960105,107.05,107.05,107.05,107.05,0,26
960109,106.45,106.45,106.45,106.45,0,28
960110,107.35,107.35,107.35,107.35,0,28
960111,106.85,106.85,106.85,106.85,0,28
960112,105,105,105,105,1,29
960115,105,105,104,104,8,37
960116,104.4,104.4,104,104,4,41
960117,103.4,103.4,103.4,103.4,0,41
960118,105.15,105.15,105.15,105.15,0,41
960119,103.4,103.4,103.4,103.4,0,41
960122,103.95,103.95,103.95,103.95,0,41
960123,105.75,105.75,105.75,105.75,0,41
960124,106.65,106.65,106.65,106.65,0,41
960125,104.45,104.45,104.45,104.45,0,41
960126,103.75,103.75,103.75,103.75,0,41
960129,103.55,103.55,103.55,103.55,0,41
960130,103.55,103.55,103.55,103.55,0,41
960131,103,103,103,103,0,41
960201,103.4,103.4,103.4,103.4,0,41
960202,104.85,104.85,104.85,104.85,0,41
960205,104.2,104.2,104.2,104.2,0,41
960206,104.8,104.8,104.1,104.1,1,42
960207,104.45,104.45,104.45,104.45,0,42
960208,103.75,103.75,103.75,103.75,0,42
960209,104.5,104.5,104.5,104.5,0,42
960212,103.6,103.6,103.6,103.6,0,42
960213,103.35,103.35,103.35,103.35,0,42
960214,103.65,103.65,103.65,103.65,0,42
960215,103.3,103.3,103.3,103.3,0,42
960216,103.6,103.6,103.3,103.3,2,44
960220,103.8,103.8,103.8,103.8,0,44
960221,103.8,103.8,103.8,103.8,0,44
960222,103.1,103.1,103.1,103.1,1,44
960223,103,103.1,103,103.1,8,52
960226,102.15,102.15,102.15,102.15,0,52
960227,102.8,102.8,102.8,102.8,0,52
960228,102.5,102.5,102.5,102.5,0,52
960229,103.1,103.1,103.1,103.1,0,52
960301,103.8,103.8,103.8,103.8,0,52
960304,104.95,104.95,104.95,104.95,0,52
960305,104.3,104.3,104.3,104.3,0,52
960306,104.55,104.55,104.55,104.55,0,52
960307,104.5,104.5,103.7,103.7,8,56
960308,105,105,105,105,0,56
960311,104.3,104.3,104.3,104.3,0,56
960312,104.1,104.1,104.1,104.1,0,56
960313,103.8,103.8,103.25,103.25,12,68
960314,103.25,103.25,103.25,103.25,0,68
960315,103,103,103,103,0,68
960318,103.55,103.55,103.55,103.55,0,68
960319,103.5,103.5,103.5,103.5,0,68
960320,104.8,104.8,104.8,104.8,0,68
960321,104.6,104.6,104.6,104.6,0,68
960322,103,103,103,103,0,68
960325,102.85,102.85,102.85,102.85,0,68
960326,104.25,104.25,104.25,104.25,0,68
960327,103.95,103.95,103.95,103.95,0,68
960328,104.95,104.95,104.95,104.95,0,68
960329,105.35,105.35,105.35,105.35,0,68
960401,104.3,104.3,104.3,104.3,0,68
960402,104.3,104.3,104.3,104.3,0,68
960403,104.3,104.3,104.3,104.3,0,68
960404,104.15,104.15,104.15,104.15,0,68
960408,104,104,104,104,0,68
960409,104.4,104.4,104.4,104.4,0,68
960410,105.05,105.05,105.05,105.05,0,68
960411,106.55,106.55,106.55,106.55,0,68
960412,106.25,106.25,106.25,106.25,0,68
960415,106.5,106.5,105.65,105.65,12,80
960416,106.45,106.45,106.45,106.45,0,80
960417,106.85,106.85,106.85,106.85,0,80
960418,107.2,107.2,107.2,107.2,0,80
960419,107.5,107.5,107.5,107.5,0,80
960422,106.7,106.7,106.7,106.7,0,80
960423,106.5,106.5,106.5,106.5,0,80
960424,107.1,107.1,107.1,107.1,0,80
960425,106.65,106.65,106.65,106.65,16,96
960426,106.05,106.05,106.05,106.05,0,96
960429,105.6,105.6,105.6,105.6,0,96
960430,105.85,105.85,105.85,105.85,0,96
960501,106.7,106.7,106.7,106.7,0,96
960502,105.7,105.7,105.7,105.7,0,96
960503,105.5,105.5,105.5,105.5,0,96
960506,105.85,105.85,105.85,105.85,0,96
960507,105.75,105.75,105.75,105.75,0,96
960508,105.3,105.3,105.3,105.3,0,96
960509,105.6,105.6,105.6,105.6,0,96
960510,105.75,105.75,105.75,105.75,0,96
960513,105.95,105.95,105.95,105.95,0,96
960514,105.5,105.5,105.5,105.5,0,96
960515,105.35,105.35,105.35,105.35,0,96
960516,105.55,105.55,105.55,105.55,0,96
960517,102.05,102.05,102.05,102.05,0,96
960520,104.5,104.5,102.15,102.15,6,102
960521,103.5,103.5,102.65,102.65,1,103
960522,103.5,103.5,102.1,102.1,19,122
960523,100.5,100.5,100.5,100.5,0,122
960524,100.3,100.3,100.3,100.3,0,122
960528,101.25,101.25,101.25,101.25,0,122
960529,103.25,103.25,103.15,103.15,31,151
960530,104.5,104.5,103.15,103.15,3,154
960531,103,103,103,103,0,154
960603,102.5,102.5,102.5,102.5,0,154
960604,102.5,102.5,100.6,100.6,1,155
960605,99.8,99.8,97,97,40,172
960606,94,96,94,95.75,55,223
960607,97.65,97.65,97.65,97.65,0,223
960610,97.5,98.25,96.3,96.3,9,232
960611,95.3,95.3,92.15,92.15,4,236
960612,95,95,95,95,0,236
960613,95.15,95.15,95.15,95.15,0,236
960614,95,95,91,91,19,250
960617,93,94.25,91.55,91.55,11,259
960618,93.5,94,93.5,93.5,6,263
960619,95,95,93.15,93.15,53,288
960620,91.5,91.5,90.8,90.8,55,336
960621,88.5,88.5,86.8,86.8,18,344
960624,85.4,86.7,85.1,85.65,49,381
960625,87.5,87.5,83.25,83.25,45,402
960626,85.5,87,85.5,87,21,390
960627,87.7,89,86.5,89,33,399
960628,91,91,89.6,89.6,1,400
960701,88.05,88.05,88.05,88.05,5,405
960702,89.9,89.9,88.1,88.1,4,409
960703,90.3,90.3,88,88,2,411
960708,89.3,89.3,89.25,89.25,43,445
960709,88.75,89.3,88.75,89.3,20,445
960710,88.25,88.25,88,88,10,445
960711,87.4,87.4,86,86,16,447
960712,87,87.55,87,87.55,3,448
960715,86,86,86,86,0,448
960716,87.5,87.5,86.85,86.85,2,449
960717,87.6,87.6,87.6,87.6,0,449
960718,87.1,87.1,87.1,87.1,0,449
960719,87.1,87.1,87.1,87.1,0,449
960722,88.2,88.2,88.2,88.2,1,450
960723,89.45,89.45,89.45,89.45,0,450
960724,90.3,90.3,90.3,90.3,5,455
960725,91.2,91.2,91.2,91.2,0,455
960726,90.8,90.8,90.8,90.8,0,455
960729,91.5,91.5,89.5,89.5,2,456
960730,89.4,89.4,89.4,89.4,0,456
960731,90,90,90,90,0,456
960801,90.3,90.3,89.4,89.4,1,457
960802,88.4,88.4,88.4,88.4,0,457
960805,88,88,87.4,87.4,9,457
960806,87.8,88.4,87.8,88.4,5,462
960807,89,89,89,89,0,462
960808,87.7,87.7,87.7,87.7,0,462
960809,87.05,87.05,87.05,87.05,0,462
960812,86.45,86.45,86.45,86.45,0,462
960813,86.75,86.8,86.7,86.8,3,464
960814,87.7,87.7,87.7,87.7,0,464
960815,87.65,87.65,87.65,87.65,0,464
960816,86.25,86.25,86.25,86.25,0,465
960819,87.3,88.25,87.3,88.25,2,467
960820,86.25,86.25,86.25,86.25,0,467
960821,87.55,87.55,87.55,87.55,0,467
960822,87.35,87.35,87.35,87.35,0,467
960823,87.6,87.6,87.6,87.6,0,467
960826,87.2,87.2,87.2,87.2,0,467
960827,91.7,91.7,87.6,87.6,0,467
960828,87.9,87.9,87.9,87.9,0,467
960829,88,88,88,88,0,467
960830,91.6,91.6,91.6,91.6,0,467
960903,92.4,92.4,92.4,92.4,0,467
960904,91.05,91.05,91.05,91.05,6,473
960905,86.8,86.8,86.8,86.8,0,473
960906,87.8,87.8,87.8,87.8,0,473
960909,88.25,88.25,87.9,87.9,2,473
960910,87.9,87.9,87.9,87.9,0,473
960911,87.5,87.5,85.25,85.25,5,474
960912,90,90,84.5,84.9,15,483
960913,85.7,86,85.6,85.6,28,485
960916,85.75,85.75,85.75,85.75,0,485
960917,86.8,86.8,86.8,86.8,0,485
960918,88.45,88.45,88.45,88.45,0,485
960919,88.95,88.95,88.95,88.95,0,485
960920,87.4,87.4,87.4,87.4,0,485
960923,87,87,87,87,2,486
960924,88.45,88.45,88.45,88.45,0,486
960925,88.8,88.8,88.8,88.8,0,486
960926,89.2,89.2,89.2,89.2,0,486
960927,89.75,89.75,89.75,89.75,0,486
960930,88.55,88.55,88.55,88.55,11,486
961001,86.7,86.7,86.7,86.7,2,486
961002,87.5,88,87.3,87.3,21,507
961003,87,87,86.9,86.9,3,510
961004,87.5,87.5,86.9,86.9,2,512
961007,86.4,86.4,86.4,86.4,0,512
961008,88.8,88.8,88.8,88.8,4,516
961009,87.75,87.75,87.75,87.75,0,516
961010,89.35,89.35,89.35,89.35,0,516
961011,89,89,88.05,88.45,46,498
961014,88.2,88.2,87.45,87.45,13,501
961015,87.6,87.6,87.6,87.6,0,525
961016,86.9,86.9,85.95,85.95,4,525
961017,86,87.45,86,87.45,6,531
961018,87.7,87.7,87.7,87.7,0,531
961021,88.85,88.85,88.85,88.85,0,531
961022,88.3,88.3,88.3,88.3,0,531
961023,88.65,88.65,88.65,88.65,3,528
961024,89.45,89.45,89.45,89.45,0,528
961025,91.25,91.25,91.25,91.25,0,528
961028,89.95,89.95,89.95,89.95,0,528
961029,87.8,88.1,86.35,86.35,60,532
961030,88.05,88.05,88.05,88.05,7,539
961031,86.55,86.55,86.55,86.55,0,539
961101,86.5,87.75,86.5,87.75,0,539
961104,88.5,88.5,88.5,88.5,0,539
961105,89,89,87.5,87.5,0,539
961106,87.05,88,87.05,87.75,1,540
961107,89.95,89.95,89.95,89.95,0,540
961108,90,90,88.3,88.3,34,521
961111,89.2,89.2,89.2,89.2,0,521
961112,91.35,91.35,91.35,91.35,0,521
961113,91.05,91.05,91.05,91.05,1,522
961114,89.65,89.65,89.65,89.65,1,523
961115,93.8,93.8,93.8,93.8,0,523
961118,96,96.3,96,96.3,11,533
961119,96.4,96.4,96.4,96.4,0,533
961120,96.5,96.5,96.1,96.1,18,550
961121,95.8,95.8,95.8,95.8,3,553
961122,95.35,95.35,95.35,95.35,1,553
961125,95.9,95.9,95.9,95.9,0,553
961126,96.6,96.6,96.6,96.6,5,558
961127,96.3,96.55,96.3,96.55,4,558
961202,95.7,95.7,94.3,94.3,6,562
961203,96.1,96.1,96.1,96.1,0,562
961204,96.8,96.8,96.75,96.75,4,562
961205,97,97,96.15,96.15,277,562
961206,93.75,93.75,93.75,93.75,1,563
961209,93.7,94.1,93.1,93.1,8,567
961210,92.9,93.75,92.9,93.75,3,570
961211,94.75,94.75,94.75,94.75,0,570
961212,94.45,94.45,94.45,94.45,0,570
961213,94.3,94.3,94.3,94.3,0,570
961216,93.25,93.25,92.6,92.6,4,570
961217,92.4,92.4,92.4,92.4,33,574
961218,94.2,94.2,94.2,94.2,0,574
961219,95.05,95.05,95.05,95.05,0,574
961220,94.55,94.55,94.55,94.55,1,574
961223,93.9,93.9,93.9,93.9,0,574
961224,93.8,93.8,93.8,93.8,0,574
961226,94.55,94.55,94.55,94.55,0,574
961227,95,95,93.75,93.75,2,576
961230,94,94,93.8,93.8,1,576
961231,95,95,95,95,0,576
970102,95.2,96.45,95.2,96.45,10,580
970103,97.2,97.2,96.75,96.75,1,581
970106,96.4,96.4,96.4,96.4,0,581
970107,98.85,98.85,98.85,98.85,0,581
970108,98,98,98,98,2,583
970109,99.4,99.4,99.4,99.4,3,580
970110,98.7,98.7,98.7,98.7,0,580
970113,99.4,99.55,99.4,99.55,80,602
970114,100.15,100.15,99.05,99.05,32,607
970115,100.6,100.6,100.6,100.6,2,607
970116,99.9,99.9,99.9,99.9,131,553
970117,99.9,99.9,99.75,99.75,5,556
970120,101.2,101.2,101.2,101.2,1,575
970121,100,100,100,100,0,575
970122,100.7,100.7,100.7,100.7,0,575
970123,101.7,101.7,99.95,99.95,2,577
970124,100.1,100.1,100.1,100.1,17,587
970127,100.5,100.7,99.85,99.85,12,587
970128,100.55,100.55,100.55,100.55,21,608
970129,100,100,97.95,97.95,23,609
970130,97.95,97.95,96.95,96.95,5,610
970131,98.35,98.35,98.35,98.35,1,611
970203,97.8,97.8,97.8,97.8,0,611
970204,99.15,99.15,99.15,99.15,0,611
970205,99.6,102.2,99.2,102.2,5,613
970206,101.65,101.65,101.65,101.65,0,613
970207,100.6,100.6,100.6,100.6,4,612
970210,100.7,100.7,100.7,100.7,0,615
970211,99.7,99.7,99.7,99.7,1,614
970212,101.7,101.7,101.7,101.7,2,616
970213,101.7,101.7,101.7,101.7,6,622
970214,101.85,101.85,101.85,101.85,0,622
970218,102.9,102.9,102.9,102.9,1,621
970219,104.8,104.8,104.15,104.15,2,623
970220,104.1,104.1,104.1,104.1,0,623
970221,105.3,105.3,105.3,105.3,0,623
970224,105.85,105.85,105.85,105.85,0,623
970225,105.75,105.75,105,105.3,4,625
970226,107.75,107.75,107.75,107.75,28,626
970227,106.35,106.35,106.35,106.35,10,632
970228,104.9,105.95,104.9,105.95,1,633
970303,107.35,107.35,107.35,107.35,0,633
970304,107.45,107.45,107.45,107.45,1,634
970305,106.6,106.85,105.8,105.8,5,638
970306,106.9,106.9,106.9,106.9,0,638
970307,107.8,107.8,106.35,106.35,16,639
970310,105.35,105.35,105.35,105.35,4,643
970311,105,106.05,105,106.05,5,648
970312,105.1,105.5,104.5,104.5,5,653
970313,104.8,104.8,104.8,104.8,4,657
970314,106.05,106.05,106.05,106.05,0,657
970317,105.15,105.15,105.15,105.15,32,674
970318,104.55,104.55,104.55,104.55,0,671
970319,103.9,105.1,103.9,105.1,8,668
970320,106.5,106.5,106.5,106.5,154,822
970321,106.55,106.55,106.55,106.55,1,668
970324,106.25,106.55,106,106,20,679
970325,107.4,107.4,107.4,107.4,6,684
970326,105.85,105.85,105.85,105.85,13,691
970327,105.5,106.9,105.5,106.9,16,703
970331,107.4,107.95,107.4,107.95,44,740
970401,106.5,107.35,106.5,107.35,45,749
970402,107.35,107.35,107.35,107.35,1,749
970403,104.5,104.5,103.95,103.95,69,797
970404,104.8,105.6,104.8,105.6,74,750
970407,102.3,102.9,102.25,102.25,13,758
970408,103.7,104.2,103.5,104.2,5,759
970409,104.7,104.7,104.65,104.65,6,762
970410,104.95,104.95,104.95,104.95,3,761
970411,103.1,103.7,103.1,103.7,55,806
970414,103,103.15,102.9,103.15,46,850
970415,104.5,104.5,103.95,103.95,55,824
970416,103.25,103.25,103.25,103.25,15,827
970417,103.5,103.85,103.5,103.85,16,835
970418,104.6,104.6,104.6,104.6,1,835
970421,104.5,105.15,104.4,105.15,57,856
970422,105.55,107.7,105.55,107.3,94,901
970423,107.6,108.55,107.6,108.55,146,985
970424,108,108.15,108,108.15,6,991
970425,108.2,109.05,108.2,109.05,69,1031
970428,108.6,108.6,108.6,108.6,1,1030
970429,108.05,108.05,108.05,108.05,1,1031
970430,107,109.35,107,109.35,199,1213
970501,107.5,107.95,107.5,107.95,256,1314
970502,108,108.3,108,108.3,182,1382
970505,108.3,108.55,108.3,108.55,16,1388
970506,108.7,108.75,107.15,107.15,38,1385
970507,108.2,108.6,108.2,108.6,9,1385
970508,109.4,109.6,109.4,109.55,68,1427
970509,109.6,109.6,109.6,109.6,16,1429
970512,110.1,110.7,110.1,110.7,130,1474
970513,111,111.2,110.6,111,308,1720
970514,110.8,111.65,110.8,111.65,272,1665
970515,113.8,114,113,114,178,1711
970516,113.85,113.85,113.85,113.85,8,1706
970519,114.3,114.4,113.5,113.6,144,1722
970520,115,115.7,115,115.45,127,1780
970521,115.1,115.9,115.1,115.9,19,1770
970522,117,117,116.25,116.25,145,1769
970523,115.6,116.3,115.6,116.15,169,1841
970527,115.3,116,115.3,115.85,78,1829
970528,115.5,116.8,115.5,115.85,268,1947
970529,114.2,116.3,114.2,116.05,308,2096
970530,116.5,116.5,116.5,116.5,147,2117
970602,114.25,115.45,114.25,115.45,224,2256
970603,114.8,115.3,114.8,115.25,84,2283
970604,114.1,114.25,113.2,113.85,501,2506
970605,113.6,114.8,113.5,114.8,207,2553
970606,114.3,114.95,114.1,114.95,117,2541
970609,115.5,115.5,115.45,115.45,119,2543
970610,116.1,117.7,115.6,117.7,201,2594
970611,118.1,119.5,118,119.5,380,2614
970612,119.9,120,118.8,119.35,426,2750
970613,119.5,119.7,119,119,177,2803
970616,119,120.45,119,120.4,257,2870
970617,119,119.9,118.5,119.9,155,2860
970618,120.7,120.8,120.1,120.25,169,2938
970619,120.1,120.4,120.1,120.35,62,3033
970620,118,118,117,117,189,2944
970623,116.3,116.9,115.7,116.9,90,2982
970624,116.3,116.3,111,111.15,254,2895
970625,109.5,110,108.4,108.95,333,2828
970626,111.1,111.5,110.3,111.5,303,2780
970627,112.4,112.55,111.6,112.55,134,2840
970630,111.8,112.7,111.8,112.65,74,2858
970701,110.9,111.5,110.3,110.75,1205,3563
970702,109.6,112.7,109.6,112.6,195,3634
970703,112.2,112.2,111.25,111.85,81,3663
970707,111.4,111.7,109.5,110,110,3716
970708,110.2,110.4,105.4,105.5,205,3884
970709,105.2,105.2,102.5,103.2,184,3936
970710,104.7,105.5,104,104.85,258,3721
970711,104,105,104,104.8,283,3640
970714,107,107,106.2,107,71,3641
970715,107.5,107.5,104.5,105.2,157,3986
970716,104.6,104.7,103.4,104.05,799,3496
970717,104.7,107,104.7,106.95,101,3502
970718,106.2,108.7,106.1,107.9,220,3532
970721,107.9,109.05,107.9,109.05,79,3528
970722,107.8,108.2,106.3,107.35,198,3529
970723,107.7,107.7,105.6,105.65,139,3538
970724,106.1,107.7,106.1,107.6,238,3524
970725,107.3,111.7,106.9,111.15,385,3530
970728,110.9,111,108.6,109.5,306,3573
970729,108.7,110.65,108.7,110.65,272,3506
970730,110,110,105.8,105.85,474,3247
970731,107.3,109,106.6,108.8,351,3064
970801,107.1,107.4,106.3,106.95,510,3099
970804,106.4,106.5,105.1,106.4,293,2973
970805,105,107.5,105,107.5,161,2781
970806,106,106.7,105.1,106.2,351,2669
970807,107,108.7,107,107.9,341,2629
970808,107.2,107.2,105.3,105.85,348,2693
970811,105.9,106.4,104.5,105.2,208,2409
970812,103.7,105.1,103.7,104.7,185,2277
970813,104.4,106.2,104.4,105,475,2285
970814,105,105.5,103.5,103.6,278,2143
970815,103.6,103.6,99.1,99.4,295,1865
970818,99.3,99.3,96.5,96.5,228,1688
970819,97.2,97.6,96.7,97.6,622,1319
970820,98.5,99,97.5,98.1,273,1184
970821,99.3,99.3,99.15,99.15,241,1007
970822,98.3,100,98.1,100,314,920
970825,100,100.4,99.4,99.45,332,792
970826,100,100.8,99.5,99.55,374,598
970827,99.5,99.9,98.95,99.7,701,573
