950616,71.98,71.98,71.98,71.98,0,0
950619,71.75,71.75,71.75,71.75,0,0
950620,71.43,71.43,71.43,71.43,0,0
950621,71.64,71.64,71.64,71.64,0,0
950622,71.24,71.24,71.24,71.24,0,0
950623,71.16,71.16,71.16,71.16,0,0
950626,71.11,71.11,71.11,71.11,0,0
950627,70.45,70.45,70.45,70.45,0,0
950628,70.65,70.65,70.65,70.65,0,0
950629,70.58,70.58,70.58,70.58,0,0
950630,70.15,70.15,70.15,70.15,0,0
950703,70.14,70.14,70.14,70.14,0,0
950705,70.23,70.23,70.23,70.23,0,0
950706,70.26,70.26,70.26,70.26,0,0
950707,70.74,70.74,70.74,70.74,0,0
950710,70.64,70.64,70.64,70.64,0,0
950711,71.25,71.25,71.25,71.25,0,0
950712,71.58,71.58,71.58,71.58,0,0
950713,72.63,72.63,72.63,72.63,0,0
950714,72.31,72.31,72.31,72.31,0,0
950717,72.59,72.59,72.59,72.59,0,0
950718,72.53,72.53,72.53,72.53,0,0
950719,72.36,72.36,72.36,72.36,0,0
950720,72.78,72.78,72.78,72.78,0,0
950721,72.76,72.76,72.76,72.76,0,0
950725,73.05,73.05,73.05,73.05,0,2
950726,73.02,73.02,73.02,73.02,0,2
950727,72.66,72.66,72.66,72.66,0,2
950728,72.93,72.93,72.93,72.93,0,2
950731,73.1,73.1,73.1,73.1,0,2
950801,73.28,73.28,73.28,73.28,0,2
950802,73.47,73.47,73.47,73.47,0,2
950803,73.12,73.12,73.12,73.12,0,2
950804,73.44,73.44,73.44,73.44,0,2
950807,73.31,73.31,73.31,73.31,0,2
950808,73.49,73.49,73.49,73.49,0,2
950809,73.32,73.32,73.32,73.32,0,2
950810,73.3,73.3,73.3,73.3,0,2
950811,73.54,73.54,73.54,73.54,0,2
950814,73.4,73.4,73.4,73.4,0,2
950815,72.92,72.92,72.92,72.92,0,2
950816,72.49,72.49,72.49,72.49,0,40
950817,72.43,72.43,72.43,72.43,0,40
950818,72.82,72.82,72.82,72.82,0,40
950821,73.02,73.02,73.02,73.02,0,40
950822,73.28,73.28,73.28,73.28,0,40
950823,73.28,73.28,73.28,73.28,1,40
950824,73.5,73.5,73.29,73.29,0,40
950825,73.67,73.67,73.67,73.67,0,40
950828,73.65,73.65,73.65,73.65,0,40
950829,74.52,74.52,74.52,74.52,0,40
950830,74.62,74.62,74.62,74.62,0,40
950831,74.48,74.48,74.48,74.48,0,40
950901,74.36,74.36,74.36,74.36,0,40
950905,74.52,74.52,74.52,74.52,1,41
950906,74.61,74.61,74.61,74.61,0,41
950907,74.69,74.69,74.69,74.69,0,41
950908,74.65,74.65,74.65,74.65,0,41
950911,74.69,74.69,74.69,74.69,0,41
950912,75.48,75.48,75.37,75.37,5,46
950913,75.93,75.93,75.93,75.93,0,46
950914,75.47,75.47,75.47,75.47,0,46
950915,75.39,75.39,75.39,75.39,0,46
950918,74.94,74.94,74.94,74.94,0,46
950919,75.48,75.48,75.48,75.48,1,46
950920,75,75,75,75,4,46
950921,74.24,74.24,74.24,74.24,0,48
950922,74.02,74.02,73.95,73.95,6,51
950925,74.44,74.44,74.44,74.44,0,51
950926,74.26,74.26,74.26,74.26,0,51
950927,74.33,74.33,74.33,74.33,19,70
950928,74.76,74.76,74.76,74.76,0,70
950929,75.15,75.15,75.15,75.15,0,70
951002,75.66,75.66,75.66,75.66,0,70
951003,75.95,76.17,75.95,76.17,10,70
951004,75.94,75.94,75.94,75.94,0,70
951005,75.23,75.23,75.23,75.23,0,70
951006,75.68,75.68,75.68,75.68,3,70
951009,75.91,75.91,75.91,75.91,0,70
951010,75.39,75.39,75.39,75.39,0,70
951011,75.74,75.74,75.74,75.74,0,70
951012,75.54,75.54,75.54,75.54,0,70
951013,75.38,75.38,75.38,75.38,0,70
951016,75.37,75.37,75.37,75.37,0,70
951017,74.87,74.87,74.87,74.87,0,70
951018,75,75,75,75,0,70
951019,74.57,75,74.57,74.57,1,71
951020,74.46,74.46,74.46,74.46,0,71
951023,74.22,74.22,74.14,74.14,1,72
951024,74.45,74.45,74.19,74.19,10,77
951025,74.42,74.42,74.42,74.42,5,73
951026,75.03,75.03,75.03,75.03,0,72
951027,75.05,75.05,75.05,75.05,0,72
951030,75.69,75.69,75.69,75.69,0,67
951031,75.63,75.63,75.63,75.63,0,67
951101,75.8,75.8,75.59,75.59,2,68
951102,75.36,75.36,75.36,75.36,0,68
951103,75.47,75.47,75.47,75.47,0,68
951106,75.19,75.19,74.92,74.92,27,78
951107,74.78,74.78,74.78,74.78,6,82
951108,74.77,74.77,74.77,74.77,0,82
951109,73.35,73.5,73.2,73.22,68,71
951110,73.36,73.36,73.36,73.36,0,70
951113,73.52,73.55,73.38,73.38,36,84
951114,73.78,73.78,73.58,73.58,3,85
951115,73.35,73.35,73.05,73.05,71,162
951116,73.3,73.65,73.3,73.63,7,162
951117,73.5,73.7,73.5,73.7,11,163
951120,73.9,74.02,73.85,74.02,5,132
951121,74.14,74.25,74.02,74.02,2,134
951122,73.8,73.8,73.65,73.75,12,140
951124,73.45,73.64,73.4,73.64,11,146
951127,73.7,74.05,73.55,74.01,49,156
951128,74.6,74.65,74.45,74.53,52,153
951129,74.6,74.67,74.43,74.49,55,185
951130,74.1,74.25,73.95,74,27,195
951201,73.8,73.85,73.4,73.57,145,199
951204,73.6,73.63,73.5,73.51,100,226
951205,73.4,73.6,73.2,73.55,144,265
951206,73.75,73.85,73.65,73.65,68,285
951207,73.78,73.78,73.48,73.61,48,295
951208,73.3,73.41,73.3,73.38,1568,1685
951211,73.38,73.4,73.3,73.35,1517,2450
951212,73.8,73.84,73.62,73.72,1084,3126
951213,74.05,74.2,74,74.09,1513,3384
951214,73.78,73.8,73.45,73.52,1135,3866
951215,73.66,73.9,73.63,73.85,965,4265
951218,73.83,73.9,73.75,73.8,821,4306
951219,73.77,73.9,73.71,73.87,160,4308
951220,73.86,73.86,73.7,73.77,291,4379
951221,73.89,74,73.62,73.72,293,4347
951222,73.78,73.85,73.72,73.73,53,4366
951226,73.75,73.82,73.63,73.81,105,4389
951227,74.55,74.7,74.46,74.53,2816,5252
951228,74.13,74.38,74.08,74.2,650,5361
951229,74.2,74.23,73.96,74.01,205,5385
960102,73.94,74.32,73.94,74.29,459,5455
960103,74.45,74.77,74.43,74.57,1229,5713
960104,74.35,74.47,73.77,73.82,1796,5781
960105,74.19,74.59,73.63,74.46,1921,6294
960108,74.33,74.56,74.31,74.4,447,6093
960109,74.15,74.3,74.04,74.17,383,6290
960110,74.13,74.52,74.1,74.39,946,6072
960111,74.43,74.58,74.08,74.21,669,6167
960112,74.23,74.32,74.16,74.16,301,6164
960115,74.04,74.15,74,74.09,381,6175
960116,74.32,74.32,74.03,74.21,490,6282
960117,73.95,73.95,73.7,73.86,1751,6433
960118,73.83,73.84,73.6,73.69,1500,6436
960119,73.44,73.52,72.95,73.2,4892,7920
960122,73,73.21,72.85,73.18,1199,7691
960123,73.11,73.37,73.07,73.27,381,7810
960124,73.46,73.68,73.08,73.61,594,7776
960125,73.4,73.8,73.35,73.69,582,7700
960126,73.65,73.73,73.55,73.6,286,7721
960129,73.85,74.05,73.72,73.91,2182,7568
960130,73.96,74.05,73.94,74.01,404,7576
960131,74.25,74.44,74.1,74.39,2354,7052
960201,74.3,74.7,74.25,74.63,4694,7473
960202,75.45,75.7,75.28,75.69,5755,9351
960205,75.32,75.44,75.23,75.38,3689,10911
960206,75.2,75.34,75.08,75.24,1505,11289
960207,75.35,75.42,74.92,74.98,2843,11252
960208,75.69,75.75,75.55,75.57,864,11320
960209,75.39,75.45,75.26,75.33,366,11271
960212,75.45,75.52,75.23,75.27,319,11267
960213,75.2,75.4,75.1,75.39,129,11290
960214,75.33,75.62,75.3,75.35,416,11108
960215,75.45,75.48,75.34,75.37,335,11170
960216,75.4,75.56,75.01,75.44,377,11280
960220,75.51,75.51,75.16,75.2,1122,11086
960221,74.98,75.25,74.85,74.98,1643,11105
960222,75.15,75.55,75.1,75.48,1093,10932
960223,75.48,75.75,75.44,75.63,1142,11608
960226,75.97,76,75.45,75.65,1938,12019
960227,75.8,75.9,75.7,75.77,530,12196
960228,75.89,76.38,75.89,76.26,2489,13242
960229,76.42,76.5,76.27,76.39,2453,13771
960301,76.1,76.23,75.97,76.09,1232,13859
960304,75.82,76.07,75.8,75.98,1424,13397
960305,75.82,76.09,75.75,75.97,1000,13245
960306,76.1,76.32,76.1,76.31,429,13273
960307,76.42,76.42,76.13,76.14,1120,12892
960308,76.69,76.9,76.62,76.75,1523,12497
960311,76.66,76.88,76.64,76.85,5845,11479
960312,76.98,77.18,76.94,76.99,2710,10532
960313,77.43,77.45,77.29,77.29,1188,10327
960314,77.48,77.5,77.34,77.34,2382,8780
960315,77.39,77.45,77.28,77.34,384,8464
960318,77.32,77.42,77.32,77.38,573,8241
