"Date","Open","High","Low","Close","Volume","OpenInt"
08/02/1996,68920.0,68920.0,68920.0,68920.0,0,0
08/05/1996,68420.0,68420.0,68420.0,68420.0,0,0
08/06/1996,67790.0,67790.0,67790.0,67790.0,0,0
08/07/1996,67930.0,67930.0,67930.0,67930.0,0,0
08/08/1996,68490.0,68490.0,68490.0,68490.0,0,0
08/09/1996,67890.0,67890.0,67890.0,67890.0,0,0
08/12/1996,68130.0,68130.0,68130.0,68130.0,0,0
08/13/1996,68310.0,68310.0,68310.0,68310.0,0,0
08/14/1996,67920.0,67920.0,67920.0,67920.0,0,0
08/15/1996,68340.0,68340.0,68340.0,68340.0,0,0
08/16/1996,68240.0,68240.0,68240.0,68240.0,0,0
08/19/1996,69650.0,69650.0,69650.0,69650.0,0,0
08/20/1996,69650.0,69650.0,69650.0,69650.0,0,0
08/21/1996,69140.0,69140.0,69140.0,69140.0,0,0
08/22/1996,69390.0,69390.0,69390.0,69390.0,0,0
08/23/1996,68800.0,68800.0,68800.0,68800.0,0,0
08/26/1996,69300.0,69300.0,69300.0,69300.0,0,0
08/27/1996,69140.0,69140.0,69140.0,69140.0,0,0
08/28/1996,68780.0,68780.0,68780.0,68780.0,0,0
08/29/1996,68800.0,68800.0,68800.0,68800.0,0,0
08/30/1996,69130.0,69130.0,69130.0,69130.0,0,0
09/03/1996,68720.0,68720.0,68720.0,68720.0,0,0
09/04/1996,68950.0,68950.0,68950.0,68950.0,0,0
09/05/1996,68580.0,68580.0,68580.0,68580.0,0,0
09/06/1996,68220.0,68220.0,68220.0,68220.0,0,0
09/09/1996,67920.0,67920.0,67920.0,67920.0,0,0
09/10/1996,68070.0,68070.0,68070.0,68070.0,0,0
09/11/1996,68040.0,68040.0,68040.0,68040.0,0,0
09/12/1996,66980.0,66980.0,66980.0,66980.0,0,0
09/13/1996,66740.0,66740.0,66740.0,66740.0,0,0
09/16/1996,67060.0,67060.0,67060.0,67060.0,0,0
09/17/1996,66990.0,66990.0,66990.0,66990.0,0,0
09/18/1996,67190.0,67190.0,67190.0,67190.0,0,0
09/19/1996,65570.0,65570.0,65570.0,65570.0,0,0
09/20/1996,64730.0,64730.0,64730.0,64730.0,0,0
09/23/1996,65050.0,65050.0,65050.0,65050.0,0,0
09/24/1996,65450.0,65450.0,65450.0,65450.0,0,0
09/25/1996,65270.0,65270.0,65270.0,65270.0,0,0
09/26/1996,64830.0,64830.0,64830.0,64830.0,0,0
09/27/1996,65160.0,65160.0,65160.0,65160.0,0,0
09/30/1996,64730.0,64730.0,64730.0,64730.0,0,0
10/01/1996,65010.0,65010.0,65010.0,65010.0,0,0
10/02/1996,65180.0,65180.0,65180.0,65180.0,0,0
10/03/1996,64960.0,64960.0,64960.0,64960.0,0,0
10/04/1996,64490.0,64490.0,64490.0,64490.0,0,0
10/07/1996,64600.0,64600.0,64600.0,64600.0,0,0
10/08/1996,64680.0,64680.0,64680.0,64680.0,0,0
10/09/1996,65450.0,65450.0,65450.0,65450.0,0,0
10/10/1996,66400.0,66400.0,66400.0,66400.0,0,0
10/11/1996,66350.0,66350.0,66350.0,66350.0,0,0
10/14/1996,66120.0,66120.0,66120.0,66120.0,0,0
10/15/1996,66210.0,66210.0,66210.0,66210.0,0,0
10/16/1996,65960.0,65960.0,65960.0,65960.0,0,0
10/17/1996,64540.0,64540.0,64540.0,64540.0,0,0
10/18/1996,64490.0,64490.0,64490.0,64490.0,0,0
10/21/1996,64890.0,64890.0,64890.0,64890.0,0,0
10/22/1996,65430.0,65430.0,65430.0,65430.0,0,0
10/23/1996,65410.0,65410.0,65410.0,65410.0,0,0
10/24/1996,64700.0,64700.0,64700.0,64700.0,0,0
10/25/1996,64770.0,64770.0,64770.0,64770.0,0,0
10/28/1996,64820.0,64820.0,64820.0,64820.0,0,0
10/29/1996,63180.0,63180.0,63180.0,63180.0,0,0
10/30/1996,63260.0,63260.0,63260.0,63260.0,0,0
10/31/1996,63050.0,63050.0,63050.0,63050.0,0,0
11/01/1996,62940.0,62940.0,62940.0,62940.0,0,0
11/04/1996,63040.0,63040.0,63040.0,63040.0,0,0
11/05/1996,62880.0,62880.0,62880.0,62880.0,0,0
11/06/1996,61860.0,61860.0,61860.0,61860.0,0,0
11/07/1996,63110.0,63110.0,63110.0,63110.0,0,0
11/08/1996,63240.0,63240.0,63240.0,63240.0,0,0
11/11/1996,63810.0,63810.0,63810.0,63810.0,0,0
11/12/1996,63650.0,63650.0,63650.0,63650.0,0,0
11/13/1996,63900.0,63900.0,63900.0,63900.0,0,0
11/14/1996,63330.0,63330.0,63330.0,63330.0,0,0
11/15/1996,64340.0,64340.0,64340.0,64340.0,0,0
11/18/1996,63790.0,63790.0,63790.0,63790.0,0,0
11/19/1996,63670.0,63670.0,63670.0,63670.0,0,0
11/20/1996,64410.0,64410.0,64410.0,64410.0,0,0
11/21/1996,63310.0,63310.0,63310.0,63310.0,0,0
11/22/1996,63260.0,63260.0,63260.0,63260.0,0,0
11/25/1996,61790.0,61790.0,61790.0,61790.0,0,0
11/26/1996,61750.0,61750.0,61750.0,61750.0,0,0
11/27/1996,61740.0,61740.0,61740.0,61740.0,0,0
12/02/1996,61290.0,61290.0,61290.0,61290.0,0,0
12/03/1996,61970.0,61970.0,61970.0,61970.0,0,0
12/04/1996,62160.0,62160.0,62160.0,62160.0,0,0
12/05/1996,62460.0,62460.0,62460.0,62460.0,0,0
12/06/1996,61590.0,61590.0,61590.0,61590.0,0,0
12/09/1996,61610.0,61610.0,61610.0,61610.0,0,0
12/10/1996,62260.0,62260.0,62260.0,62260.0,0,0
12/11/1996,62150.0,62150.0,62150.0,62150.0,0,0
12/12/1996,62150.0,62150.0,62150.0,62150.0,0,0
12/13/1996,62050.0,62050.0,62050.0,62050.0,0,0
12/16/1996,61900.0,61900.0,61900.0,61900.0,0,0
12/17/1996,62630.0,62630.0,62630.0,62630.0,0,0
12/18/1996,62630.0,62630.0,62630.0,62630.0,0,0
12/19/1996,62570.0,62570.0,62570.0,62570.0,0,0
12/20/1996,62300.0,62300.0,62300.0,62300.0,0,0
12/23/1996,62350.0,62350.0,62350.0,62350.0,0,0
12/24/1996,62450.0,62450.0,62450.0,62450.0,0,0
12/26/1996,63000.0,63000.0,63000.0,63000.0,0,0
12/27/1996,62850.0,62850.0,62850.0,62850.0,0,0
12/30/1996,61870.0,61870.0,61870.0,61870.0,0,0
12/31/1996,61590.0,61590.0,61590.0,61590.0,0,0
01/02/1997,61040.0,61040.0,61040.0,61040.0,0,0
01/03/1997,60520.0,60520.0,60520.0,60520.0,0,0
01/06/1997,60190.0,60190.0,60190.0,60190.0,0,0
01/07/1997,60810.0,60810.0,60810.0,60810.0,0,0
01/08/1997,60300.0,60300.0,60300.0,60300.0,0,0
01/09/1997,61060.0,61060.0,61060.0,61060.0,0,0
01/10/1997,61490.0,61490.0,61490.0,61490.0,0,0
01/13/1997,61010.0,61010.0,61010.0,61010.0,0,0
01/14/1997,60590.0,60590.0,60590.0,60590.0,0,0
01/15/1997,60690.0,60690.0,60690.0,60690.0,0,0
01/16/1997,61290.0,61290.0,61290.0,61290.0,0,0
01/17/1997,61610.0,61610.0,61610.0,61610.0,0,0
01/20/1997,61170.0,61170.0,61170.0,61170.0,0,0
01/21/1997,60970.0,60970.0,60970.0,60970.0,0,0
01/22/1997,61030.0,61030.0,61030.0,61030.0,0,0
01/23/1997,62700.0,62700.0,62700.0,62700.0,0,0
01/24/1997,63810.0,63810.0,63810.0,63810.0,0,0
01/27/1997,64510.0,64510.0,64510.0,64510.0,0,0
01/28/1997,63600.0,63600.0,63600.0,63600.0,0,0
01/29/1997,63370.0,63370.0,63370.0,63370.0,0,0
01/30/1997,63520.0,63520.0,63520.0,63520.0,0,0
01/31/1997,63120.0,63120.0,63120.0,63120.0,0,0
02/03/1997,62930.0,62930.0,62930.0,62930.0,0,0
02/04/1997,62480.0,62480.0,62480.0,62480.0,0,0
02/05/1997,62640.0,62640.0,62640.0,62640.0,0,0
02/06/1997,62480.0,62480.0,62480.0,62480.0,0,0
02/07/1997,63350.0,63350.0,63350.0,63350.0,0,0
02/10/1997,63540.0,63540.0,63540.0,63540.0,0,0
02/11/1997,62280.0,62280.0,62280.0,62280.0,0,0
02/12/1997,65860.0,65860.0,65860.0,65860.0,0,0
02/13/1997,65910.0,65910.0,65910.0,65910.0,0,0
02/14/1997,66950.0,66950.0,66950.0,66950.0,0,0
02/18/1997,66340.0,66340.0,66340.0,66340.0,0,0
02/19/1997,66020.0,66020.0,66020.0,66020.0,0,0
02/20/1997,66450.0,66450.0,66450.0,66450.0,0,0
02/21/1997,66030.0,66030.0,66030.0,66030.0,0,0
02/24/1997,66150.0,66150.0,66150.0,66150.0,0,0
02/25/1997,66450.0,66450.0,66450.0,66450.0,0,0
02/26/1997,66240.0,66340.0,66240.0,66340.0,0,0
02/27/1997,66870.0,66870.0,66870.0,66870.0,0,0
02/28/1997,67560.0,67560.0,67560.0,67560.0,0,0
03/03/1997,67400.0,67400.0,67400.0,67400.0,0,0
03/04/1997,66530.0,66530.0,66530.0,66530.0,0,0
03/05/1997,66280.0,66280.0,66280.0,66280.0,0,0
03/06/1997,66130.0,66130.0,66130.0,66130.0,0,0
03/07/1997,65670.0,65670.0,65670.0,65670.0,0,0
03/10/1997,66650.0,66650.0,66650.0,66650.0,0,0
03/11/1997,66770.0,66770.0,66770.0,66770.0,0,0
03/12/1997,66200.0,66200.0,66200.0,66200.0,0,0
03/13/1997,67060.0,67060.0,67060.0,67060.0,0,0
03/14/1997,66790.0,66790.0,66790.0,66790.0,0,0
03/17/1997,66360.0,66360.0,66360.0,66360.0,0,0
03/18/1997,65980.0,65980.0,65980.0,65980.0,0,0
03/19/1997,66380.0,66400.0,66380.0,66400.0,0,0
03/20/1997,66260.0,66260.0,66260.0,66260.0,0,0
03/21/1997,65710.0,65710.0,65710.0,65710.0,0,0
03/24/1997,66030.0,66030.0,66030.0,66030.0,0,0
03/25/1997,65250.0,65250.0,65250.0,65250.0,0,0
03/26/1997,65730.0,65730.0,65730.0,65730.0,0,0
03/27/1997,65630.0,65630.0,65630.0,65630.0,0,0
03/31/1997,64900.0,64900.0,64900.0,64900.0,0,0
04/01/1997,64050.0,64050.0,64050.0,64050.0,0,0
04/02/1997,62700.0,62700.0,62700.0,62700.0,0,0
04/03/1997,61070.0,61070.0,61070.0,61070.0,0,0
04/04/1997,61250.0,61250.0,61250.0,61250.0,0,0
04/07/1997,61740.0,61740.0,61740.0,61740.0,0,0
04/08/1997,61630.0,61630.0,61630.0,61630.0,0,0
04/09/1997,61580.0,61580.0,61580.0,61580.0,0,0
04/10/1997,61650.0,61650.0,61650.0,61650.0,0,0
04/11/1997,61050.0,61050.0,61050.0,61050.0,0,0
04/14/1997,61060.0,61060.0,61060.0,61060.0,0,0
04/15/1997,60900.0,60900.0,60900.0,60900.0,0,0
04/16/1997,61570.0,61570.0,61570.0,61570.0,0,0
04/17/1997,60780.0,60780.0,60780.0,60780.0,0,0
04/18/1997,60960.0,60960.0,60960.0,60960.0,0,0
04/21/1997,61190.0,61190.0,61190.0,61190.0,0,0
04/22/1997,60990.0,60990.0,60990.0,60990.0,0,0
04/23/1997,61090.0,61090.0,61090.0,61090.0,0,0
04/24/1997,60790.0,60790.0,60790.0,60790.0,0,0
04/25/1997,61100.0,61100.0,61100.0,61100.0,0,0
04/28/1997,59980.0,59980.0,59980.0,59980.0,0,0
04/29/1997,60010.0,60010.0,60010.0,60010.0,0,0
04/30/1997,60240.0,60240.0,60240.0,60240.0,0,0
05/01/1997,61030.0,61030.0,61030.0,61030.0,0,0
05/02/1997,60640.0,60640.0,60640.0,60640.0,0,0
05/05/1997,61050.0,61050.0,61050.0,61050.0,0,0
05/06/1997,60550.0,60550.0,60550.0,60550.0,0,0
05/07/1997,60810.0,60810.0,60810.0,60810.0,0,0
05/08/1997,61840.0,61840.0,61840.0,61840.0,0,0
05/09/1997,62100.0,62100.0,62100.0,62100.0,0,0
05/12/1997,61650.0,61650.0,61650.0,61650.0,0,0
05/13/1997,62110.0,62110.0,62110.0,62110.0,0,0
05/14/1997,61690.0,61690.0,61690.0,61690.0,0,0
05/15/1997,61930.0,61930.0,61930.0,61930.0,0,0
05/16/1997,60240.0,60240.0,60240.0,60240.0,0,0
05/19/1997,60390.0,60390.0,60390.0,60390.0,0,0
05/20/1997,60390.0,60390.0,60390.0,60390.0,0,0
05/21/1997,60210.0,60210.0,60210.0,60210.0,0,0
05/22/1997,60040.0,60040.0,60040.0,60040.0,0,0
05/23/1997,60640.0,60640.0,60640.0,60640.0,0,0
05/27/1997,60740.0,60740.0,60740.0,60740.0,0,0
05/28/1997,60560.0,60560.0,60560.0,60560.0,0,0
05/29/1997,61410.0,61410.0,61410.0,61410.0,0,0
05/30/1997,59790.0,59790.0,59790.0,59790.0,0,0
06/02/1997,59700.0,59700.0,59700.0,59700.0,0,0
06/03/1997,59700.0,59700.0,59700.0,59700.0,0,0
06/04/1997,58670.0,58670.0,58670.0,58670.0,0,0
06/05/1997,59320.0,59320.0,59320.0,59320.0,0,0
06/06/1997,59750.0,59750.0,59750.0,59750.0,0,0
06/09/1997,59520.0,59520.0,59520.0,59520.0,0,0
06/10/1997,59650.0,59650.0,59650.0,59650.0,0,0
06/11/1997,59660.0,59660.0,59660.0,59660.0,0,0
06/12/1997,59290.0,59290.0,59290.0,59290.0,0,0
06/13/1997,58550.0,58550.0,58550.0,58550.0,0,0
06/16/1997,58670.0,58670.0,58670.0,58670.0,0,0
06/17/1997,59600.0,59600.0,59600.0,59600.0,0,0
06/18/1997,58600.0,58600.0,58600.0,58600.0,0,0
06/19/1997,59320.0,59320.0,59320.0,59320.0,0,0
06/20/1997,58890.0,58890.0,58890.0,58890.0,0,0
06/23/1997,60020.0,60020.0,60020.0,60020.0,0,0
06/24/1997,59250.0,59250.0,59250.0,59250.0,0,0
06/25/1997,59440.0,59440.0,59440.0,59440.0,0,0
06/26/1997,59290.0,59290.0,59290.0,59290.0,0,0
06/27/1997,58640.0,58640.0,58640.0,58640.0,0,0
06/30/1997,57860.0,57860.0,57860.0,57860.0,0,0
07/01/1997,58160.0,58160.0,58160.0,58160.0,0,0
07/02/1997,57830.0,57830.0,57830.0,57830.0,0,0
07/03/1997,57000.0,57000.0,57000.0,57000.0,0,0
07/07/1997,53700.0,53700.0,53700.0,53700.0,0,0
07/08/1997,54180.0,54180.0,54180.0,54180.0,0,0
07/09/1997,53980.0,53980.0,53980.0,53980.0,0,0
07/10/1997,54630.0,54630.0,54630.0,54630.0,0,0
07/11/1997,54410.0,54410.0,54410.0,54410.0,0,0
07/14/1997,53550.0,53550.0,53550.0,53550.0,0,0
07/15/1997,53770.0,53770.0,53770.0,53770.0,0,0
07/16/1997,52620.0,52620.0,52620.0,52620.0,0,0
07/17/1997,53240.0,53240.0,53240.0,53240.0,0,0
07/18/1997,53490.0,53490.0,53490.0,53490.0,0,0
07/21/1997,53370.0,53370.0,53370.0,53370.0,0,0
07/22/1997,53820.0,53820.0,53820.0,53820.0,0,0
07/23/1997,53730.0,53730.0,53730.0,53730.0,0,0
07/24/1997,53600.0,53600.0,53600.0,53600.0,0,0
07/25/1997,53640.0,53640.0,53640.0,53640.0,0,0
07/28/1997,54020.0,54020.0,54020.0,54020.0,0,0
07/29/1997,53700.0,53700.0,53700.0,53700.0,0,0
07/30/1997,54180.0,54180.0,54180.0,54180.0,0,0
07/31/1997,55410.0,55410.0,55410.0,55410.0,0,0
08/01/1997,55340.0,55340.0,55340.0,55340.0,0,0
08/04/1997,55710.0,55710.0,55710.0,55710.0,0,0
08/05/1997,53570.0,53570.0,53570.0,53570.0,0,0
08/06/1997,53750.0,53750.0,53750.0,53750.0,0,0
08/07/1997,54180.0,54180.0,54180.0,54180.0,0,0
08/08/1997,54340.0,54340.0,54340.0,54340.0,0,0
08/11/1997,54990.0,54990.0,54990.0,54990.0,0,0
08/12/1997,54840.0,54840.0,54840.0,54840.0,0,0
08/13/1997,55690.0,55690.0,55690.0,55690.0,0,0
08/14/1997,54620.0,54620.0,54620.0,54620.0,0,0
08/15/1997,56280.0,56280.0,56280.0,56280.0,0,0
08/18/1997,55700.0,55700.0,55700.0,55700.0,0,0
08/19/1997,55800.0,55800.0,55800.0,55800.0,0,0
08/20/1997,55730.0,55730.0,55730.0,55730.0,0,0
08/21/1997,56020.0,56020.0,56020.0,56020.0,0,0
08/22/1997,58050.0,58050.0,58050.0,58050.0,0,0
08/25/1997,57470.0,57470.0,57470.0,57470.0,0,0
08/26/1997,57810.0,57810.0,57810.0,57810.0,0,0
08/27/1997,57570.0,57570.0,57570.0,57570.0,0,0
08/28/1997,57600.0,57600.0,57600.0,57600.0,0,0
08/29/1997,57290.0,57290.0,57290.0,57290.0,0,0
09/02/1997,57090.0,57090.0,57090.0,57090.0,0,0
09/03/1997,57490.0,57490.0,57490.0,57490.0,0,0
09/04/1997,57310.0,57310.0,57310.0,57310.0,0,0
09/05/1997,57560.0,57560.0,57560.0,57560.0,0,0
09/08/1997,57280.0,57280.0,57280.0,57280.0,0,0
09/09/1997,57860.0,57860.0,57860.0,57860.0,0,0
09/10/1997,57770.0,57770.0,57770.0,57770.0,0,0
09/11/1997,57940.0,57940.0,57940.0,57940.0,0,0
09/12/1997,58040.0,58040.0,58040.0,58040.0,0,0
09/15/1997,57860.0,57860.0,57860.0,57860.0,0,0
09/16/1997,57400.0,57400.0,56220.0,56220.0,1,1
09/17/1997,55520.0,55520.0,55520.0,55520.0,0,1
09/18/1997,55470.0,55470.0,55470.0,55470.0,0,1
09/19/1997,55720.0,55720.0,55720.0,55720.0,0,1
09/22/1997,55500.0,55500.0,55500.0,55500.0,0,1
09/23/1997,55790.0,55790.0,55790.0,55790.0,0,1
09/24/1997,56470.0,56470.0,56470.0,56470.0,0,1
09/25/1997,56770.0,56770.0,56770.0,56770.0,0,1
09/26/1997,57190.0,57190.0,57190.0,57190.0,0,1
09/29/1997,60070.0,60070.0,60070.0,60070.0,0,1
09/30/1997,61340.0,61340.0,61340.0,61340.0,0,1
10/01/1997,60820.0,60820.0,60820.0,60820.0,0,1
10/02/1997,59820.0,59820.0,59820.0,59820.0,0,1
10/03/1997,61150.0,61150.0,61150.0,61150.0,0,1
10/06/1997,60040.0,60040.0,60040.0,60040.0,0,1
10/07/1997,60070.0,60070.0,60070.0,60070.0,0,1
10/08/1997,60030.0,60030.0,60030.0,60030.0,0,1
10/09/1997,58850.0,58850.0,58850.0,58850.0,0,1
10/10/1997,59550.0,59550.0,59550.0,59550.0,0,1
10/13/1997,59070.0,59070.0,59070.0,59070.0,0,1
10/14/1997,58400.0,58400.0,58400.0,58400.0,0,1
10/15/1997,58270.0,58270.0,58270.0,58270.0,0,1
10/16/1997,56550.0,56550.0,56550.0,56550.0,0,1
10/17/1997,57030.0,57030.0,57030.0,57030.0,0,1
10/20/1997,56810.0,56810.0,56810.0,56810.0,0,1
10/21/1997,57210.0,57210.0,57210.0,57210.0,0,1
10/22/1997,57960.0,57960.0,57960.0,57960.0,0,1
10/23/1997,56880.0,56880.0,56880.0,56880.0,0,1
10/24/1997,55350.0,55350.0,55350.0,55350.0,0,1
10/27/1997,55300.0,55300.0,55300.0,55300.0,0,1
10/28/1997,55420.0,55420.0,55420.0,55420.0,0,1
10/29/1997,55320.0,55320.0,55320.0,55320.0,0,1
10/30/1997,56040.0,56040.0,56040.0,56040.0,0,1
10/31/1997,54750.0,54750.0,54750.0,54750.0,0,1
11/03/1997,55840.0,55840.0,55840.0,55840.0,0,1
11/04/1997,55320.0,55320.0,55320.0,55320.0,0,1
11/05/1997,55620.0,55620.0,55620.0,55620.0,0,1
11/06/1997,55900.0,55900.0,55900.0,55900.0,0,1
11/07/1997,55410.0,55410.0,55410.0,55410.0,1,1
11/10/1997,55360.0,55360.0,55360.0,55360.0,0,1
11/11/1997,55630.0,55630.0,55630.0,55630.0,0,1
11/12/1997,55560.0,55560.0,55560.0,55560.0,0,1
11/13/1997,57900.0,57900.0,57900.0,57900.0,0,1
11/14/1997,57360.0,57360.0,57360.0,57360.0,0,1
11/17/1997,57700.0,57700.0,57700.0,57700.0,0,1
11/18/1997,57530.0,57530.0,57530.0,57530.0,0,1
11/19/1997,58700.0,58700.0,58700.0,58700.0,0,1
11/20/1997,58850.0,58850.0,58850.0,58850.0,0,1
11/21/1997,60600.0,60600.0,60600.0,60600.0,0,1
11/24/1997,60150.0,60150.0,60150.0,60150.0,0,1
11/25/1997,58530.0,58530.0,58530.0,58530.0,0,1
11/26/1997,58630.0,58630.0,58630.0,58630.0,0,1
12/01/1997,59100.0,59100.0,59100.0,59100.0,0,1
12/02/1997,59050.0,59050.0,59050.0,59050.0,0,1
12/03/1997,58600.0,58600.0,58600.0,58600.0,0,1
12/04/1997,58420.0,58420.0,58420.0,58420.0,0,1
12/05/1997,59450.0,59450.0,59450.0,59450.0,0,1
12/08/1997,58190.0,58190.0,58190.0,58190.0,0,1
12/09/1997,57620.0,57620.0,57620.0,57620.0,0,1
12/10/1997,60990.0,60990.0,60990.0,60990.0,0,1
12/11/1997,61350.0,61350.0,61350.0,61350.0,0,1
12/12/1997,60510.0,60510.0,60510.0,60510.0,0,1
12/15/1997,60280.0,60280.0,60280.0,60280.0,0,1
12/16/1997,60880.0,60880.0,60880.0,60880.0,0,1
12/17/1997,62370.0,62370.0,61000.0,61000.0,0,1
12/18/1997,62060.0,62060.0,62060.0,62060.0,0,1
12/19/1997,61840.0,61840.0,61840.0,61840.0,0,1
12/22/1997,61520.0,61520.0,61520.0,61520.0,0,1
12/23/1997,63700.0,63700.0,63700.0,63700.0,0,1
12/24/1997,65010.0,65010.0,65010.0,65010.0,0,1
12/26/1997,64730.0,64730.0,64730.0,64730.0,0,1
12/29/1997,64580.0,64580.0,64580.0,64580.0,0,1
12/30/1997,63530.0,63530.0,63530.0,63530.0,0,1
12/31/1997,61810.0,61810.0,61810.0,61810.0,0,1
01/02/1998,61480.0,61480.0,61480.0,61480.0,0,1
01/05/1998,61110.0,61110.0,61110.0,61110.0,0,1
01/06/1998,63400.0,63400.0,62030.0,62030.0,0,1
01/07/1998,61260.0,61260.0,61260.0,61260.0,0,1
01/08/1998,58910.0,58910.0,58910.0,58910.0,0,1
01/09/1998,57560.0,57560.0,57560.0,57560.0,0,1
01/12/1998,55980.0,55980.0,55980.0,55980.0,0,1
01/13/1998,58130.0,58130.0,58130.0,58130.0,0,1
01/14/1998,58160.0,58160.0,58160.0,58160.0,0,1
01/15/1998,59160.0,59160.0,59160.0,59160.0,0,1
01/16/1998,58810.0,58810.0,58810.0,58810.0,0,1
01/20/1998,57760.0,57760.0,57760.0,57760.0,0,1
01/21/1998,59240.0,59240.0,59240.0,59240.0,0,1
01/22/1998,58350.0,58350.0,58350.0,58350.0,0,1
01/23/1998,60060.0,60060.0,60060.0,60060.0,0,1
01/26/1998,60370.0,60370.0,60370.0,60370.0,0,1
01/27/1998,62020.0,62020.0,62020.0,62020.0,0,1
01/28/1998,61570.0,61570.0,61570.0,61570.0,0,1
01/29/1998,61100.0,61100.0,61100.0,61100.0,0,1
01/30/1998,61200.0,61200.0,61200.0,61200.0,0,1
02/02/1998,62040.0,62040.0,62040.0,62040.0,0,1
02/03/1998,64370.0,64370.0,64370.0,64370.0,0,1
02/04/1998,67820.0,67820.0,67820.0,67820.0,0,1
02/05/1998,68850.0,68850.0,68850.0,68850.0,0,1
02/06/1998,67000.0,67000.0,67000.0,67000.0,0,1
02/09/1998,66450.0,66450.0,66450.0,66450.0,0,1
02/10/1998,68600.0,68600.0,68600.0,68600.0,0,1
02/11/1998,68030.0,68030.0,68030.0,68030.0,0,1
02/12/1998,68350.0,68350.0,68350.0,68350.0,0,1
02/13/1998,69250.0,69250.0,69250.0,69250.0,0,1
02/17/1998,66070.0,66070.0,66070.0,66070.0,0,1
02/18/1998,64130.0,64130.0,64130.0,64130.0,0,1
02/19/1998,67670.0,67670.0,67370.0,67370.0,0,1
02/20/1998,65230.0,65230.0,65230.0,65230.0,0,1
02/23/1998,66410.0,66410.0,66410.0,66410.0,0,1
02/24/1998,65440.0,65440.0,65440.0,65440.0,0,1
02/25/1998,62560.0,62560.0,62560.0,62560.0,0,1
02/26/1998,64070.0,64070.0,64070.0,64070.0,0,1
02/27/1998,64950.0,64950.0,64950.0,64950.0,0,1
03/02/1998,65530.0,65530.0,65530.0,65530.0,0,1
03/03/1998,63550.0,63550.0,63550.0,63550.0,0,1
03/04/1998,63200.0,63200.0,63200.0,63200.0,0,1
03/05/1998,63350.0,63350.0,63350.0,63350.0,0,1
03/06/1998,60570.0,60570.0,60570.0,60570.0,0,1
03/09/1998,60860.0,60860.0,60860.0,60860.0,0,1
03/10/1998,62760.0,62760.0,62760.0,62760.0,0,1
03/11/1998,61060.0,61060.0,61060.0,61060.0,0,1
03/12/1998,61660.0,61660.0,61660.0,61660.0,0,1
03/13/1998,61160.0,61160.0,61160.0,61160.0,0,1
03/16/1998,60850.0,60850.0,60850.0,60850.0,0,1
03/17/1998,58150.0,58150.0,58150.0,58150.0,0,1
03/18/1998,58990.0,58990.0,58990.0,58990.0,0,1
03/19/1998,58570.0,58570.0,58570.0,58570.0,0,1
03/20/1998,60420.0,60420.0,60420.0,60420.0,0,1
03/23/1998,62470.0,62470.0,62470.0,62470.0,0,1
03/24/1998,61160.0,61160.0,61160.0,61160.0,0,1
03/25/1998,59910.0,59910.0,59910.0,59910.0,0,1
03/26/1998,61610.0,61610.0,61610.0,61610.0,0,1
03/27/1998,61180.0,61180.0,61180.0,61180.0,0,1
03/30/1998,61050.0,61050.0,61050.0,61050.0,0,1
03/31/1998,62860.0,62860.0,62860.0,62860.0,0,1
04/01/1998,61570.0,61570.0,61570.0,61570.0,0,1
04/02/1998,63600.0,63600.0,63600.0,63600.0,0,1
04/03/1998,63830.0,63830.0,63830.0,63830.0,0,1
04/06/1998,61850.0,61850.0,61850.0,61850.0,0,1
04/07/1998,61150.0,61150.0,61150.0,61150.0,0,1
04/08/1998,61010.0,61010.0,61010.0,61010.0,0,1
04/09/1998,61080.0,61080.0,61080.0,61080.0,0,1
04/13/1998,60700.0,60700.0,60700.0,60700.0,0,0
04/14/1998,59880.0,59880.0,59880.0,59880.0,0,1
04/15/1998,60110.0,60110.0,60110.0,60110.0,0,1
04/16/1998,60000.0,60000.0,60000.0,60000.0,0,1
04/17/1998,59570.0,59570.0,59570.0,59570.0,0,1
04/20/1998,59500.0,59500.0,59500.0,59500.0,0,1
04/21/1998,60390.0,60390.0,60390.0,60390.0,0,1
04/22/1998,60140.0,60140.0,60140.0,60140.0,0,1
04/23/1998,60370.0,60370.0,60370.0,60370.0,0,1
04/24/1998,59770.0,59770.0,59770.0,59770.0,0,1
04/27/1998,59030.0,59030.0,59030.0,59030.0,0,1
04/28/1998,58680.0,58680.0,58680.0,58680.0,0,1
04/29/1998,60380.0,60380.0,60380.0,60380.0,0,1
04/30/1998,60880.0,60880.0,60880.0,60880.0,0,1
05/01/1998,60260.0,60260.0,60260.0,60260.0,0,1
05/04/1998,61200.0,61200.0,61200.0,61200.0,0,1
05/05/1998,59800.0,59800.0,59800.0,59800.0,0,1
05/06/1998,58010.0,58010.0,58010.0,58010.0,0,1
05/07/1998,58630.0,58630.0,58630.0,58630.0,0,1
05/08/1998,58450.0,58450.0,58450.0,58450.0,0,1
05/11/1998,56150.0,56150.0,56150.0,56150.0,0,1
05/12/1998,54730.0,54730.0,54730.0,54730.0,0,1
05/13/1998,54650.0,54650.0,54650.0,54650.0,0,1
05/14/1998,54870.0,54870.0,54870.0,54870.0,0,1
05/15/1998,54990.0,54990.0,54990.0,54990.0,0,1
05/18/1998,53390.0,53390.0,53390.0,53390.0,0,1
05/19/1998,52330.0,52330.0,52330.0,52330.0,0,1
05/20/1998,52790.0,52790.0,52790.0,52790.0,0,1
05/21/1998,53120.0,53120.0,53120.0,53120.0,0,1
05/22/1998,52840.0,52840.0,52840.0,52840.0,0,1
05/26/1998,52220.0,52220.0,52220.0,52220.0,0,1
05/27/1998,52850.0,52850.0,52850.0,52850.0,0,1
05/28/1998,51670.0,51670.0,51670.0,51670.0,0,1
05/29/1998,52100.0,52100.0,52100.0,52100.0,0,1
06/01/1998,51800.0,51800.0,51800.0,51800.0,0,1
06/02/1998,52880.0,52880.0,52880.0,52880.0,0,1
06/03/1998,52980.0,52980.0,52980.0,52980.0,0,1
06/04/1998,53450.0,53450.0,53450.0,53450.0,0,1
06/05/1998,53990.0,53990.0,53990.0,53990.0,0,1
06/08/1998,55540.0,55540.0,55540.0,55540.0,0,1
06/09/1998,54520.0,54520.0,54520.0,54520.0,0,1
06/10/1998,54540.0,54540.0,54540.0,54540.0,0,1
06/11/1998,53000.0,53000.0,53000.0,53000.0,0,1
06/12/1998,52510.0,52510.0,52510.0,52510.0,0,1
06/15/1998,52350.0,52350.0,52350.0,52350.0,0,1
06/16/1998,53410.0,53410.0,53410.0,53410.0,0,1
06/17/1998,55250.0,55250.0,55250.0,55250.0,0,1
06/18/1998,54210.0,54210.0,54210.0,54210.0,0,1
06/19/1998,55150.0,55150.0,55150.0,55150.0,0,1
06/22/1998,54920.0,54920.0,54920.0,54920.0,0,1
06/23/1998,55040.0,55040.0,55040.0,55040.0,0,1
06/24/1998,54240.0,54240.0,54240.0,54240.0,0,1
06/25/1998,54960.0,54960.0,54960.0,54960.0,0,1
06/26/1998,54450.0,54450.0,54450.0,54450.0,0,1
06/29/1998,54650.0,54650.0,54650.0,54650.0,0,1
06/30/1998,56520.0,56520.0,56520.0,56520.0,0,1
07/01/1998,55920.0,55920.0,55920.0,55920.0,0,1
07/02/1998,54500.0,54500.0,54500.0,54500.0,0,1
07/06/1998,54580.0,54580.0,54580.0,54580.0,0,1
07/07/1998,55350.0,55350.0,55350.0,55350.0,0,1
07/08/1998,54920.0,54920.0,54920.0,54920.0,0,1
07/09/1998,54820.0,54820.0,54820.0,54820.0,0,1
07/10/1998,54360.0,54360.0,54360.0,54360.0,0,1
07/13/1998,54650.0,54650.0,54650.0,54650.0,0,1
07/14/1998,54590.0,54590.0,54590.0,54590.0,0,1
07/15/1998,54780.0,54780.0,54780.0,54780.0,0,1
07/16/1998,54750.0,54750.0,54750.0,54750.0,0,1
07/17/1998,55110.0,55110.0,55110.0,55110.0,0,1
07/20/1998,56080.0,56080.0,56080.0,56080.0,0,1
07/21/1998,56480.0,56480.0,56480.0,56480.0,0,1
07/22/1998,57480.0,57480.0,57480.0,57480.0,0,1
07/23/1998,58750.0,58750.0,58750.0,58750.0,0,1
07/24/1998,57800.0,57800.0,57800.0,57800.0,0,1
07/27/1998,57240.0,57240.0,57240.0,57240.0,0,1
07/28/1998,57500.0,57500.0,57500.0,57500.0,0,1
07/29/1998,56760.0,56760.0,56760.0,56760.0,0,1
07/30/1998,55960.0,55960.0,55960.0,55960.0,0,1
07/31/1998,55440.0,55440.0,55440.0,55440.0,0,1
08/03/1998,54640.0,54640.0,54640.0,54640.0,0,1
08/04/1998,55590.0,55590.0,55590.0,55590.0,0,1
08/05/1998,55140.0,55140.0,55140.0,55140.0,0,1
08/06/1998,55460.0,55460.0,55460.0,55460.0,0,1
08/07/1998,54010.0,54010.0,54010.0,54010.0,0,1
08/10/1998,54390.0,54390.0,54390.0,54390.0,0,1
08/11/1998,53090.0,53090.0,53090.0,53090.0,0,1
08/12/1998,52760.0,52760.0,52760.0,52760.0,0,1
08/13/1998,53260.0,53260.0,53260.0,53260.0,0,1
08/14/1998,53470.0,53470.0,53470.0,53470.0,0,1
08/17/1998,53070.0,53070.0,53070.0,53070.0,0,1
08/18/1998,52600.0,52600.0,52600.0,52600.0,0,1
08/19/1998,52580.0,52580.0,52580.0,52580.0,0,1
08/20/1998,53360.0,53360.0,53360.0,53360.0,0,1
08/21/1998,53580.0,53580.0,53580.0,53580.0,0,1
08/24/1998,53230.0,53230.0,53230.0,53230.0,0,1
08/25/1998,52210.0,52210.0,52210.0,52210.0,0,1
08/26/1998,51810.0,51810.0,51810.0,51810.0,0,1
08/27/1998,50770.0,50770.0,50770.0,50770.0,0,1
08/28/1998,48710.0,48710.0,48710.0,48710.0,0,1
08/31/1998,48630.0,48630.0,48630.0,48630.0,0,1
09/01/1998,49980.0,49980.0,49980.0,49980.0,0,1
09/02/1998,50480.0,50480.0,50480.0,50480.0,0,1
09/03/1998,51570.0,51570.0,51570.0,51570.0,0,1
09/04/1998,52370.0,52370.0,52370.0,52370.0,0,1
09/08/1998,51200.0,51200.0,51200.0,51200.0,0,1
09/09/1998,52020.0,52020.0,52020.0,52020.0,0,1
09/10/1998,52800.0,52800.0,52800.0,52800.0,0,1
09/11/1998,52530.0,52530.0,52530.0,52530.0,0,1
09/14/1998,51880.0,51880.0,51880.0,51880.0,0,1
09/15/1998,51850.0,51850.0,51850.0,51850.0,0,1
09/16/1998,51600.0,51600.0,51600.0,51600.0,0,1
09/17/1998,52260.0,52260.0,52260.0,52260.0,0,1
09/18/1998,52160.0,52160.0,52160.0,52160.0,0,1
09/21/1998,50960.0,50960.0,50960.0,50960.0,0,1
09/22/1998,51700.0,51700.0,51700.0,51700.0,0,1
09/23/1998,53420.0,53420.0,53420.0,53420.0,0,1
09/24/1998,54440.0,54440.0,54440.0,54440.0,0,1
09/25/1998,54470.0,54470.0,54470.0,54470.0,0,1
09/28/1998,55550.0,55550.0,55550.0,55550.0,0,1
09/29/1998,55750.0,55750.0,55750.0,55750.0,0,1
09/30/1998,55650.0,55650.0,55650.0,55650.0,0,1
10/01/1998,54750.0,54750.0,54750.0,54750.0,0,1
10/02/1998,53970.0,53970.0,53970.0,53970.0,0,0
10/05/1998,52710.0,52710.0,52710.0,52710.0,0,1
10/06/1998,52990.0,52990.0,52990.0,52990.0,0,1
10/07/1998,53540.0,53540.0,53540.0,53540.0,0,1
10/08/1998,52150.0,52150.0,52150.0,52150.0,0,1
10/09/1998,50900.0,50900.0,50900.0,50900.0,0,1
10/12/1998,51500.0,51500.0,51500.0,51500.0,0,1
10/13/1998,50980.0,50980.0,50980.0,50980.0,0,1
10/14/1998,50980.0,50980.0,50980.0,50980.0,0,1
10/15/1998,51630.0,51630.0,51630.0,51630.0,0,1
10/16/1998,52020.0,52020.0,52020.0,52020.0,0,1
10/19/1998,51520.0,51520.0,51520.0,51520.0,0,1
10/20/1998,51520.0,51520.0,51520.0,51520.0,0,1
10/21/1998,51530.0,51530.0,51530.0,51530.0,0,1
10/22/1998,51510.0,51510.0,51510.0,51510.0,0,1
10/23/1998,51460.0,51460.0,51460.0,51460.0,0,1
10/26/1998,52570.0,52570.0,52570.0,52570.0,0,1
10/27/1998,51770.0,51770.0,51770.0,51770.0,0,1
10/28/1998,52570.0,52570.0,52570.0,52570.0,0,1
10/29/1998,52870.0,52870.0,52870.0,52870.0,0,1
10/30/1998,52570.0,52570.0,52570.0,52570.0,0,1
11/02/1998,52440.0,52440.0,52440.0,52440.0,0,1
11/03/1998,51430.0,51430.0,51430.0,51430.0,0,1
11/04/1998,51660.0,51660.0,51660.0,51660.0,0,1
11/05/1998,52750.0,52750.0,52750.0,52750.0,0,1
11/06/1998,52440.0,52440.0,52440.0,52440.0,0,1
11/09/1998,52700.0,52700.0,52700.0,52700.0,0,1
11/10/1998,52320.0,52320.0,52320.0,52320.0,0,1
11/11/1998,52500.0,52500.0,52500.0,52500.0,0,1
11/12/1998,53610.0,53610.0,53610.0,53610.0,0,1
11/13/1998,52650.0,52650.0,52650.0,52650.0,0,1
11/16/1998,51720.0,51720.0,51720.0,51720.0,0,1
11/17/1998,51760.0,51760.0,51760.0,51760.0,0,1
11/18/1998,52240.0,52240.0,52240.0,52240.0,0,1
11/19/1998,52050.0,52050.0,52050.0,52050.0,0,1
11/20/1998,51470.0,51470.0,51470.0,51470.0,0,1
11/23/1998,51890.0,51890.0,51890.0,51890.0,0,1
11/24/1998,51940.0,51940.0,51940.0,51940.0,0,1
11/25/1998,52150.0,52150.0,52150.0,52150.0,0,1
11/30/1998,51360.0,51360.0,51360.0,51360.0,0,1
12/01/1998,51510.0,51510.0,51510.0,51510.0,0,1
12/02/1998,49560.0,49560.0,49560.0,49560.0,0,1
12/03/1998,50310.0,50310.0,50310.0,50310.0,0,1
12/04/1998,50210.0,50210.0,50210.0,50210.0,0,1
12/07/1998,50380.0,50380.0,50380.0,50380.0,1,1
12/08/1998,50290.0,50290.0,50290.0,50290.0,0,1
12/09/1998,50100.0,50100.0,50100.0,50100.0,0,1
12/10/1998,50290.0,50290.0,50290.0,50290.0,0,1
12/11/1998,50260.0,50260.0,50260.0,50260.0,0,1
12/14/1998,51160.0,51160.0,51160.0,51160.0,0,1
12/15/1998,51160.0,51160.0,51160.0,51160.0,0,1
12/16/1998,52990.0,52990.0,52990.0,52990.0,0,1
12/17/1998,51880.0,51880.0,51880.0,51880.0,0,1
12/18/1998,51750.0,51750.0,51750.0,51750.0,0,1
12/21/1998,51350.0,51350.0,51350.0,51350.0,0,1
12/22/1998,51460.0,51460.0,51460.0,51460.0,0,1
12/23/1998,51310.0,51310.0,51310.0,51310.0,0,1
12/24/1998,51580.0,51580.0,51580.0,51580.0,0,0
12/28/1998,51630.0,51630.0,51630.0,51630.0,0,1
12/29/1998,52480.0,52480.0,52480.0,52480.0,0,1
12/30/1998,52490.0,52490.0,52490.0,52490.0,0,1
12/31/1998,52340.0,52340.0,52340.0,52340.0,0,0
01/04/1999,51550.0,51550.0,51550.0,51550.0,0,1
01/05/1999,52620.0,52620.0,52620.0,52620.0,0,1
01/06/1999,53790.0,53790.0,53790.0,53790.0,0,1
01/07/1999,54650.0,54650.0,54650.0,54650.0,0,1
01/08/1999,55170.0,55170.0,55170.0,55170.0,0,1
01/11/1999,55880.0,55880.0,55880.0,55880.0,0,1
01/12/1999,54800.0,54800.0,54800.0,54800.0,0,1
01/13/1999,54260.0,54260.0,54260.0,54260.0,0,1
01/14/1999,54060.0,54060.0,54060.0,54060.0,0,1
01/15/1999,53630.0,53630.0,53630.0,53630.0,0,0
01/19/1999,53660.0,53660.0,53660.0,53660.0,0,0
01/20/1999,53960.0,53960.0,53960.0,53960.0,0,0
01/21/1999,53560.0,53560.0,53560.0,53560.0,0,0
01/22/1999,53280.0,53280.0,53280.0,53280.0,0,0
01/25/1999,54140.0,54140.0,54140.0,54140.0,0,0
01/26/1999,53450.0,53450.0,53450.0,53450.0,0,0
01/27/1999,53330.0,53330.0,53330.0,53330.0,0,0
01/28/1999,54680.0,54680.0,54680.0,54680.0,0,1
01/29/1999,54230.0,54230.0,54230.0,54230.0,0,1
02/01/1999,54630.0,54630.0,54630.0,54630.0,0,1
02/02/1999,56020.0,56020.0,56020.0,56020.0,0,1
02/03/1999,56240.0,56240.0,56240.0,56240.0,0,1
02/04/1999,58290.0,58290.0,58290.0,58290.0,0,1
02/05/1999,57230.0,57230.0,57230.0,57230.0,0,1
02/08/1999,57000.0,57000.0,57000.0,57000.0,0,1
02/09/1999,55920.0,55920.0,55920.0,55920.0,0,1
02/10/1999,55770.0,55770.0,55770.0,55770.0,0,1
02/11/1999,56530.0,56530.0,56530.0,56530.0,0,1
02/12/1999,56110.0,56110.0,56110.0,56110.0,0,1
02/16/1999,54130.0,54130.0,54130.0,54130.0,0,1
02/17/1999,53870.0,53870.0,53870.0,53870.0,1,2
02/18/1999,54040.0,54040.0,54040.0,54040.0,0,2
02/19/1999,55900.0,55900.0,55000.0,55000.0,14,16
02/22/1999,53980.0,53980.0,53980.0,53980.0,0,16
02/23/1999,53480.0,53480.0,53480.0,53480.0,0,16
02/24/1999,52380.0,52380.0,52380.0,52380.0,0,16
02/25/1999,54150.0,54150.0,54150.0,54150.0,0,16
02/26/1999,54740.0,54740.0,54740.0,54740.0,0,16
03/01/1999,53770.0,53770.0,53770.0,53770.0,0,16
03/02/1999,51780.0,51780.0,51780.0,51780.0,0,16
03/03/1999,51700.0,51700.0,51700.0,51700.0,0,16
03/04/1999,51880.0,51880.0,51880.0,51880.0,0,16
03/05/1999,51380.0,51380.0,51380.0,51380.0,0,16
03/08/1999,52220.0,52220.0,52220.0,52220.0,0,16
03/09/1999,51780.0,51780.0,51780.0,51780.0,0,16
03/10/1999,52110.0,52110.0,52110.0,52110.0,0,16
03/11/1999,52960.0,52960.0,52960.0,52960.0,0,16
03/12/1999,52550.0,52550.0,52550.0,52550.0,0,16
03/15/1999,50910.0,50910.0,50910.0,50910.0,0,16
03/16/1999,50470.0,50470.0,50470.0,50470.0,0,16
03/17/1999,50490.0,50490.0,50490.0,50490.0,0,16
03/18/1999,50220.0,50220.0,50220.0,50220.0,0,16
03/19/1999,50580.0,50580.0,50580.0,50580.0,0,16
03/22/1999,51240.0,51240.0,51240.0,51240.0,0,16
03/23/1999,51250.0,51250.0,51250.0,51250.0,0,16
03/24/1999,50960.0,50960.0,50960.0,50960.0,0,16
03/25/1999,51280.0,51280.0,51280.0,51280.0,0,16
03/26/1999,51200.0,51200.0,51200.0,51200.0,0,16
03/29/1999,51490.0,51490.0,51490.0,51490.0,0,16
03/30/1999,50500.0,50500.0,50500.0,50500.0,0,16
03/31/1999,50210.0,50210.0,50210.0,50210.0,0,16
04/01/1999,50760.0,50760.0,50760.0,50760.0,0,16
04/05/1999,49730.0,49730.0,49730.0,49730.0,0,16
04/06/1999,50020.0,50020.0,50020.0,50020.0,0,16
04/07/1999,50140.0,50140.0,50140.0,50140.0,0,16
04/08/1999,49390.0,49390.0,49390.0,49390.0,0,16
04/09/1999,49750.0,49750.0,49750.0,49750.0,0,16
04/12/1999,49400.0,49400.0,49400.0,49400.0,0,16
04/13/1999,49550.0,49550.0,49550.0,49550.0,0,16
04/14/1999,49150.0,49150.0,49150.0,49150.0,0,16
04/15/1999,50450.0,50450.0,50450.0,50450.0,0,16
04/16/1999,50700.0,50700.0,50700.0,50700.0,0,16
04/19/1999,51790.0,51790.0,51790.0,51790.0,0,16
04/20/1999,51560.0,51560.0,51560.0,51560.0,0,16
04/21/1999,51860.0,51860.0,51860.0,51860.0,0,16
04/22/1999,51880.0,51880.0,51880.0,51880.0,0,16
04/23/1999,51620.0,51620.0,51620.0,51620.0,0,16
04/26/1999,51290.0,51290.0,51290.0,51290.0,0,16
04/27/1999,52060.0,52060.0,52060.0,52060.0,0,16
04/28/1999,52730.0,52730.0,52730.0,52730.0,0,16
04/29/1999,54200.0,54200.0,54200.0,54200.0,0,16
04/30/1999,54280.0,54280.0,54280.0,54280.0,0,16
05/03/1999,53830.0,53830.0,53830.0,53830.0,0,16
05/04/1999,53230.0,53230.0,53230.0,53230.0,2,16
05/05/1999,53920.0,53920.0,53920.0,53920.0,0,16
05/06/1999,53840.0,53840.0,53840.0,53840.0,0,16
05/07/1999,54380.0,54380.0,54380.0,54380.0,0,16
05/10/1999,54230.0,54230.0,54230.0,54230.0,0,16
05/11/1999,54070.0,54070.0,54070.0,54070.0,0,16
05/12/1999,53780.0,53780.0,53780.0,53780.0,0,16
05/13/1999,55540.0,55540.0,55540.0,55540.0,0,16
05/14/1999,53890.0,53890.0,53890.0,53890.0,0,16
05/17/1999,53890.0,53890.0,53890.0,53890.0,0,16
05/18/1999,53500.0,53500.0,53500.0,53500.0,0,16
05/19/1999,52900.0,52900.0,52900.0,52900.0,0,16
05/20/1999,53150.0,53150.0,53150.0,53150.0,7,16
05/21/1999,52220.0,52220.0,52220.0,52220.0,0,16
05/24/1999,50800.0,50800.0,50800.0,50800.0,0,16
05/25/1999,50880.0,50880.0,50880.0,50880.0,0,16
05/26/1999,50870.0,50870.0,50870.0,50870.0,0,16
05/27/1999,49820.0,49820.0,49820.0,49820.0,0,16
05/28/1999,49370.0,49370.0,49370.0,49370.0,0,16
06/01/1999,50270.0,50270.0,50270.0,50270.0,0,16
06/02/1999,50190.0,50190.0,50190.0,50190.0,0,16
06/03/1999,50190.0,50190.0,49840.0,49840.0,0,16
06/04/1999,49960.0,49960.0,49960.0,49960.0,0,16
06/07/1999,50370.0,50370.0,50370.0,50370.0,0,16
06/08/1999,49980.0,49980.0,49980.0,49980.0,0,16
06/09/1999,50790.0,50790.0,50790.0,50790.0,0,16
06/10/1999,51390.0,51390.0,51390.0,51390.0,0,16
06/11/1999,51600.0,51600.0,51600.0,51600.0,0,16
06/14/1999,51590.0,51590.0,51590.0,51590.0,0,16
06/15/1999,51110.0,51110.0,51110.0,51110.0,0,16
06/16/1999,50860.0,50860.0,50860.0,50860.0,0,16
06/17/1999,51240.0,51240.0,51240.0,51240.0,0,16
06/18/1999,50160.0,50160.0,50160.0,50160.0,0,16
06/21/1999,50850.0,50850.0,50850.0,50850.0,0,16
06/22/1999,51120.0,51120.0,51120.0,51120.0,1,17
06/23/1999,51780.0,51780.0,51780.0,51780.0,0,17
06/24/1999,51820.0,51820.0,51800.0,51800.0,0,17
06/25/1999,51140.0,51140.0,51140.0,51140.0,0,17
06/28/1999,51950.0,51950.0,51950.0,51950.0,0,17
06/29/1999,52190.0,52190.0,52190.0,52190.0,0,17
06/30/1999,53320.0,53320.0,53320.0,53320.0,0,17
07/01/1999,53500.0,53500.0,53500.0,53500.0,0,17
07/02/1999,54190.0,54190.0,54190.0,54190.0,0,17
07/06/1999,52910.0,52910.0,52910.0,52910.0,0,17
07/07/1999,53230.0,53230.0,53230.0,53230.0,0,17
07/08/1999,53420.0,53420.0,53420.0,53420.0,0,17
07/09/1999,53280.0,53280.0,53280.0,53280.0,0,17
07/12/1999,53190.0,53190.0,53190.0,53190.0,0,17
07/13/1999,52210.0,52210.0,52210.0,52210.0,0,17
07/14/1999,51690.0,51690.0,51690.0,51690.0,0,17
07/15/1999,51780.0,51780.0,51780.0,51780.0,0,17
07/16/1999,51560.0,51560.0,51560.0,51560.0,0,17
07/19/1999,51250.0,51250.0,51250.0,51250.0,0,17
07/20/1999,51370.0,51370.0,51370.0,51370.0,0,17
07/21/1999,52000.0,52000.0,52000.0,52000.0,0,17
07/22/1999,52090.0,52090.0,52090.0,52090.0,0,17
07/23/1999,52180.0,52180.0,52180.0,52180.0,0,17
07/26/1999,52120.0,52120.0,52120.0,52120.0,0,17
07/27/1999,52420.0,52420.0,52420.0,52420.0,0,17
07/28/1999,53080.0,53080.0,53080.0,53080.0,0,17
07/29/1999,54730.0,54730.0,54730.0,54730.0,8,25
07/30/1999,54910.0,54910.0,54910.0,54910.0,0,25
08/02/1999,54150.0,54150.0,54150.0,54150.0,0,25
08/03/1999,54920.0,54920.0,54920.0,54920.0,0,25
08/04/1999,55050.0,55050.0,55050.0,55050.0,19,24
08/05/1999,54420.0,54420.0,54420.0,54420.0,0,24
08/06/1999,54240.0,54240.0,54240.0,54240.0,0,24
08/09/1999,53490.0,53490.0,53490.0,53490.0,0,24
08/10/1999,53510.0,53510.0,53510.0,53510.0,0,24
08/11/1999,54200.0,54200.0,53870.0,54010.0,2,24
08/12/1999,53730.0,53730.0,53730.0,53730.0,0,24
08/13/1999,53360.0,53360.0,53360.0,53360.0,0,24
08/16/1999,52790.0,52790.0,52790.0,52790.0,0,24
08/17/1999,52910.0,52910.0,52910.0,52910.0,0,24
08/18/1999,52740.0,52740.0,52740.0,52740.0,25,40
08/19/1999,52710.0,52710.0,52710.0,52710.0,0,40
08/20/1999,53060.0,53060.0,53060.0,53060.0,0,40
08/23/1999,52100.0,52100.0,52100.0,52100.0,0,40
08/24/1999,52000.0,52000.0,52000.0,52000.0,0,40
08/25/1999,51810.0,51810.0,51810.0,51810.0,1,40
08/26/1999,52300.0,52300.0,52300.0,52300.0,0,40
08/27/1999,52130.0,52130.0,52130.0,52130.0,0,40
08/30/1999,52240.0,52240.0,52240.0,52240.0,0,40
08/31/1999,52960.0,52960.0,52960.0,52960.0,0,40
09/01/1999,52610.0,52610.0,52610.0,52610.0,0,40
09/02/1999,53330.0,53330.0,53330.0,53330.0,0,40
09/03/1999,52230.0,52230.0,52230.0,52230.0,20,56
09/07/1999,52400.0,52650.0,52400.0,52550.0,1367,1101
09/08/1999,52750.0,52750.0,52750.0,52750.0,147,1151
09/09/1999,52700.0,52700.0,52700.0,52700.0,0,1155
09/10/1999,52550.0,52550.0,52550.0,52550.0,0,1155
09/13/1999,52110.0,52110.0,52110.0,52110.0,0,1155
09/14/1999,51840.0,51840.0,51840.0,51840.0,0,1155
09/15/1999,51480.0,51480.0,51480.0,51480.0,0,1155
09/16/1999,51680.0,51680.0,51680.0,51680.0,0,1155
09/17/1999,51580.0,51580.0,51580.0,51580.0,0,1155
09/20/1999,51570.0,51570.0,51570.0,51570.0,0,1155
09/21/1999,53060.0,53060.0,53060.0,53060.0,40,1155
09/22/1999,53080.0,53080.0,53080.0,53080.0,0,1155
09/23/1999,52830.0,52830.0,52830.0,52830.0,0,1155
09/24/1999,52640.0,52640.0,52640.0,52640.0,0,1155
09/27/1999,53520.0,53520.0,53520.0,53520.0,0,1155
09/28/1999,56370.0,56370.0,56370.0,56370.0,0,1155
09/29/1999,55310.0,55310.0,55310.0,55310.0,0,1155
09/30/1999,55530.0,55530.0,55530.0,55530.0,0,1155
10/01/1999,55200.0,55200.0,55200.0,55200.0,5,1155
10/04/1999,55690.0,55690.0,55690.0,55690.0,300,1289
10/05/1999,55020.0,55020.0,55020.0,55020.0,0,1289
10/06/1999,54670.0,54670.0,54670.0,54670.0,0,1289
10/07/1999,55300.0,55300.0,55300.0,55300.0,0,1289
10/08/1999,54950.0,54950.0,54950.0,54950.0,0,1289
10/11/1999,54770.0,54770.0,54770.0,54770.0,0,1289
10/12/1999,55130.0,55130.0,55130.0,55130.0,0,1289
10/13/1999,55470.0,55470.0,55470.0,55470.0,0,1289
10/14/1999,53070.0,53070.0,53070.0,53070.0,36,1322
10/15/1999,53490.0,53490.0,53490.0,53490.0,10,1332
10/18/1999,52630.0,52630.0,52630.0,52630.0,0,1332
10/19/1999,52380.0,52380.0,52380.0,52380.0,2,1332
10/20/1999,52180.0,52180.0,52180.0,52180.0,2,1332
10/21/1999,52380.0,52380.0,52380.0,52380.0,32,1309
10/22/1999,52360.0,52360.0,52360.0,52360.0,12,1309
10/25/1999,52360.0,52360.0,52360.0,52360.0,27,1304
10/26/1999,51860.0,51860.0,51860.0,51860.0,5,1299
10/27/1999,51820.0,51820.0,51820.0,51820.0,0,1299
10/28/1999,52580.0,52580.0,52580.0,52580.0,0,1299
10/29/1999,51590.0,51590.0,51590.0,51590.0,49,1299
11/01/1999,52040.0,52040.0,52040.0,52040.0,0,1299
11/02/1999,52100.0,52100.0,52080.0,52080.0,1,1299
11/03/1999,52100.0,52100.0,52100.0,52100.0,1,1299
11/04/1999,52050.0,52050.0,52050.0,52050.0,0,1299
11/05/1999,50760.0,50760.0,50760.0,50760.0,36,1335
11/08/1999,51000.0,51000.0,50670.0,50670.0,12,1342
11/09/1999,51000.0,51140.0,51000.0,51140.0,0,1342
11/10/1999,51560.0,51560.0,51560.0,51560.0,13,1342
11/11/1999,51330.0,51330.0,51330.0,51330.0,0,1342
11/12/1999,51070.0,51070.0,51070.0,51070.0,0,1342
11/15/1999,51400.0,51400.0,51400.0,51400.0,0,1342
11/16/1999,52090.0,52090.0,52090.0,52090.0,21,1342
11/17/1999,52000.0,52000.0,51500.0,51500.0,5,1345
11/18/1999,51940.0,51940.0,51940.0,51940.0,0,1345
11/19/1999,51740.0,51740.0,51740.0,51740.0,2,1345
11/22/1999,52510.0,52510.0,52510.0,52510.0,0,1345
11/23/1999,53390.0,53390.0,53390.0,53390.0,10,1345
11/24/1999,52800.0,52800.0,52800.0,52800.0,0,1345
11/29/1999,52620.0,52620.0,52620.0,52620.0,0,1345
11/30/1999,52940.0,52940.0,52940.0,52940.0,0,1345
12/01/1999,52650.0,52650.0,52650.0,52650.0,0,1345
12/02/1999,51820.0,51820.0,51820.0,51820.0,0,1345
12/03/1999,51970.0,51970.0,51970.0,51970.0,0,1345
12/06/1999,52070.0,52070.0,52070.0,52070.0,0,1345
12/07/1999,52450.0,52450.0,52450.0,52450.0,0,1345
12/08/1999,52170.0,52170.0,52170.0,52170.0,0,1345
12/09/1999,52300.0,52300.0,52080.0,52080.0,2,1344
12/10/1999,52100.0,52100.0,52100.0,52100.0,0,1350
12/13/1999,52080.0,52080.0,52080.0,52080.0,0,1350
12/14/1999,52630.0,52630.0,52630.0,52630.0,0,1350
12/15/1999,52540.0,52540.0,52540.0,52540.0,0,1350
12/16/1999,52790.0,52790.0,52790.0,52790.0,0,1350
12/17/1999,52850.0,52850.0,52850.0,52850.0,0,1350
12/20/1999,52620.0,52620.0,52620.0,52620.0,0,1350
12/21/1999,52280.0,52280.0,52280.0,52280.0,0,1350
12/22/1999,53010.0,53010.0,53010.0,53010.0,0,1350
12/23/1999,52830.0,52830.0,52830.0,52830.0,0,1350
12/27/1999,52950.0,52950.0,52950.0,52950.0,0,1350
12/28/1999,52840.0,52840.0,52840.0,52840.0,0,1350
12/29/1999,54650.0,54650.0,54650.0,54650.0,0,1350
12/30/1999,55030.0,55030.0,55030.0,55030.0,0,1350
01/04/2000,54260.0,54260.0,54260.0,54260.0,0,1350
01/05/2000,52760.0,52760.0,52760.0,52760.0,0,1350
01/06/2000,52370.0,52370.0,52370.0,52370.0,0,1350
01/07/2000,52650.0,52650.0,52650.0,52650.0,0,1350
01/10/2000,52630.0,52630.0,52630.0,52630.0,0,1350
01/11/2000,52690.0,52690.0,52690.0,52690.0,0,1350
01/12/2000,52330.0,52330.0,52330.0,52330.0,0,1350
01/13/2000,52640.0,52640.0,52640.0,52640.0,0,1350
01/14/2000,52630.0,52630.0,52630.0,52630.0,0,1350
01/18/2000,52810.0,52810.0,52810.0,52810.0,6,1350
01/19/2000,52920.0,52920.0,52920.0,52920.0,1114,866
01/20/2000,53500.0,53500.0,53500.0,53500.0,61,858
01/21/2000,53580.0,53580.0,53580.0,53580.0,55,878
01/24/2000,53900.0,53900.0,53900.0,53900.0,145,939
01/25/2000,54110.0,54110.0,54110.0,54110.0,1,939
01/26/2000,53830.0,53830.0,53830.0,53830.0,1,939
01/27/2000,55010.0,55010.0,55010.0,55010.0,1,939
01/28/2000,54150.0,54150.0,54150.0,54150.0,40,977
01/31/2000,54260.0,54260.0,54260.0,54260.0,20,991
02/01/2000,53580.0,53580.0,53580.0,53580.0,1,991
02/02/2000,53440.0,53440.0,53440.0,53440.0,4,987
02/03/2000,53900.0,53900.0,53900.0,53900.0,1,987
02/04/2000,56700.0,56700.0,56700.0,56700.0,1,987
02/07/2000,53660.0,53660.0,53660.0,53660.0,51,1004
02/08/2000,54280.0,54280.0,54280.0,54280.0,0,968
02/09/2000,55160.0,55160.0,55160.0,55160.0,1,968
02/10/2000,55160.0,55160.0,55160.0,55160.0,1,968
02/11/2000,54470.0,54470.0,54470.0,54470.0,1,968
02/14/2000,53770.0,53770.0,53770.0,53770.0,1,968
02/15/2000,53660.0,53660.0,53660.0,53660.0,1,968
02/16/2000,54300.0,54300.0,54300.0,54300.0,1,968
02/17/2000,54060.0,54060.0,54060.0,54060.0,1,968
02/18/2000,54260.0,54260.0,54260.0,54260.0,1,968
02/22/2000,54360.0,54360.0,54360.0,54360.0,1,968
02/23/2000,54220.0,54220.0,54220.0,54220.0,1,968
02/24/2000,53330.0,53330.0,53330.0,53330.0,1,968
02/25/2000,52190.0,52190.0,52190.0,52190.0,1,968
02/28/2000,52570.0,52570.0,52570.0,52570.0,14,982
02/29/2000,52560.0,52560.0,52560.0,52560.0,20,982
03/01/2000,52810.0,52810.0,52810.0,52810.0,1,962
03/02/2000,52170.0,52170.0,52170.0,52170.0,1,962
03/03/2000,53080.0,53080.0,53080.0,53080.0,1,962
03/06/2000,52610.0,52610.0,52610.0,52610.0,25,950
03/07/2000,52800.0,52800.0,52580.0,52580.0,7,952
03/08/2000,52640.0,52640.0,52640.0,52640.0,6,956
03/09/2000,52790.0,52790.0,52790.0,52790.0,1,956
03/10/2000,52100.0,52460.0,52100.0,52460.0,7,956
03/13/2000,52470.0,52470.0,52470.0,52470.0,1,955
03/14/2000,52720.0,52720.0,52720.0,52720.0,1,955
03/15/2000,53050.0,53050.0,53050.0,53050.0,1,955
03/16/2000,52650.0,52650.0,52650.0,52650.0,3,952
03/17/2000,52760.0,52760.0,52760.0,52760.0,32,978
03/20/2000,52260.0,52260.0,52260.0,52260.0,1,978
03/21/2000,53120.0,53120.0,53120.0,53120.0,1,978
03/22/2000,53190.0,53190.0,53190.0,53190.0,1,978
03/23/2000,52790.0,52790.0,52790.0,52790.0,1,978
03/24/2000,53080.0,53080.0,53080.0,53080.0,1,978
03/27/2000,52810.0,52810.0,52810.0,52810.0,1,978
03/28/2000,52650.0,52650.0,52650.0,52650.0,1,978
03/29/2000,51600.0,51700.0,51540.0,51540.0,1,978
03/30/2000,51590.0,51590.0,51590.0,51590.0,1,978
03/31/2000,52210.0,52210.0,52210.0,52210.0,1,978
04/03/2000,52320.0,52320.0,52320.0,52320.0,1,978
04/04/2000,53360.0,53360.0,53360.0,53360.0,1,978
04/05/2000,53090.0,53090.0,53090.0,53090.0,1,978
04/06/2000,53120.0,53120.0,53120.0,53120.0,1,978
04/07/2000,53110.0,53110.0,53110.0,53110.0,1,978
04/10/2000,53500.0,53600.0,53500.0,53600.0,12,988
04/11/2000,53390.0,53390.0,53390.0,53390.0,1,988
04/12/2000,53400.0,53400.0,53400.0,53400.0,1,988
04/13/2000,53620.0,53620.0,53620.0,53620.0,1,988
04/14/2000,53520.0,53520.0,53520.0,53520.0,10,996
04/17/2000,53260.0,53260.0,53260.0,53260.0,20,1016
04/18/2000,53000.0,53000.0,53000.0,53000.0,37,1046
04/19/2000,52930.0,52930.0,52930.0,52930.0,0,1046
04/20/2000,51690.0,51690.0,51690.0,51690.0,0,1061
04/24/2000,51340.0,51340.0,51340.0,51340.0,0,1061
04/25/2000,52000.0,52000.0,52000.0,52000.0,0,1061
04/26/2000,51470.0,51470.0,51470.0,51470.0,0,1061
04/27/2000,51650.0,51650.0,51650.0,51650.0,126,1131
04/28/2000,51650.0,51650.0,51650.0,51650.0,12,1119
05/01/2000,52240.0,52240.0,52240.0,52240.0,0,1119
05/02/2000,52230.0,52230.0,52230.0,52230.0,0,1119
05/03/2000,52260.0,52260.0,52260.0,52260.0,0,1119
05/04/2000,53190.0,53190.0,53190.0,53190.0,0,1119
05/05/2000,52040.0,52040.0,52040.0,52040.0,0,1119
05/08/2000,52200.0,52200.0,52200.0,52200.0,0,1119
05/09/2000,52400.0,52400.0,52400.0,52400.0,0,1119
05/10/2000,52340.0,52340.0,52340.0,52340.0,0,1119
05/11/2000,52200.0,52200.0,52200.0,52200.0,0,1119
05/12/2000,52000.0,52170.0,52000.0,52170.0,6,1117
05/15/2000,52350.0,52350.0,52350.0,52350.0,29,1144
05/16/2000,53190.0,53190.0,53190.0,53190.0,10,1154
05/17/2000,52170.0,52170.0,52170.0,52170.0,0,1154
05/18/2000,52420.0,52420.0,52420.0,52420.0,224,1249
05/19/2000,52500.0,52500.0,52190.0,52190.0,183,1275
05/22/2000,52300.0,52300.0,52300.0,52300.0,10,1285
05/23/2000,52260.0,52260.0,52260.0,52260.0,46,1326
05/24/2000,51400.0,52200.0,51400.0,52000.0,48,1363
05/25/2000,51400.0,51400.0,51300.0,51300.0,17,1380
05/26/2000,51470.0,51470.0,51470.0,51470.0,0,1380
05/30/2000,51120.0,51370.0,51120.0,51370.0,0,1380
05/31/2000,51460.0,51460.0,51460.0,51460.0,10,1390
06/01/2000,51400.0,51420.0,51400.0,51420.0,2,1391
06/02/2000,52140.0,52140.0,52140.0,52140.0,116,1396
06/05/2000,52380.0,52380.0,52380.0,52380.0,30,1396
06/06/2000,53000.0,53000.0,52700.0,52700.0,72,1437
06/07/2000,52910.0,52910.0,52910.0,52910.0,0,1437
06/08/2000,52780.0,52780.0,52780.0,52780.0,40,1472
06/09/2000,52430.0,52430.0,52430.0,52430.0,0,1472
06/12/2000,52320.0,52320.0,52320.0,52320.0,0,1472
06/13/2000,52140.0,52140.0,52140.0,52140.0,0,1472
06/14/2000,52850.0,52850.0,52850.0,52850.0,215,1592
06/15/2000,52710.0,52710.0,52710.0,52710.0,0,1592
06/16/2000,52780.0,52780.0,52780.0,52780.0,0,1592
06/19/2000,52350.0,52350.0,52350.0,52350.0,0,1592
06/20/2000,52300.0,52300.0,52300.0,52300.0,10,1592
06/21/2000,51750.0,51750.0,51750.0,51750.0,0,1592
06/22/2000,51830.0,51830.0,51830.0,51830.0,0,1592
06/23/2000,51720.0,51720.0,51720.0,51720.0,0,1592
06/26/2000,52010.0,52010.0,52010.0,52010.0,3,1595
06/27/2000,51730.0,51730.0,51730.0,51730.0,0,1595
06/28/2000,52030.0,52030.0,52030.0,52030.0,32,1616
06/29/2000,52270.0,52270.0,52270.0,52270.0,180,1691
06/30/2000,52550.0,52550.0,52520.0,52520.0,20,1680
07/05/2000,52060.0,52060.0,52060.0,52060.0,0,1680
07/06/2000,52180.0,52180.0,52180.0,52180.0,50,1707
07/07/2000,51980.0,51980.0,51980.0,51980.0,0,1707
07/10/2000,52180.0,52180.0,52180.0,52180.0,0,1716
07/11/2000,51750.0,51750.0,51750.0,51750.0,0,1716
07/12/2000,51880.0,51880.0,51880.0,51880.0,6,1711
07/13/2000,52000.0,52000.0,51950.0,51950.0,10,1717
07/14/2000,52150.0,52150.0,52150.0,52150.0,55,1714
07/17/2000,52300.0,52300.0,52300.0,52300.0,0,1714
07/18/2000,52330.0,52330.0,52330.0,52330.0,0,1714
07/19/2000,52000.0,52000.0,51930.0,51930.0,1,1715
07/20/2000,51960.0,51960.0,51960.0,51960.0,150,1730
07/21/2000,52000.0,52000.0,51260.0,51260.0,14,1744
07/24/2000,51430.0,51430.0,51430.0,51430.0,0,1744
07/25/2000,52000.0,52000.0,51870.0,51870.0,42,1766
07/26/2000,51420.0,51420.0,51420.0,51420.0,0,1766
07/27/2000,51550.0,51550.0,51550.0,51550.0,24,1785
07/28/2000,51700.0,51700.0,51500.0,51500.0,4,1789
07/31/2000,51860.0,51860.0,51860.0,51860.0,0,1789
08/01/2000,51760.0,51760.0,51760.0,51760.0,6,1795
08/02/2000,51710.0,51710.0,51710.0,51710.0,0,1795
08/03/2000,51550.0,51550.0,51550.0,51550.0,11,1795
08/04/2000,51020.0,51020.0,51020.0,51020.0,0,1795
08/07/2000,51260.0,51260.0,51260.0,51260.0,0,1795
08/08/2000,51000.0,51000.0,50900.0,50940.0,59,1754
08/09/2000,50780.0,50780.0,50780.0,50780.0,0,1754
08/10/2000,50900.0,50900.0,50900.0,50900.0,0,1754
08/11/2000,51110.0,51110.0,51110.0,51110.0,0,1754
08/14/2000,51000.0,51000.0,50700.0,50760.0,2,1754
08/15/2000,50700.0,50700.0,50530.0,50530.0,3,1757
08/16/2000,50900.0,50900.0,50480.0,50480.0,119,1763
08/17/2000,50700.0,50700.0,50550.0,50550.0,13,1776
08/18/2000,50290.0,50290.0,50290.0,50290.0,0,1776
08/21/2000,50700.0,50700.0,50440.0,50440.0,2,1778
08/22/2000,50300.0,50300.0,50300.0,50300.0,0,1778
08/23/2000,49790.0,49790.0,49790.0,49790.0,3,1778
08/24/2000,50410.0,50410.0,50410.0,50410.0,3,1778
08/25/2000,50750.0,50750.0,50750.0,50750.0,0,1778
08/28/2000,51000.0,51130.0,51000.0,51130.0,59,1828
08/29/2000,51300.0,51300.0,51280.0,51280.0,95,1803
08/30/2000,50910.0,50910.0,50910.0,50910.0,63,1789
08/31/2000,51480.0,51480.0,51480.0,51480.0,10,1794
09/01/2000,51500.0,51500.0,51500.0,51500.0,15,1779
09/05/2000,51430.0,51430.0,51430.0,51430.0,0,1779
09/06/2000,51290.0,51290.0,51290.0,51290.0,0,1779
09/07/2000,50900.0,50900.0,50900.0,50900.0,24,1790
09/08/2000,50800.0,50800.0,50800.0,50800.0,0,1794
09/11/2000,50470.0,50470.0,50470.0,50470.0,0,1794
09/12/2000,50700.0,50700.0,50700.0,50700.0,0,1795
09/13/2000,50550.0,50560.0,50550.0,50560.0,1,1796
09/14/2000,50640.0,50640.0,50640.0,50640.0,0,1796
09/15/2000,50460.0,50460.0,50460.0,50460.0,1,1796
09/18/2000,50500.0,50540.0,50450.0,50540.0,50,1772
09/19/2000,50610.0,50610.0,50610.0,50610.0,0,1774
09/20/2000,50200.0,50200.0,50100.0,50120.0,55,1747
09/21/2000,50560.0,50560.0,50560.0,50560.0,152,1708
09/22/2000,50950.0,50950.0,50950.0,50950.0,47,1747
09/25/2000,50900.0,51000.0,50900.0,51000.0,1,1715
09/26/2000,51000.0,51050.0,51000.0,51050.0,1,1716
09/27/2000,51430.0,51430.0,51430.0,51430.0,1,1716
09/28/2000,51250.0,51250.0,51250.0,51250.0,0,1716
09/29/2000,50700.0,50740.0,50700.0,50740.0,2,1718
10/02/2000,50820.0,50820.0,50820.0,50820.0,0,1718
10/03/2000,50890.0,50890.0,50890.0,50890.0,0,1718
10/04/2000,50850.0,50850.0,50520.0,50520.0,1,1719
10/05/2000,50650.0,50660.0,50650.0,50660.0,6,1717
10/06/2000,50570.0,50570.0,50570.0,50570.0,0,1717
10/09/2000,50590.0,50590.0,50590.0,50590.0,0,1717
10/10/2000,50920.0,50920.0,50920.0,50920.0,0,1717
10/11/2000,50470.0,50470.0,50470.0,50470.0,0,1717
10/12/2000,51000.0,51000.0,51000.0,51000.0,0,1717
10/13/2000,50630.0,50630.0,50630.0,50630.0,0,1717
10/16/2000,50610.0,50610.0,50610.0,50610.0,0,1717
10/17/2000,50000.0,50400.0,49900.0,50240.0,4,1719
10/18/2000,50320.0,50320.0,50320.0,50320.0,1,1718
10/19/2000,50200.0,50200.0,50040.0,50040.0,3,1722
10/20/2000,50300.0,50300.0,50040.0,50040.0,4,1721
10/23/2000,50200.0,50200.0,49500.0,49580.0,27,1697
10/24/2000,49800.0,49800.0,49730.0,49730.0,117,1757
10/25/2000,49500.0,49500.0,49360.0,49360.0,4,1787
10/26/2000,49400.0,49600.0,49110.0,49110.0,3,1788
10/27/2000,49250.0,49250.0,49250.0,49250.0,0,1788
10/30/2000,49200.0,49200.0,49150.0,49150.0,5,1788
10/31/2000,49210.0,49210.0,49210.0,49210.0,0,1788
11/01/2000,49400.0,49400.0,49400.0,49400.0,8,1787
11/02/2000,49000.0,49000.0,48780.0,48780.0,2,1789
11/03/2000,49100.0,49400.0,49100.0,49100.0,18,1794
11/06/2000,49400.0,49400.0,49320.0,49320.0,2,1796
11/07/2000,49400.0,49400.0,48900.0,48930.0,29,1797
11/08/2000,49130.0,49130.0,49130.0,49130.0,210,1807
11/09/2000,49190.0,49190.0,49190.0,49190.0,248,1982
11/10/2000,49000.0,49000.0,48830.0,48830.0,240,2229
11/13/2000,48800.0,48800.0,48480.0,48480.0,248,2409
11/14/2000,48500.0,48700.0,48400.0,48550.0,634,2790
11/15/2000,48600.0,48750.0,48510.0,48510.0,28,2793
11/16/2000,48750.0,48800.0,48330.0,48330.0,334,2845
11/17/2000,48450.0,48500.0,48200.0,48200.0,227,2974
11/20/2000,48600.0,48600.0,48050.0,48190.0,42,3018
11/21/2000,48300.0,48500.0,47800.0,47950.0,78,3001
11/22/2000,48050.0,48050.0,47850.0,47960.0,86,3037
11/27/2000,48050.0,48850.0,48000.0,48700.0,422,3290
11/28/2000,48900.0,48900.0,48730.0,48730.0,317,3441
11/29/2000,48900.0,49050.0,47900.0,47990.0,436,3565
11/30/2000,48550.0,48550.0,48400.0,48530.0,118,3636
12/01/2000,48800.0,48800.0,48180.0,48180.0,6,3653
12/04/2000,48600.0,49100.0,48600.0,48880.0,64,3636
12/05/2000,48750.0,48760.0,48750.0,48760.0,20,3634
12/06/2000,48900.0,49400.0,48900.0,49200.0,34,3636
12/07/2000,48900.0,48900.0,48900.0,48900.0,15,3645
12/08/2000,48500.0,48500.0,48100.0,48100.0,121,3717
12/11/2000,48000.0,48180.0,48000.0,48180.0,3,3718
12/12/2000,48200.0,48200.0,48200.0,48200.0,0,3718
12/13/2000,48100.0,48200.0,47800.0,47830.0,15,3724
12/14/2000,48050.0,48050.0,47500.0,47580.0,158,3677
12/15/2000,47300.0,47350.0,47150.0,47200.0,45,3685
12/18/2000,47300.0,47550.0,47280.0,47280.0,25,3676
12/19/2000,47500.0,47550.0,47380.0,47380.0,3,3680
12/20/2000,47600.0,47850.0,47300.0,47500.0,8,3681
12/21/2000,47450.0,47550.0,47300.0,47500.0,5,3682
12/22/2000,47700.0,47700.0,47600.0,47610.0,23,3692
12/26/2000,47850.0,47850.0,47730.0,47730.0,56,3670
12/27/2000,47500.0,47500.0,47340.0,47340.0,43,3673
12/28/2000,47350.0,47350.0,47240.0,47240.0,28,3671
12/29/2000,47200.0,47300.0,46900.0,47200.0,31,3670
01/02/2001,47000.0,47000.0,46700.0,46790.0,24,3655
01/03/2001,46600.0,46700.0,46100.0,46240.0,65,3659
01/04/2001,46450.0,46650.0,46250.0,46600.0,17,3655
01/05/2001,46700.0,46780.0,46700.0,46780.0,1,3642
01/08/2001,46800.0,46800.0,46600.0,46680.0,28,3663
01/09/2001,46600.0,46680.0,46500.0,46680.0,8,3664
01/10/2001,46500.0,46800.0,46450.0,46530.0,195,3695
01/11/2001,46550.0,46850.0,46550.0,46710.0,56,3700
01/12/2001,47400.0,47500.0,47340.0,47340.0,9,3718
01/16/2001,47300.0,48100.0,47300.0,47890.0,24,3736
01/17/2001,48200.0,48750.0,48190.0,48190.0,519,3665
01/18/2001,48450.0,49200.0,48450.0,48970.0,437,3542
01/19/2001,49250.0,49550.0,48520.0,48520.0,182,3525
01/22/2001,48700.0,49100.0,48050.0,48790.0,57,3535
01/23/2001,49150.0,49200.0,48750.0,48820.0,261,3562
01/24/2001,48450.0,48700.0,48400.0,48700.0,9,3565
01/25/2001,49400.0,49400.0,48890.0,48890.0,40,3570
01/26/2001,48950.0,49040.0,48850.0,49040.0,22,3559
01/29/2001,49100.0,49100.0,48800.0,49020.0,10,3566
01/30/2001,49100.0,49450.0,49000.0,49000.0,128,3642
01/31/2001,49150.0,49150.0,48800.0,48880.0,886,3825
02/01/2001,48800.0,49050.0,48450.0,48850.0,51,3846
02/02/2001,48600.0,48750.0,48600.0,48660.0,11,3847
02/05/2001,48300.0,48300.0,47790.0,47790.0,90,3851
02/06/2001,47800.0,47800.0,47400.0,47510.0,373,4085
02/07/2001,47500.0,47600.0,47000.0,47080.0,308,4163
02/08/2001,46950.0,47100.0,46500.0,46580.0,583,4415
02/09/2001,46700.0,46700.0,46150.0,46480.0,182,4442
02/12/2001,46600.0,46700.0,46350.0,46450.0,154,4471
02/13/2001,46450.0,46650.0,46300.0,46330.0,152,4482
02/14/2001,46400.0,46400.0,45850.0,45990.0,108,4504
02/15/2001,46100.0,46150.0,45800.0,46040.0,241,4594
02/16/2001,45900.0,46000.0,45700.0,45750.0,149,4617
02/20/2001,45800.0,45800.0,44950.0,45040.0,970,5227
02/21/2001,45150.0,45400.0,44800.0,44930.0,346,5258
02/22/2001,44950.0,45300.0,44900.0,45000.0,447,5527
02/23/2001,45200.0,45400.0,44550.0,45140.0,1357,6351
02/26/2001,45150.0,45400.0,45050.0,45280.0,700,6615
02/27/2001,45400.0,45500.0,45030.0,45030.0,1656,7740
02/28/2001,45150.0,46300.0,44950.0,45560.0,596,8059
03/01/2001,45750.0,45850.0,44600.0,44750.0,1354,8348
03/02/2001,44900.0,45250.0,44900.0,44960.0,1282,8857
03/05/2001,44950.0,45200.0,44800.0,44930.0,56,8901
03/06/2001,44750.0,45000.0,44500.0,44830.0,229,9026
03/07/2001,44800.0,45350.0,44650.0,45030.0,81,9046
03/08/2001,45000.0,45700.0,44950.0,45450.0,857,9111
03/09/2001,45550.0,45800.0,45350.0,45570.0,113,9120
03/12/2001,45200.0,45350.0,44550.0,44780.0,392,9201
03/13/2001,44700.0,45000.0,44500.0,44890.0,383,9226
03/14/2001,44800.0,45050.0,44600.0,44970.0,190,9286
03/15/2001,44850.0,44850.0,43800.0,43920.0,764,9463
03/16/2001,43800.0,44000.0,43300.0,43530.0,834,9568
03/19/2001,43700.0,43800.0,43400.0,43570.0,540,9625
03/20/2001,43700.0,44000.0,43600.0,43890.0,821,9869
03/21/2001,43750.0,44100.0,43650.0,43840.0,331,9879
03/22/2001,43600.0,43950.0,43400.0,43910.0,311,9904
03/23/2001,44000.0,44250.0,43950.0,44000.0,626,10208
03/26/2001,44100.0,44250.0,43850.0,44170.0,391,10411
03/27/2001,44200.0,44900.0,43850.0,44730.0,974,10639
03/28/2001,44550.0,44750.0,44050.0,44130.0,262,10750
03/29/2001,44050.0,44200.0,43600.0,43730.0,248,10743
03/30/2001,43650.0,43850.0,43200.0,43330.0,808,10720
04/02/2001,43200.0,43600.0,43100.0,43530.0,659,10859
04/03/2001,43700.0,44050.0,43400.0,43510.0,798,11031
04/04/2001,43850.0,44000.0,43350.0,43780.0,1447,11121
04/05/2001,43900.0,44000.0,43700.0,43920.0,1490,11827
04/06/2001,44000.0,44000.0,43650.0,43740.0,941,12136
04/09/2001,43950.0,43950.0,43450.0,43540.0,941,12551
04/10/2001,43550.0,43800.0,43400.0,43640.0,457,12976
04/11/2001,43650.0,44400.0,43500.0,44050.0,1462,13707
04/12/2001,44100.0,44300.0,43950.0,44100.0,951,14167
04/16/2001,44100.0,45050.0,44100.0,44830.0,1954,14694
04/17/2001,44550.0,44550.0,44050.0,44130.0,2197,15376
04/18/2001,43800.0,44250.0,43700.0,44080.0,5867,17369
04/19/2001,44000.0,44850.0,43950.0,44680.0,3640,18630
04/20/2001,44600.0,45200.0,44450.0,44790.0,3836,21124
04/23/2001,44700.0,44900.0,44400.0,44770.0,5605,23774
04/24/2001,45000.0,45250.0,44700.0,44890.0,6160,26877
04/25/2001,44900.0,45000.0,43850.0,43970.0,17865,37920
04/26/2001,44150.0,44600.0,43950.0,44130.0,13262,40076
04/27/2001,44300.0,44400.0,43950.0,44000.0,13454,44440
04/30/2001,44000.0,44100.0,43500.0,43580.0,7065,46790
05/01/2001,43600.0,43950.0,43500.0,43850.0,5412,47107
05/02/2001,43900.0,44250.0,43700.0,43950.0,3894,47418
05/03/2001,44050.0,44150.0,43600.0,43650.0,4784,47589
05/04/2001,43600.0,43750.0,43200.0,43600.0,7467,46829
05/07/2001,43600.0,43600.0,43250.0,43270.0,3953,48118
05/08/2001,43250.0,43450.0,43200.0,43350.0,3439,48462
05/09/2001,43450.0,44250.0,43450.0,44150.0,8969,48222
05/10/2001,44050.0,44050.0,43250.0,43500.0,9200,48400
05/11/2001,43500.0,43650.0,43350.0,43370.0,3012,48791
05/14/2001,43400.0,43700.0,43300.0,43570.0,3450,48466
05/15/2001,43500.0,43550.0,43150.0,43200.0,5545,49893
05/16/2001,43550.0,44750.0,43450.0,44630.0,16711,47536
05/17/2001,44450.0,45100.0,44000.0,44950.0,14580,47742
05/18/2001,44800.0,46250.0,44500.0,45770.0,20286,49195
05/21/2001,46100.0,46550.0,45250.0,45500.0,13880,48950
05/22/2001,45400.0,45800.0,45250.0,45680.0,7415,48096
05/23/2001,45350.0,46050.0,45150.0,45800.0,8529,48275
05/24/2001,46750.0,46900.0,45750.0,46200.0,15263,47589
05/25/2001,46100.0,46100.0,45550.0,45830.0,5394,47829
05/29/2001,45450.0,45550.0,45200.0,45400.0,5372,47710
05/30/2001,45100.0,45200.0,44300.0,44450.0,11706,46013
05/31/2001,44500.0,44750.0,44000.0,44100.0,8170,45632
06/01/2001,44250.0,44500.0,43850.0,44230.0,6531,45835
06/04/2001,44250.0,44300.0,43250.0,43350.0,14455,44132
06/05/2001,43600.0,43750.0,43400.0,43430.0,7506,43107
06/06/2001,43650.0,43750.0,43300.0,43400.0,6685,41662
06/07/2001,43350.0,43500.0,43250.0,43350.0,6194,42007
06/08/2001,43400.0,43850.0,43100.0,43700.0,9599,42651
06/11/2001,43600.0,43600.0,43200.0,43380.0,5403,42682
06/12/2001,43450.0,43800.0,43400.0,43750.0,7758,42029
06/13/2001,43800.0,44250.0,43650.0,44150.0,8262,40964
06/14/2001,44050.0,44950.0,44000.0,44700.0,13539,39859
06/15/2001,44600.0,44650.0,43850.0,44000.0,9159,38030
06/18/2001,43800.0,44400.0,43800.0,44220.0,5037,37486
06/19/2001,44250.0,44350.0,43950.0,44000.0,3507,36820
06/20/2001,43900.0,44000.0,43300.0,43450.0,13459,35884
06/21/2001,43450.0,43550.0,42800.0,43230.0,0,34849
06/22/2001,43200.0,43450.0,43000.0,43030.0,4321,34021
06/25/2001,43050.0,43250.0,42900.0,42980.0,9701,28268
06/26/2001,43000.0,43550.0,42900.0,43480.0,19425,18888
06/27/2001,43200.0,43350.0,42950.0,43050.0,12381,9858
06/28/2001,43050.0,43200.0,42800.0,42930.0,10850,6502
06/29/2001,43050.0,43250.0,42800.0,42920.0,1525,1538
07/02/2001,42600.0,42800.0,42400.0,42770.0,524,480
07/03/2001,42700.0,42800.0,42350.0,42430.0,168,338
07/05/2001,42300.0,42400.0,42000.0,42080.0,158,213
07/06/2001,41800.0,42500.0,41800.0,42350.0,194,293
07/09/2001,42150.0,42250.0,42000.0,42130.0,38,140
07/10/2001,42150.0,42500.0,42150.0,42350.0,40,145
07/11/2001,42200.0,42600.0,42200.0,42320.0,12,137
07/12/2001,42100.0,42500.0,42100.0,42410.0,19,119
07/13/2001,42150.0,42820.0,42150.0,42820.0,28,104
07/16/2001,42600.0,42800.0,41870.0,41870.0,59,58
07/17/2001,41800.0,42250.0,41800.0,42250.0,17,47
07/18/2001,41900.0,42650.0,41900.0,42650.0,53,65
07/19/2001,42180.0,42180.0,42180.0,42180.0,2,47
07/20/2001,42190.0,42190.0,42190.0,42190.0,7,26
07/23/2001,42390.0,42390.0,42390.0,42390.0,10,19
07/24/2001,42400.0,42400.0,42400.0,42400.0,27,29
07/25/2001,42130.0,42130.0,42130.0,42130.0,5,4
07/26/2001,42400.0,42400.0,42220.0,42220.0,2,1
07/27/2001,42200.0,42200.0,42020.0,42020.0,6,3
