"Date","Open","High","Low","Close","Volume","OpenInt"
01/05/1998,66080.0,66080.0,66080.0,66080.0,0,0
01/06/1998,68000.0,68000.0,68000.0,68000.0,0,0
01/07/1998,67130.0,67130.0,67130.0,67130.0,0,0
01/08/1998,64780.0,64780.0,64780.0,64780.0,0,0
01/09/1998,63430.0,63430.0,63430.0,63430.0,0,0
01/12/1998,61850.0,61850.0,61850.0,61850.0,0,0
01/13/1998,64000.0,64000.0,64000.0,64000.0,0,0
01/14/1998,64030.0,64030.0,64030.0,64030.0,0,0
01/15/1998,65030.0,65030.0,65030.0,65030.0,0,0
01/16/1998,64680.0,64680.0,64680.0,64680.0,0,0
01/20/1998,63630.0,63630.0,63630.0,63630.0,0,0
01/21/1998,65110.0,65110.0,65110.0,65110.0,0,0
01/22/1998,64220.0,64220.0,64220.0,64220.0,0,0
01/23/1998,65930.0,65930.0,65930.0,65930.0,0,0
01/26/1998,66240.0,66240.0,66240.0,66240.0,0,0
01/27/1998,67890.0,67890.0,67890.0,67890.0,0,0
01/28/1998,67440.0,67440.0,67440.0,67440.0,0,0
01/29/1998,66970.0,66970.0,66970.0,66970.0,0,0
01/30/1998,67070.0,67070.0,67070.0,67070.0,0,0
02/02/1998,67910.0,67910.0,67910.0,67910.0,0,0
02/03/1998,70240.0,70240.0,70240.0,70240.0,0,0
02/04/1998,73690.0,73690.0,73690.0,73690.0,0,0
02/05/1998,74720.0,74720.0,74720.0,74720.0,0,0
02/06/1998,72870.0,72870.0,72870.0,72870.0,0,0
02/09/1998,72320.0,72320.0,72320.0,72320.0,0,0
02/10/1998,74470.0,74470.0,74470.0,74470.0,0,0
02/11/1998,73900.0,73900.0,73900.0,73900.0,0,0
02/12/1998,74220.0,74220.0,74220.0,74220.0,0,0
02/13/1998,75120.0,75120.0,75120.0,75120.0,0,0
02/17/1998,71940.0,71940.0,71940.0,71940.0,0,0
02/18/1998,70000.0,70000.0,70000.0,70000.0,0,0
02/19/1998,73240.0,73240.0,73240.0,73240.0,0,0
02/20/1998,71100.0,71100.0,71100.0,71100.0,0,0
02/23/1998,72280.0,72280.0,72280.0,72280.0,0,0
02/24/1998,71310.0,71310.0,71310.0,71310.0,0,0
02/25/1998,68430.0,68430.0,68430.0,68430.0,0,0
02/26/1998,69940.0,69940.0,69940.0,69940.0,0,0
02/27/1998,65800.0,65800.0,65800.0,65800.0,100,100
03/02/1998,65680.0,65680.0,65680.0,65680.0,50,150
03/03/1998,63700.0,63700.0,63700.0,63700.0,0,150
03/04/1998,63350.0,63350.0,63350.0,63350.0,0,150
03/05/1998,63500.0,63500.0,63500.0,63500.0,0,150
03/06/1998,60720.0,60720.0,60720.0,60720.0,0,150
03/09/1998,60930.0,60930.0,60930.0,60930.0,0,150
03/10/1998,62830.0,62830.0,62830.0,62830.0,0,150
03/11/1998,61130.0,61130.0,61130.0,61130.0,0,150
03/12/1998,61730.0,61730.0,61730.0,61730.0,0,150
03/13/1998,61230.0,61230.0,61230.0,61230.0,0,150
03/16/1998,60920.0,60920.0,60920.0,60920.0,0,150
03/17/1998,60000.0,60000.0,58220.0,58220.0,12,162
03/18/1998,59060.0,59060.0,59060.0,59060.0,10,162
03/19/1998,58640.0,58640.0,58640.0,58640.0,0,162
03/20/1998,58400.0,60490.0,58400.0,60490.0,1,163
03/23/1998,62540.0,62540.0,62540.0,62540.0,0,163
03/24/1998,61230.0,61230.0,61230.0,61230.0,0,163
03/25/1998,59980.0,59980.0,59980.0,59980.0,0,163
03/26/1998,61680.0,61680.0,61680.0,61680.0,0,163
03/27/1998,61250.0,61250.0,61250.0,61250.0,4,167
03/30/1998,61300.0,61300.0,61120.0,61120.0,1,168
03/31/1998,62930.0,62930.0,62930.0,62930.0,0,168
04/01/1998,61640.0,61640.0,61640.0,61640.0,0,168
04/02/1998,63670.0,63670.0,63670.0,63670.0,0,168
04/03/1998,63900.0,63900.0,63900.0,63900.0,0,168
04/06/1998,61920.0,61920.0,61920.0,61920.0,0,168
04/07/1998,60870.0,60870.0,60870.0,60870.0,0,168
04/08/1998,60700.0,60700.0,60630.0,60630.0,6,174
04/09/1998,59500.0,60700.0,59500.0,60700.0,1,175
04/13/1998,60320.0,60320.0,60320.0,60320.0,0,175
04/14/1998,59500.0,59500.0,59500.0,59500.0,4,179
04/15/1998,59500.0,59730.0,59500.0,59730.0,1,180
04/16/1998,59050.0,59620.0,59050.0,59620.0,1,181
04/17/1998,59190.0,59190.0,59190.0,59190.0,0,181
04/20/1998,59120.0,59120.0,59120.0,59120.0,0,181
04/21/1998,60010.0,60010.0,60010.0,60010.0,0,181
04/22/1998,59760.0,59760.0,59760.0,59760.0,0,181
04/23/1998,59990.0,59990.0,59990.0,59990.0,0,181
04/24/1998,59390.0,59390.0,59390.0,59390.0,0,181
04/27/1998,58650.0,58650.0,58650.0,58650.0,0,181
04/28/1998,58300.0,58300.0,58300.0,58300.0,0,181
04/29/1998,60000.0,60000.0,60000.0,60000.0,0,181
04/30/1998,60710.0,60710.0,60710.0,60710.0,0,181
05/01/1998,60090.0,60090.0,60090.0,60090.0,0,181
05/04/1998,61030.0,61030.0,61030.0,61030.0,0,181
05/05/1998,59630.0,59630.0,59630.0,59630.0,0,181
05/06/1998,57840.0,57840.0,57840.0,57840.0,0,181
05/07/1998,58460.0,58460.0,58460.0,58460.0,0,181
05/08/1998,58280.0,58280.0,58280.0,58280.0,0,181
05/11/1998,58000.0,58000.0,55980.0,55980.0,2,183
05/12/1998,54560.0,54560.0,54560.0,54560.0,0,183
05/13/1998,54480.0,54480.0,54480.0,54480.0,0,183
05/14/1998,54700.0,54700.0,54700.0,54700.0,0,183
05/15/1998,54820.0,54820.0,54820.0,54820.0,0,183
05/18/1998,54500.0,54500.0,53420.0,53420.0,5,188
05/19/1998,52360.0,52360.0,52360.0,52360.0,0,188
05/20/1998,52820.0,52820.0,52820.0,52820.0,0,188
05/21/1998,54000.0,54000.0,53150.0,53150.0,6,194
05/22/1998,52870.0,52870.0,52870.0,52870.0,0,194
05/26/1998,53300.0,53300.0,52320.0,52320.0,1,195
05/27/1998,52950.0,52950.0,52950.0,52950.0,0,195
05/28/1998,51770.0,51770.0,51770.0,51770.0,0,195
05/29/1998,52200.0,52200.0,52200.0,52200.0,0,195
06/01/1998,51900.0,51900.0,51900.0,51900.0,0,195
06/02/1998,52980.0,52980.0,52980.0,52980.0,0,195
06/03/1998,53080.0,53080.0,53080.0,53080.0,0,195
06/04/1998,53550.0,53550.0,53550.0,53550.0,0,195
06/05/1998,54090.0,54090.0,54090.0,54090.0,0,195
06/08/1998,55640.0,55640.0,55640.0,55640.0,0,195
06/09/1998,54620.0,54620.0,54620.0,54620.0,0,195
06/10/1998,54640.0,54640.0,54640.0,54640.0,0,195
06/11/1998,53100.0,53100.0,53100.0,53100.0,0,195
06/12/1998,52610.0,52610.0,52610.0,52610.0,0,195
06/15/1998,52450.0,52450.0,52450.0,52450.0,0,195
06/16/1998,53510.0,53510.0,53510.0,53510.0,0,195
06/17/1998,55350.0,55350.0,55350.0,55350.0,0,195
06/18/1998,54310.0,54310.0,54310.0,54310.0,0,195
06/19/1998,55250.0,55250.0,55250.0,55250.0,0,195
06/22/1998,55020.0,55020.0,55020.0,55020.0,0,195
06/23/1998,55140.0,55140.0,55140.0,55140.0,0,195
06/24/1998,54340.0,54340.0,54340.0,54340.0,0,195
06/25/1998,55060.0,55060.0,55060.0,55060.0,0,195
06/26/1998,54550.0,54550.0,54550.0,54550.0,0,195
06/29/1998,54750.0,54750.0,54750.0,54750.0,0,195
06/30/1998,56620.0,56620.0,56620.0,56620.0,0,195
07/01/1998,56020.0,56020.0,56020.0,56020.0,0,195
07/02/1998,54600.0,54600.0,54600.0,54600.0,0,195
07/06/1998,54680.0,54680.0,54680.0,54680.0,0,195
07/07/1998,55450.0,55450.0,55450.0,55450.0,0,195
07/08/1998,55020.0,55020.0,55020.0,55020.0,0,195
07/09/1998,56000.0,56000.0,54920.0,54920.0,1,196
07/10/1998,54460.0,54460.0,54460.0,54460.0,0,196
07/13/1998,54750.0,54750.0,54750.0,54750.0,0,196
07/14/1998,54690.0,54690.0,54690.0,54690.0,0,196
07/15/1998,54880.0,54880.0,54880.0,54880.0,0,196
07/16/1998,54850.0,54850.0,54850.0,54850.0,0,196
07/17/1998,55210.0,55210.0,55210.0,55210.0,0,196
07/20/1998,56180.0,56180.0,56180.0,56180.0,0,196
07/21/1998,56580.0,56580.0,56580.0,56580.0,0,196
07/22/1998,57580.0,57580.0,57580.0,57580.0,0,196
07/23/1998,58850.0,58850.0,58850.0,58850.0,0,196
07/24/1998,57900.0,57900.0,57900.0,57900.0,0,196
07/27/1998,57340.0,57340.0,57340.0,57340.0,0,196
07/28/1998,57600.0,57600.0,57600.0,57600.0,0,196
07/29/1998,56860.0,56860.0,56860.0,56860.0,0,196
07/30/1998,56060.0,56060.0,56060.0,56060.0,0,196
07/31/1998,55540.0,55540.0,55540.0,55540.0,0,196
08/03/1998,54740.0,54740.0,54740.0,54740.0,0,196
08/04/1998,55690.0,55690.0,55690.0,55690.0,0,196
08/05/1998,55240.0,55240.0,55240.0,55240.0,0,196
08/06/1998,55560.0,55560.0,55560.0,55560.0,0,196
08/07/1998,54110.0,54110.0,54110.0,54110.0,0,196
08/10/1998,54490.0,54490.0,54490.0,54490.0,0,196
08/11/1998,53190.0,53190.0,53190.0,53190.0,0,196
08/12/1998,52860.0,52860.0,52860.0,52860.0,0,196
08/13/1998,52500.0,53360.0,52500.0,53360.0,5,201
08/14/1998,53570.0,53570.0,53570.0,53570.0,0,201
08/17/1998,53170.0,53170.0,53170.0,53170.0,0,201
08/18/1998,52700.0,52700.0,52700.0,52700.0,0,201
08/19/1998,52680.0,52680.0,52680.0,52680.0,0,201
08/20/1998,53460.0,53460.0,53460.0,53460.0,0,201
08/21/1998,53680.0,53680.0,53680.0,53680.0,0,201
08/24/1998,53330.0,53330.0,53330.0,53330.0,0,201
08/25/1998,53500.0,53500.0,52310.0,52310.0,2,203
08/26/1998,53500.0,53500.0,51910.0,51910.0,3,206
08/27/1998,50870.0,50870.0,50870.0,50870.0,0,206
08/28/1998,52000.0,52000.0,48810.0,48810.0,2,208
08/31/1998,53000.0,53000.0,48730.0,48730.0,40,248
09/01/1998,50730.0,50730.0,50730.0,50730.0,0,248
09/02/1998,51230.0,51230.0,51230.0,51230.0,0,248
09/03/1998,52320.0,52320.0,52320.0,52320.0,0,248
09/04/1998,53120.0,53120.0,53120.0,53120.0,0,248
09/08/1998,54200.0,54200.0,51950.0,51950.0,1,249
09/09/1998,53020.0,53020.0,53020.0,53020.0,0,249
09/10/1998,53800.0,53800.0,53800.0,53800.0,0,249
09/11/1998,53530.0,53530.0,53530.0,53530.0,0,249
09/14/1998,52880.0,52880.0,52880.0,52880.0,0,249
09/15/1998,52850.0,52850.0,52850.0,52850.0,0,249
09/16/1998,52600.0,52600.0,52600.0,52600.0,0,249
09/17/1998,53260.0,53260.0,53260.0,53260.0,0,249
09/18/1998,53160.0,53160.0,53160.0,53160.0,0,249
09/21/1998,52260.0,52260.0,52260.0,52260.0,0,249
09/22/1998,53200.0,53200.0,53200.0,53200.0,0,249
09/23/1998,54920.0,54920.0,54920.0,54920.0,0,249
09/24/1998,55940.0,55940.0,55940.0,55940.0,0,249
09/25/1998,56000.0,56000.0,55680.0,55680.0,6,243
09/28/1998,56840.0,56840.0,56840.0,56840.0,0,243
09/29/1998,57040.0,57040.0,57040.0,57040.0,0,248
09/30/1998,56740.0,56740.0,56740.0,56740.0,29,248
10/01/1998,55690.0,55690.0,55690.0,55690.0,2,250
10/02/1998,54910.0,54910.0,54910.0,54910.0,0,250
10/05/1998,53500.0,54000.0,53500.0,53650.0,3,253
10/06/1998,54500.0,54500.0,53930.0,53930.0,1,254
10/07/1998,55000.0,55000.0,54480.0,54480.0,1,255
10/08/1998,53090.0,53090.0,53090.0,53090.0,0,255
10/09/1998,53000.0,53000.0,53000.0,53000.0,0,255
10/12/1998,53600.0,53600.0,53600.0,53600.0,0,255
10/13/1998,53000.0,53000.0,52620.0,52620.0,60,315
10/14/1998,52620.0,52620.0,52620.0,52620.0,0,315
10/15/1998,53270.0,53270.0,53270.0,53270.0,0,315
10/16/1998,53550.0,53550.0,53550.0,53550.0,17,315
10/19/1998,53050.0,53050.0,53050.0,53050.0,0,315
10/20/1998,53050.0,53050.0,53050.0,53050.0,0,315
10/21/1998,53060.0,53060.0,53060.0,53060.0,0,315
10/22/1998,53040.0,53040.0,53040.0,53040.0,0,315
10/23/1998,52990.0,52990.0,52990.0,52990.0,0,315
10/26/1998,54100.0,54100.0,54100.0,54100.0,0,315
10/27/1998,53000.0,53000.0,53000.0,53000.0,2,317
10/28/1998,53620.0,53620.0,53620.0,53620.0,0,317
10/29/1998,53920.0,53920.0,53920.0,53920.0,2,319
10/30/1998,53620.0,53620.0,53620.0,53620.0,0,319
11/02/1998,54100.0,54100.0,53490.0,53490.0,5,324
11/03/1998,53000.0,53000.0,52480.0,52480.0,10,334
11/04/1998,52710.0,52710.0,52710.0,52710.0,0,334
11/05/1998,53800.0,53800.0,53800.0,53800.0,0,334
11/06/1998,53490.0,53490.0,53490.0,53490.0,0,334
11/09/1998,53750.0,53750.0,53750.0,53750.0,0,334
11/10/1998,53370.0,53370.0,53370.0,53370.0,0,334
11/11/1998,53550.0,53550.0,53550.0,53550.0,0,334
11/12/1998,54550.0,54550.0,54550.0,54550.0,0,334
11/13/1998,53590.0,53590.0,53590.0,53590.0,2,336
11/16/1998,52660.0,52660.0,52660.0,52660.0,0,336
11/17/1998,52700.0,52700.0,52700.0,52700.0,0,336
11/18/1998,53180.0,53180.0,53180.0,53180.0,0,336
11/19/1998,52990.0,52990.0,52990.0,52990.0,0,336
11/20/1998,52900.0,52900.0,52410.0,52410.0,2,338
11/23/1998,52830.0,52830.0,52830.0,52830.0,0,338
11/24/1998,52880.0,52880.0,52880.0,52880.0,0,338
11/25/1998,53090.0,53090.0,53090.0,53090.0,0,338
11/30/1998,52300.0,52300.0,52300.0,52300.0,0,338
12/01/1998,52450.0,52450.0,52450.0,52450.0,0,338
12/02/1998,53000.0,53000.0,50500.0,50500.0,31,368
12/03/1998,51250.0,51250.0,51250.0,51250.0,0,368
12/04/1998,51150.0,51150.0,51150.0,51150.0,0,368
12/07/1998,51320.0,51320.0,51320.0,51320.0,0,368
12/08/1998,51230.0,51230.0,51230.0,51230.0,0,368
12/09/1998,51040.0,51040.0,51040.0,51040.0,0,368
12/10/1998,51230.0,51230.0,51230.0,51230.0,0,368
12/11/1998,51200.0,51200.0,51200.0,51200.0,0,368
12/14/1998,52100.0,52100.0,52100.0,52100.0,0,368
12/15/1998,52100.0,52100.0,52100.0,52100.0,0,368
12/16/1998,53930.0,53930.0,53930.0,53930.0,0,368
12/17/1998,52820.0,52820.0,52820.0,52820.0,0,368
12/18/1998,52690.0,52690.0,52690.0,52690.0,0,368
12/21/1998,52290.0,52290.0,52290.0,52290.0,0,368
12/22/1998,52400.0,52400.0,52400.0,52400.0,0,368
12/23/1998,52250.0,52250.0,52250.0,52250.0,0,368
12/24/1998,52520.0,52520.0,52520.0,52520.0,0,368
12/28/1998,52570.0,52570.0,52570.0,52570.0,0,368
12/29/1998,53390.0,53390.0,53390.0,53390.0,0,368
12/30/1998,53400.0,53400.0,53400.0,53400.0,0,368
12/31/1998,53250.0,53250.0,53250.0,53250.0,0,368
01/04/1999,52460.0,52460.0,52460.0,52460.0,0,368
01/05/1999,53530.0,53530.0,53530.0,53530.0,0,368
01/06/1999,54700.0,54700.0,54700.0,54700.0,0,368
01/07/1999,55100.0,55560.0,55100.0,55560.0,1,367
01/08/1999,56080.0,56080.0,56080.0,56080.0,0,367
01/11/1999,56790.0,56790.0,56790.0,56790.0,0,367
01/12/1999,55710.0,55710.0,55710.0,55710.0,0,367
01/13/1999,55170.0,55170.0,55170.0,55170.0,0,367
01/14/1999,54970.0,54970.0,54970.0,54970.0,0,367
01/15/1999,54540.0,54540.0,54540.0,54540.0,0,367
01/19/1999,54570.0,54570.0,54570.0,54570.0,0,367
01/20/1999,54870.0,54870.0,54870.0,54870.0,0,367
01/21/1999,54470.0,54470.0,54470.0,54470.0,0,367
01/22/1999,54190.0,54190.0,54190.0,54190.0,0,367
01/25/1999,55050.0,55050.0,55050.0,55050.0,0,367
01/26/1999,55100.0,55100.0,54360.0,54360.0,2,369
01/27/1999,54240.0,54240.0,54240.0,54240.0,0,369
01/28/1999,55590.0,55590.0,55590.0,55590.0,0,369
01/29/1999,54790.0,54790.0,54790.0,54790.0,1,370
02/01/1999,55040.0,55040.0,55040.0,55040.0,10,370
02/02/1999,56130.0,56130.0,56130.0,56130.0,0,370
02/03/1999,56250.0,56250.0,56250.0,56250.0,0,370
02/04/1999,58400.0,58400.0,58400.0,58400.0,0,370
02/05/1999,57340.0,57340.0,57340.0,57340.0,0,370
02/08/1999,57110.0,57110.0,57110.0,57110.0,0,370
02/09/1999,56030.0,56030.0,56030.0,56030.0,0,370
02/10/1999,55880.0,55880.0,55880.0,55880.0,0,370
02/11/1999,56640.0,56640.0,56640.0,56640.0,10,380
02/12/1999,55670.0,55670.0,55670.0,55670.0,20,400
02/16/1999,53460.0,53460.0,53460.0,53460.0,0,400
02/17/1999,53300.0,53300.0,53200.0,53200.0,1,401
02/18/1999,54200.0,54500.0,53370.0,53370.0,4,405
02/19/1999,55900.0,55900.0,54330.0,54330.0,16,421
02/22/1999,53310.0,53310.0,53310.0,53310.0,0,421
02/23/1999,52730.0,52730.0,52730.0,52730.0,42,425
02/24/1999,53100.0,53100.0,51430.0,51430.0,114,427
02/25/1999,53000.0,53200.0,53000.0,53200.0,14,441
02/26/1999,53500.0,53790.0,53500.0,53790.0,2,443
03/01/1999,52820.0,52820.0,52820.0,52820.0,0,443
03/02/1999,53500.0,53500.0,50830.0,50830.0,3,446
03/03/1999,52000.0,52000.0,50750.0,50750.0,2,448
03/04/1999,50810.0,50810.0,50810.0,50810.0,0,448
03/05/1999,53000.0,53000.0,50310.0,50310.0,1,449
03/08/1999,51150.0,51150.0,51150.0,51150.0,0,449
03/09/1999,50710.0,50710.0,50710.0,50710.0,0,449
03/10/1999,51040.0,51040.0,51040.0,51040.0,1,450
03/11/1999,51910.0,51910.0,51910.0,51910.0,0,450
03/12/1999,51400.0,51400.0,51400.0,51400.0,0,450
03/15/1999,49950.0,49950.0,49950.0,49950.0,1,451
03/16/1999,49510.0,49510.0,49510.0,49510.0,0,451
03/17/1999,49530.0,49530.0,49530.0,49530.0,2,453
03/18/1999,49260.0,49260.0,49260.0,49260.0,0,453
03/19/1999,49620.0,49620.0,49620.0,49620.0,0,453
03/22/1999,50280.0,50280.0,50280.0,50280.0,0,453
03/23/1999,50290.0,50290.0,50290.0,50290.0,0,453
03/24/1999,50000.0,50000.0,50000.0,50000.0,0,453
03/25/1999,50320.0,50320.0,50320.0,50320.0,0,453
03/26/1999,50240.0,50240.0,50240.0,50240.0,0,453
03/29/1999,50530.0,50530.0,50530.0,50530.0,0,453
03/30/1999,49940.0,49940.0,49940.0,49940.0,2,455
03/31/1999,49950.0,49950.0,49950.0,49950.0,0,455
04/01/1999,50350.0,50350.0,50350.0,50350.0,0,455
04/05/1999,49170.0,49170.0,49170.0,49170.0,3,458
04/06/1999,49460.0,49460.0,49460.0,49460.0,0,458
04/07/1999,49580.0,49580.0,49580.0,49580.0,0,458
04/08/1999,48730.0,48730.0,48730.0,48730.0,4,461
04/09/1999,49000.0,49000.0,49000.0,49000.0,0,461
04/12/1999,48650.0,48650.0,48650.0,48650.0,0,461
04/13/1999,48800.0,48800.0,48800.0,48800.0,0,461
04/14/1999,50000.0,50000.0,48700.0,48700.0,232,361
04/15/1999,50000.0,50000.0,50000.0,50000.0,1,361
04/16/1999,50250.0,50250.0,50250.0,50250.0,0,361
04/19/1999,52000.0,52000.0,51110.0,51110.0,20,364
04/20/1999,50880.0,50880.0,50880.0,50880.0,2,364
04/21/1999,51210.0,51210.0,51210.0,51210.0,50,391
04/22/1999,51160.0,51160.0,51160.0,51160.0,0,391
04/23/1999,50900.0,50900.0,50900.0,50900.0,2,393
04/26/1999,50570.0,50570.0,50570.0,50570.0,50,443
04/27/1999,51340.0,51340.0,51340.0,51340.0,0,446
04/28/1999,52010.0,52010.0,52010.0,52010.0,0,446
04/29/1999,53480.0,53480.0,53480.0,53480.0,0,446
04/30/1999,53560.0,53560.0,53560.0,53560.0,0,446
05/03/1999,53110.0,53110.0,53110.0,53110.0,0,446
05/04/1999,52510.0,52510.0,52510.0,52510.0,0,446
05/05/1999,53200.0,53200.0,53200.0,53200.0,0,446
05/06/1999,53120.0,53120.0,53120.0,53120.0,0,446
05/07/1999,53660.0,53660.0,53660.0,53660.0,0,446
05/10/1999,53510.0,53510.0,53510.0,53510.0,0,446
05/11/1999,53350.0,53350.0,53350.0,53350.0,9,440
05/12/1999,53060.0,53060.0,53060.0,53060.0,0,440
05/13/1999,54000.0,54850.0,54000.0,54850.0,1,440
05/14/1999,53200.0,53200.0,53200.0,53200.0,0,440
05/17/1999,53200.0,53200.0,53200.0,53200.0,0,440
05/18/1999,53500.0,53500.0,52810.0,52810.0,10,444
05/19/1999,53200.0,53200.0,52280.0,52280.0,1,445
05/20/1999,52530.0,52530.0,52530.0,52530.0,0,445
05/21/1999,51600.0,51600.0,51600.0,51600.0,0,445
05/24/1999,50180.0,50180.0,50180.0,50180.0,0,445
05/25/1999,50260.0,50260.0,50260.0,50260.0,0,445
05/26/1999,50250.0,50250.0,50250.0,50250.0,0,445
05/27/1999,50100.0,50500.0,49200.0,49200.0,15,455
05/28/1999,48750.0,48750.0,48750.0,48750.0,1,455
06/01/1999,49650.0,49650.0,49650.0,49650.0,0,455
06/02/1999,49550.0,49550.0,49550.0,49550.0,0,455
06/03/1999,49550.0,49550.0,49200.0,49200.0,0,455
06/04/1999,49500.0,49500.0,49320.0,49320.0,19,455
06/07/1999,49730.0,49730.0,49730.0,49730.0,0,455
06/08/1999,49340.0,49340.0,49340.0,49340.0,0,455
06/09/1999,50130.0,50130.0,50130.0,50130.0,0,455
06/10/1999,50880.0,50880.0,50880.0,50880.0,0,455
06/11/1999,51090.0,51090.0,51090.0,51090.0,0,455
06/14/1999,51080.0,51080.0,51080.0,51080.0,0,455
06/15/1999,50600.0,50600.0,50600.0,50600.0,0,455
06/16/1999,50320.0,50320.0,50320.0,50320.0,0,455
06/17/1999,50700.0,50700.0,50700.0,50700.0,0,455
06/18/1999,51000.0,51000.0,49640.0,49640.0,17,458
06/21/1999,50370.0,50370.0,50370.0,50370.0,0,458
06/22/1999,50640.0,50640.0,50640.0,50640.0,1,459
06/23/1999,51500.0,51500.0,51300.0,51300.0,1,460
06/24/1999,51340.0,51340.0,51320.0,51320.0,0,460
06/25/1999,50620.0,50620.0,50620.0,50620.0,25,485
06/28/1999,51430.0,51430.0,51430.0,51430.0,0,485
06/29/1999,52520.0,52520.0,52520.0,52520.0,5,485
06/30/1999,53680.0,53680.0,53680.0,53680.0,5,483
07/01/1999,53740.0,53740.0,53740.0,53740.0,0,483
07/02/1999,54430.0,54430.0,54430.0,54430.0,0,483
07/06/1999,53230.0,53230.0,53230.0,53230.0,0,483
07/07/1999,53700.0,53700.0,53700.0,53700.0,0,483
07/08/1999,54110.0,54110.0,54110.0,54110.0,0,483
07/09/1999,53870.0,53870.0,53870.0,53870.0,0,483
07/12/1999,53650.0,53650.0,53650.0,53650.0,1,482
07/13/1999,52670.0,52670.0,52670.0,52670.0,0,482
07/14/1999,52150.0,52150.0,52150.0,52150.0,0,482
07/15/1999,52240.0,52240.0,52240.0,52240.0,0,482
07/16/1999,52020.0,52020.0,52020.0,52020.0,0,482
07/19/1999,51710.0,51710.0,51710.0,51710.0,0,482
07/20/1999,51830.0,51830.0,51830.0,51830.0,0,482
07/21/1999,52460.0,52460.0,52460.0,52460.0,1,483
07/22/1999,52550.0,52550.0,52550.0,52550.0,0,483
07/23/1999,52640.0,52640.0,52640.0,52640.0,0,483
07/26/1999,54000.0,54000.0,52550.0,52550.0,1,484
07/27/1999,52850.0,52850.0,52850.0,52850.0,0,484
07/28/1999,53510.0,53510.0,53510.0,53510.0,0,484
07/29/1999,55080.0,55080.0,55080.0,55080.0,0,484
07/30/1999,55170.0,55170.0,55170.0,55170.0,0,484
08/02/1999,54100.0,54490.0,54100.0,54490.0,4,483
08/03/1999,55260.0,55260.0,55260.0,55260.0,0,483
08/04/1999,54970.0,54970.0,54970.0,54970.0,0,483
08/05/1999,54340.0,54340.0,54340.0,54340.0,0,483
08/06/1999,54160.0,54160.0,54160.0,54160.0,0,483
08/09/1999,53660.0,53660.0,53660.0,53660.0,0,483
08/10/1999,53500.0,54160.0,53500.0,54160.0,23,477
08/11/1999,54500.0,55300.0,54450.0,54450.0,18,482
08/12/1999,53890.0,53890.0,53890.0,53890.0,0,492
08/13/1999,53610.0,53610.0,53610.0,53610.0,10,492
08/16/1999,52770.0,52770.0,52770.0,52770.0,7,494
08/17/1999,52890.0,52890.0,52890.0,52890.0,0,494
08/18/1999,53000.0,53000.0,52720.0,52720.0,1,494
08/19/1999,52660.0,52660.0,52660.0,52660.0,0,494
08/20/1999,53010.0,53010.0,53010.0,53010.0,0,494
08/23/1999,52110.0,52110.0,52110.0,52110.0,0,494
08/24/1999,52600.0,52600.0,51920.0,51920.0,11,499
08/25/1999,52090.0,52090.0,52090.0,52090.0,0,499
08/26/1999,52550.0,52550.0,52550.0,52550.0,0,499
08/27/1999,52380.0,52380.0,52380.0,52380.0,0,499
08/30/1999,52520.0,52520.0,52520.0,52520.0,0,499
08/31/1999,53160.0,53160.0,53160.0,53160.0,0,499
09/01/1999,53150.0,53150.0,52810.0,52810.0,2,501
09/02/1999,53470.0,53470.0,53470.0,53470.0,0,501
09/03/1999,52280.0,52280.0,52280.0,52280.0,0,501
09/07/1999,52300.0,52300.0,52300.0,52300.0,0,501
09/08/1999,53050.0,53050.0,53050.0,53050.0,66,478
09/09/1999,52900.0,52900.0,52900.0,52900.0,104,467
09/10/1999,52570.0,52750.0,52570.0,52750.0,0,471
09/13/1999,52310.0,52310.0,52310.0,52310.0,0,471
09/14/1999,52040.0,52040.0,52040.0,52040.0,0,471
09/15/1999,51680.0,51680.0,51680.0,51680.0,0,471
09/16/1999,51880.0,51880.0,51880.0,51880.0,0,471
09/17/1999,51680.0,51680.0,51680.0,51680.0,25,492
09/20/1999,51670.0,51670.0,51670.0,51670.0,0,492
09/21/1999,53160.0,53160.0,53160.0,53160.0,0,492
09/22/1999,53160.0,53160.0,53160.0,53160.0,0,492
09/23/1999,52830.0,52830.0,52830.0,52830.0,0,492
09/24/1999,52640.0,52640.0,52640.0,52640.0,0,492
09/27/1999,54100.0,54100.0,53440.0,53440.0,11,492
09/28/1999,55500.0,58000.0,55500.0,55940.0,13,497
09/29/1999,54880.0,54880.0,54880.0,54880.0,3,494
09/30/1999,55100.0,55100.0,55100.0,55100.0,0,495
10/01/1999,54770.0,54770.0,54770.0,54770.0,151,469
10/04/1999,55260.0,55260.0,55260.0,55260.0,0,469
10/05/1999,54590.0,54590.0,54590.0,54590.0,0,469
10/06/1999,54240.0,54240.0,54240.0,54240.0,0,469
10/07/1999,55500.0,55500.0,54870.0,54870.0,10,471
10/08/1999,54520.0,54520.0,54520.0,54520.0,0,471
10/11/1999,54340.0,54340.0,54340.0,54340.0,0,471
10/12/1999,54700.0,54700.0,54700.0,54700.0,0,471
10/13/1999,55040.0,55040.0,55040.0,55040.0,0,467
10/14/1999,52640.0,52640.0,52640.0,52640.0,0,467
10/15/1999,53360.0,53360.0,53360.0,53360.0,5,471
10/18/1999,53500.0,53500.0,52500.0,52500.0,1,472
10/19/1999,52190.0,52190.0,52190.0,52190.0,0,472
10/20/1999,51990.0,51990.0,51990.0,51990.0,0,472
10/21/1999,52030.0,52030.0,52030.0,52030.0,0,472
10/22/1999,51950.0,51950.0,51950.0,51950.0,0,472
10/25/1999,51950.0,51950.0,51950.0,51950.0,0,472
10/26/1999,52200.0,52500.0,51540.0,51540.0,43,485
10/27/1999,52500.0,52500.0,51500.0,51500.0,1,486
10/28/1999,52260.0,52260.0,52260.0,52260.0,0,486
10/29/1999,51270.0,51270.0,51270.0,51270.0,5,481
11/01/1999,51720.0,51720.0,51720.0,51720.0,0,481
11/02/1999,51760.0,51760.0,51760.0,51760.0,0,481
11/03/1999,51780.0,51780.0,51780.0,51780.0,0,481
11/04/1999,51730.0,51730.0,51730.0,51730.0,0,481
11/05/1999,50440.0,50440.0,50440.0,50440.0,0,481
11/08/1999,51000.0,51000.0,50350.0,50350.0,1,482
11/09/1999,50820.0,50820.0,50820.0,50820.0,0,482
11/10/1999,51240.0,51240.0,51240.0,51240.0,0,482
11/11/1999,51010.0,51010.0,51010.0,51010.0,0,482
11/12/1999,50810.0,50810.0,50810.0,50810.0,0,482
11/15/1999,51040.0,51040.0,51040.0,51040.0,0,482
11/16/1999,51730.0,51730.0,51730.0,51730.0,0,482
11/17/1999,51000.0,51140.0,51000.0,51140.0,1,481
11/18/1999,51000.0,51580.0,51000.0,51580.0,2,479
11/19/1999,51380.0,51380.0,51380.0,51380.0,1,479
11/22/1999,52150.0,52150.0,52150.0,52150.0,0,479
11/23/1999,53030.0,53030.0,53030.0,53030.0,0,479
11/24/1999,52440.0,52440.0,52440.0,52440.0,2,481
11/29/1999,52260.0,52260.0,52260.0,52260.0,1,482
11/30/1999,52580.0,52580.0,52580.0,52580.0,0,482
12/01/1999,52290.0,52290.0,52290.0,52290.0,0,482
12/02/1999,51460.0,51460.0,51460.0,51460.0,0,482
12/03/1999,51610.0,51610.0,51610.0,51610.0,2,484
12/06/1999,51710.0,51710.0,51710.0,51710.0,0,484
12/07/1999,52090.0,52090.0,52090.0,52090.0,0,484
12/08/1999,51810.0,51810.0,51810.0,51810.0,0,484
12/09/1999,53000.0,53000.0,51720.0,51720.0,10,494
12/10/1999,51740.0,51740.0,51740.0,51740.0,0,494
12/13/1999,51720.0,51720.0,51720.0,51720.0,0,494
12/14/1999,52120.0,52120.0,52120.0,52120.0,0,494
12/15/1999,52030.0,52030.0,52030.0,52030.0,0,494
12/16/1999,52500.0,52500.0,52280.0,52280.0,1,493
12/17/1999,52340.0,52340.0,52340.0,52340.0,0,493
12/20/1999,53200.0,53200.0,52110.0,52110.0,1,494
12/21/1999,51770.0,51770.0,51770.0,51770.0,0,494
12/22/1999,52540.0,52540.0,52540.0,52540.0,0,494
12/23/1999,52360.0,52360.0,52360.0,52360.0,0,494
12/27/1999,52480.0,52480.0,52480.0,52480.0,0,494
12/28/1999,52500.0,52500.0,52370.0,52370.0,2,493
12/29/1999,54180.0,54180.0,54180.0,54180.0,0,493
12/30/1999,54300.0,54560.0,54300.0,54560.0,0,493
01/04/2000,53790.0,53790.0,53790.0,53790.0,0,492
01/05/2000,52290.0,52290.0,52290.0,52290.0,0,492
01/06/2000,52800.0,53000.0,51900.0,51900.0,2,494
01/07/2000,52180.0,52180.0,52180.0,52180.0,0,494
01/10/2000,52160.0,52160.0,52160.0,52160.0,0,494
01/11/2000,52220.0,52220.0,52220.0,52220.0,0,494
01/12/2000,51900.0,51900.0,51900.0,51900.0,0,494
01/13/2000,52230.0,52230.0,52230.0,52230.0,0,494
01/14/2000,52220.0,52220.0,52220.0,52220.0,0,494
01/18/2000,52400.0,52400.0,52400.0,52400.0,0,494
01/19/2000,52560.0,52560.0,52560.0,52560.0,0,494
01/20/2000,53140.0,53140.0,53140.0,53140.0,0,494
01/21/2000,53220.0,53220.0,53220.0,53220.0,0,494
01/24/2000,53540.0,53540.0,53540.0,53540.0,0,494
01/25/2000,53750.0,53750.0,53750.0,53750.0,0,494
01/26/2000,54000.0,54000.0,53000.0,53470.0,3,491
01/27/2000,54650.0,54650.0,54650.0,54650.0,0,491
01/28/2000,53790.0,53790.0,53790.0,53790.0,0,491
01/31/2000,53900.0,53900.0,53900.0,53900.0,0,491
02/01/2000,53220.0,53220.0,53220.0,53220.0,0,491
02/02/2000,53080.0,53080.0,53080.0,53080.0,0,491
02/03/2000,53540.0,53540.0,53540.0,53540.0,0,491
02/04/2000,56400.0,56400.0,56400.0,56400.0,1,490
02/07/2000,53230.0,53230.0,53230.0,53230.0,1,489
02/08/2000,53950.0,53950.0,53950.0,53950.0,0,489
02/09/2000,54830.0,54830.0,54830.0,54830.0,0,489
02/10/2000,54830.0,54830.0,54830.0,54830.0,0,489
02/11/2000,54140.0,54140.0,54140.0,54140.0,0,489
02/14/2000,53560.0,53560.0,53560.0,53560.0,0,489
02/15/2000,53450.0,53450.0,53450.0,53450.0,0,489
02/16/2000,54600.0,54600.0,54600.0,54600.0,60,526
02/17/2000,55000.0,55000.0,55000.0,55000.0,20,544
02/18/2000,55200.0,55200.0,55200.0,55200.0,0,544
02/22/2000,55300.0,55300.0,55300.0,55300.0,0,544
02/23/2000,55160.0,55160.0,55160.0,55160.0,0,544
02/24/2000,55500.0,55500.0,54270.0,54270.0,1,545
02/25/2000,53130.0,53130.0,53130.0,53130.0,0,545
02/28/2000,53510.0,53510.0,53510.0,53510.0,0,545
02/29/2000,53500.0,53500.0,53500.0,53500.0,0,545
03/01/2000,53750.0,53750.0,53750.0,53750.0,0,545
03/02/2000,53110.0,53110.0,53110.0,53110.0,0,545
03/03/2000,53980.0,53980.0,53980.0,53980.0,0,545
03/06/2000,53510.0,53510.0,53510.0,53510.0,0,545
03/07/2000,53420.0,53420.0,53420.0,53420.0,0,545
03/08/2000,53480.0,53480.0,53480.0,53480.0,0,545
03/09/2000,53630.0,53630.0,53630.0,53630.0,0,545
03/10/2000,53300.0,53300.0,53300.0,53300.0,0,545
03/13/2000,53310.0,53310.0,53310.0,53310.0,0,545
03/14/2000,53540.0,53540.0,53540.0,53540.0,0,545
03/15/2000,53870.0,53870.0,53870.0,53870.0,0,545
03/16/2000,53470.0,53470.0,53470.0,53470.0,0,545
03/17/2000,53580.0,53580.0,53580.0,53580.0,0,545
03/20/2000,53080.0,53080.0,53080.0,53080.0,0,545
03/21/2000,53940.0,53940.0,53940.0,53940.0,0,545
03/22/2000,54010.0,54010.0,54010.0,54010.0,0,545
03/23/2000,53610.0,53610.0,53610.0,53610.0,0,545
03/24/2000,53900.0,53900.0,53900.0,53900.0,0,545
03/27/2000,53630.0,53630.0,53630.0,53630.0,0,545
03/28/2000,53470.0,53470.0,53470.0,53470.0,0,545
03/29/2000,52370.0,52370.0,52370.0,52370.0,32,568
03/30/2000,52420.0,52420.0,52420.0,52420.0,0,568
03/31/2000,53040.0,53040.0,53040.0,53040.0,2,568
04/03/2000,53150.0,53150.0,53150.0,53150.0,0,568
04/04/2000,54190.0,54190.0,54190.0,54190.0,0,542
04/05/2000,53920.0,53920.0,53920.0,53920.0,0,542
04/06/2000,53950.0,53950.0,53950.0,53950.0,0,542
04/07/2000,54060.0,54060.0,54060.0,54060.0,80,622
04/10/2000,54550.0,54550.0,54550.0,54550.0,0,622
04/11/2000,54340.0,54340.0,54340.0,54340.0,0,622
04/12/2000,54500.0,54500.0,54350.0,54350.0,2,622
04/13/2000,54570.0,54570.0,54570.0,54570.0,0,622
04/14/2000,54470.0,54470.0,54470.0,54470.0,200,819
04/17/2000,54210.0,54210.0,54210.0,54210.0,0,819
04/18/2000,53970.0,53970.0,53970.0,53970.0,27,819
04/19/2000,53900.0,53900.0,53900.0,53900.0,0,819
04/20/2000,52660.0,52660.0,52660.0,52660.0,0,819
04/24/2000,52370.0,52370.0,52370.0,52370.0,0,819
04/25/2000,53030.0,53030.0,53030.0,53030.0,0,819
04/26/2000,54300.0,54300.0,52500.0,52500.0,1,820
04/27/2000,52680.0,52680.0,52680.0,52680.0,0,820
04/28/2000,52680.0,52680.0,52680.0,52680.0,0,820
05/01/2000,53270.0,53270.0,53270.0,53270.0,0,820
05/02/2000,53260.0,53260.0,53260.0,53260.0,0,820
05/03/2000,53290.0,53290.0,53290.0,53290.0,0,820
05/04/2000,54220.0,54220.0,54220.0,54220.0,0,820
05/05/2000,53070.0,53070.0,53070.0,53070.0,0,820
05/08/2000,53230.0,53230.0,53230.0,53230.0,0,820
05/09/2000,53430.0,53430.0,53430.0,53430.0,0,820
05/10/2000,53370.0,53370.0,53370.0,53370.0,0,820
05/11/2000,53230.0,53230.0,53230.0,53230.0,0,820
05/12/2000,53200.0,53200.0,53200.0,53200.0,18,820
05/15/2000,53600.0,53600.0,53600.0,53600.0,37,807
05/16/2000,54440.0,54440.0,54440.0,54440.0,0,807
05/17/2000,53420.0,53420.0,53420.0,53420.0,15,792
05/18/2000,53690.0,53690.0,53690.0,53690.0,3,792
05/19/2000,53460.0,53460.0,53460.0,53460.0,150,910
05/22/2000,53500.0,53500.0,53500.0,53500.0,0,910
05/23/2000,53500.0,53500.0,53500.0,53500.0,30,933
05/24/2000,53240.0,53240.0,53240.0,53240.0,0,933
05/25/2000,52540.0,52540.0,52540.0,52540.0,0,933
05/26/2000,52710.0,52710.0,52710.0,52710.0,0,933
05/30/2000,52340.0,52610.0,52340.0,52610.0,0,933
05/31/2000,52680.0,52680.0,52680.0,52680.0,58,986
06/01/2000,52640.0,52640.0,52640.0,52640.0,19,996
06/02/2000,53020.0,53020.0,53020.0,53020.0,86,1013
06/05/2000,53260.0,53260.0,53260.0,53260.0,0,1007
06/06/2000,53580.0,53580.0,53580.0,53580.0,0,1007
06/07/2000,53790.0,53790.0,53790.0,53790.0,0,1007
06/08/2000,53660.0,53660.0,53660.0,53660.0,0,1007
06/09/2000,53310.0,53310.0,53310.0,53310.0,0,1007
06/12/2000,53230.0,53230.0,53230.0,53230.0,0,1007
06/13/2000,53020.0,53020.0,53020.0,53020.0,200,1191
06/14/2000,53730.0,53730.0,53730.0,53730.0,0,1191
06/15/2000,53590.0,53590.0,53590.0,53590.0,0,1191
06/16/2000,53720.0,53720.0,53720.0,53720.0,25,1216
06/19/2000,53290.0,53290.0,53290.0,53290.0,0,1216
06/20/2000,53240.0,53240.0,53240.0,53240.0,0,1216
06/21/2000,52740.0,52740.0,52740.0,52740.0,0,1216
06/22/2000,52820.0,52820.0,52820.0,52820.0,0,1216
06/23/2000,52770.0,52770.0,52770.0,52770.0,0,1216
06/26/2000,53060.0,53060.0,53060.0,53060.0,0,1216
06/27/2000,52780.0,52780.0,52780.0,52780.0,0,1216
06/28/2000,53100.0,53100.0,53100.0,53100.0,0,1216
06/29/2000,53340.0,53340.0,53340.0,53340.0,0,1216
06/30/2000,53590.0,53590.0,53590.0,53590.0,0,1216
07/05/2000,53800.0,53800.0,53130.0,53130.0,2,1216
07/06/2000,53250.0,53250.0,53250.0,53250.0,0,1216
07/07/2000,53050.0,53050.0,53050.0,53050.0,0,1216
07/10/2000,53250.0,53250.0,53250.0,53250.0,6,1222
07/11/2000,52820.0,52820.0,52820.0,52820.0,10,1232
07/12/2000,52950.0,52950.0,52950.0,52950.0,0,1232
07/13/2000,53020.0,53020.0,53020.0,53020.0,0,1232
07/14/2000,53220.0,53220.0,53220.0,53220.0,0,1232
07/17/2000,53370.0,53370.0,53370.0,53370.0,0,1232
07/18/2000,53400.0,53400.0,53400.0,53400.0,0,1232
07/19/2000,53040.0,53040.0,53040.0,53040.0,46,1278
07/20/2000,52960.0,52960.0,52960.0,52960.0,151,1351
07/21/2000,52260.0,52260.0,52260.0,52260.0,0,1351
07/24/2000,52430.0,52430.0,52430.0,52430.0,25,1376
07/25/2000,52870.0,52870.0,52870.0,52870.0,0,1376
07/26/2000,52420.0,52420.0,52420.0,52420.0,128,1504
07/27/2000,52550.0,52550.0,52550.0,52550.0,0,1504
07/28/2000,52500.0,52500.0,52500.0,52500.0,0,1504
07/31/2000,52860.0,52860.0,52860.0,52860.0,0,1504
08/01/2000,52760.0,52760.0,52760.0,52760.0,10,1504
08/02/2000,52710.0,52710.0,52710.0,52710.0,0,1504
08/03/2000,52550.0,52550.0,52550.0,52550.0,0,1504
08/04/2000,52020.0,52020.0,52020.0,52020.0,0,1504
08/07/2000,52500.0,52500.0,52260.0,52260.0,2,1504
08/08/2000,52000.0,52000.0,51970.0,51970.0,1,1504
08/09/2000,51810.0,51810.0,51810.0,51810.0,0,1504
08/10/2000,51930.0,51930.0,51930.0,51930.0,0,1504
08/11/2000,52140.0,52140.0,52140.0,52140.0,0,1504
08/14/2000,51790.0,51790.0,51790.0,51790.0,0,1504
08/15/2000,51560.0,51560.0,51560.0,51560.0,0,1504
08/16/2000,51660.0,51660.0,51660.0,51660.0,0,1504
08/17/2000,51730.0,51730.0,51730.0,51730.0,0,1504
08/18/2000,51550.0,51550.0,51550.0,51550.0,0,1504
08/21/2000,51700.0,51700.0,51700.0,51700.0,0,1504
08/22/2000,51560.0,51560.0,51560.0,51560.0,0,1504
08/23/2000,51600.0,51600.0,51050.0,51050.0,1,1504
08/24/2000,51670.0,51670.0,51670.0,51670.0,0,1504
08/25/2000,52020.0,52020.0,52020.0,52020.0,0,1504
08/28/2000,52400.0,52400.0,52400.0,52400.0,0,1504
08/29/2000,52550.0,52550.0,52550.0,52550.0,0,1504
08/30/2000,52180.0,52180.0,52180.0,52180.0,0,1504
08/31/2000,52500.0,52750.0,52500.0,52750.0,1,1504
09/01/2000,52770.0,52770.0,52770.0,52770.0,0,1504
09/05/2000,52700.0,52700.0,52700.0,52700.0,0,1504
09/06/2000,52560.0,52560.0,52560.0,52560.0,0,1504
09/07/2000,52210.0,52210.0,52210.0,52210.0,0,1504
09/08/2000,52110.0,52110.0,52110.0,52110.0,0,1504
09/11/2000,51780.0,51780.0,51780.0,51780.0,0,1504
09/12/2000,51990.0,51990.0,51990.0,51990.0,0,1504
09/13/2000,52030.0,52030.0,52030.0,52030.0,205,1439
09/14/2000,52310.0,52310.0,52310.0,52310.0,200,1544
09/15/2000,52200.0,52200.0,52200.0,52200.0,270,1761
09/18/2000,52280.0,52280.0,52280.0,52280.0,0,1761
09/19/2000,52350.0,52350.0,52350.0,52350.0,0,1761
09/20/2000,51930.0,51930.0,51930.0,51930.0,0,1761
09/21/2000,52310.0,52310.0,52310.0,52310.0,0,1761
09/22/2000,52700.0,52700.0,52700.0,52700.0,0,1761
09/25/2000,52750.0,52750.0,52750.0,52750.0,0,1761
09/26/2000,52800.0,52800.0,52800.0,52800.0,0,1761
09/27/2000,53000.0,53300.0,53000.0,53180.0,3,1761
09/28/2000,53000.0,53000.0,53000.0,53000.0,2,1761
09/29/2000,52590.0,52590.0,52590.0,52590.0,0,1761
10/02/2000,52670.0,52670.0,52670.0,52670.0,0,1761
10/03/2000,52750.0,52750.0,52750.0,52750.0,0,1761
10/04/2000,52380.0,52380.0,52380.0,52380.0,0,1761
10/05/2000,52520.0,52520.0,52520.0,52520.0,5,1756
10/06/2000,52430.0,52430.0,52430.0,52430.0,0,1756
10/09/2000,52450.0,52450.0,52450.0,52450.0,0,1756
10/10/2000,52780.0,52780.0,52780.0,52780.0,0,1756
10/11/2000,52500.0,52500.0,52330.0,52330.0,2,1756
10/12/2000,52860.0,52860.0,52860.0,52860.0,0,1756
10/13/2000,52490.0,52490.0,52490.0,52490.0,5,1756
10/16/2000,52500.0,52500.0,52470.0,52470.0,1,1755
10/17/2000,52100.0,52100.0,52100.0,52100.0,0,1755
10/18/2000,52180.0,52180.0,52180.0,52180.0,0,1755
10/19/2000,51800.0,51900.0,51800.0,51900.0,10,1745
10/20/2000,51900.0,51900.0,51900.0,51900.0,0,1745
10/23/2000,51440.0,51440.0,51440.0,51440.0,0,1745
10/24/2000,51630.0,51630.0,51630.0,51630.0,0,1745
10/25/2000,51600.0,51600.0,51260.0,51260.0,1,1745
10/26/2000,51500.0,51500.0,51150.0,51150.0,157,1883
10/27/2000,51290.0,51290.0,51290.0,51290.0,0,1883
10/30/2000,51200.0,51200.0,51190.0,51190.0,28,1898
10/31/2000,51280.0,51280.0,51280.0,51280.0,0,1898
11/01/2000,51350.0,51350.0,51350.0,51350.0,0,1896
11/02/2000,52000.0,52000.0,50900.0,50900.0,5,1897
11/03/2000,51320.0,51320.0,51320.0,51320.0,10,1899
11/06/2000,51540.0,51540.0,51540.0,51540.0,0,1899
11/07/2000,51290.0,51290.0,51290.0,51290.0,0,1899
11/08/2000,51490.0,51490.0,51490.0,51490.0,0,1899
11/09/2000,51640.0,51640.0,51640.0,51640.0,0,1899
11/10/2000,51320.0,51320.0,51320.0,51320.0,0,1899
11/13/2000,50970.0,50970.0,50970.0,50970.0,0,1899
11/14/2000,51040.0,51040.0,51040.0,51040.0,0,1899
11/15/2000,51020.0,51020.0,51020.0,51020.0,5,1904
11/16/2000,50800.0,50800.0,50600.0,50740.0,35,1905
11/17/2000,50800.0,50800.0,50400.0,50610.0,8,1898
11/20/2000,51000.0,51500.0,50700.0,50700.0,6,1900
11/21/2000,50700.0,51000.0,50540.0,50540.0,3,1901
11/22/2000,51200.0,51200.0,50570.0,50570.0,2,1903
11/27/2000,50800.0,51320.0,50800.0,51320.0,23,1905
11/28/2000,51100.0,53000.0,51100.0,51360.0,20,1905
11/29/2000,52000.0,52000.0,50620.0,50620.0,5,1907
11/30/2000,51100.0,51100.0,51100.0,51100.0,0,1907
12/01/2000,50750.0,50750.0,50750.0,50750.0,0,1907
12/04/2000,51410.0,51410.0,51410.0,51410.0,0,1907
12/05/2000,51290.0,51290.0,51290.0,51290.0,0,1907
12/06/2000,51650.0,51650.0,51650.0,51650.0,0,1907
12/07/2000,51350.0,51350.0,51350.0,51350.0,0,1907
12/08/2000,50800.0,50800.0,50590.0,50590.0,1,1906
12/11/2000,50720.0,50720.0,50720.0,50720.0,0,1906
12/12/2000,50800.0,50800.0,50740.0,50740.0,1,1905
12/13/2000,50800.0,50800.0,50370.0,50370.0,1,1905
12/14/2000,50600.0,50600.0,50120.0,50120.0,3,1908
12/15/2000,49740.0,49740.0,49740.0,49740.0,0,1908
12/18/2000,49840.0,49840.0,49840.0,49840.0,0,1908
12/19/2000,49940.0,49940.0,49940.0,49940.0,0,1908
12/20/2000,50300.0,50300.0,50060.0,50060.0,5,1903
12/21/2000,50060.0,50060.0,50060.0,50060.0,0,1903
12/22/2000,50170.0,50170.0,50170.0,50170.0,0,1903
12/26/2000,51500.0,51500.0,50290.0,50290.0,1,1903
12/27/2000,50300.0,50300.0,49800.0,49900.0,3,1902
12/28/2000,49800.0,49800.0,49800.0,49800.0,0,1902
12/29/2000,49700.0,49760.0,49600.0,49760.0,4,1902
01/02/2001,49340.0,49340.0,49340.0,49340.0,0,1902
01/03/2001,49850.0,49850.0,48790.0,48790.0,5,1902
01/04/2001,49700.0,49700.0,48900.0,48900.0,3,1904
01/05/2001,48800.0,49080.0,48800.0,49080.0,2,1906
01/08/2001,48980.0,48980.0,48980.0,48980.0,0,1906
01/09/2001,48980.0,48980.0,48980.0,48980.0,28,1906
01/10/2001,49100.0,49100.0,48950.0,48950.0,6,1912
01/11/2001,49750.0,49750.0,49130.0,49130.0,1,1913
01/12/2001,49760.0,49760.0,49760.0,49760.0,0,1913
01/16/2001,50350.0,50350.0,50350.0,50350.0,74,1935
01/17/2001,50610.0,50610.0,50610.0,50610.0,0,1935
01/18/2001,51120.0,51120.0,51120.0,51120.0,4,1938
01/19/2001,50620.0,50620.0,50620.0,50620.0,50,1935
01/22/2001,50900.0,50900.0,50900.0,50900.0,0,1935
01/23/2001,50930.0,50930.0,50930.0,50930.0,0,1935
01/24/2001,50900.0,50900.0,50810.0,50810.0,10,1935
01/25/2001,51000.0,51000.0,51000.0,51000.0,1,1935
01/26/2001,51150.0,51150.0,51150.0,51150.0,0,1935
01/29/2001,51130.0,51130.0,51130.0,51130.0,14,1935
01/30/2001,51120.0,51120.0,51120.0,51120.0,6,1935
01/31/2001,51000.0,51000.0,51000.0,51000.0,3,1935
02/01/2001,51020.0,51020.0,51020.0,51020.0,0,1935
02/02/2001,50900.0,50900.0,50900.0,50900.0,0,1935
02/05/2001,50280.0,50280.0,50280.0,50280.0,0,1935
02/06/2001,50500.0,50500.0,50000.0,50000.0,1,1936
02/07/2001,49570.0,49570.0,49570.0,49570.0,0,1936
02/08/2001,50000.0,50000.0,49010.0,49010.0,5,1941
02/09/2001,48500.0,48940.0,48500.0,48940.0,7,1942
02/12/2001,48870.0,48870.0,48870.0,48870.0,2,1944
02/13/2001,48850.0,48850.0,48850.0,48850.0,0,1944
02/14/2001,48900.0,48900.0,48510.0,48510.0,5,1945
02/15/2001,48900.0,48900.0,48580.0,48580.0,2,1947
02/16/2001,49500.0,49500.0,48300.0,48300.0,3,1946
02/20/2001,48500.0,48500.0,47650.0,47650.0,6,1947
02/21/2001,47500.0,48900.0,47500.0,47590.0,9,1950
02/22/2001,47660.0,47660.0,47660.0,47660.0,0,1950
02/23/2001,48500.0,48500.0,47600.0,47780.0,4,1950
02/26/2001,47750.0,48000.0,47750.0,47850.0,4,1951
02/27/2001,48000.0,48000.0,47610.0,47610.0,12,1954
02/28/2001,48130.0,48130.0,48130.0,48130.0,0,1954
03/01/2001,47800.0,47800.0,47300.0,47300.0,11,1949
03/02/2001,46400.0,47510.0,46400.0,47510.0,4,1948
03/05/2001,48000.0,48000.0,47480.0,47480.0,12,1960
03/06/2001,47370.0,47370.0,47370.0,47370.0,0,1960
03/07/2001,47400.0,47570.0,47400.0,47570.0,5,1960
03/08/2001,47830.0,47830.0,47830.0,47830.0,10,1960
03/09/2001,47930.0,47930.0,47930.0,47930.0,5,1960
03/12/2001,47140.0,47140.0,47140.0,47140.0,25,1968
03/13/2001,47320.0,47320.0,47320.0,47320.0,0,1968
03/14/2001,47420.0,47420.0,47420.0,47420.0,3,1965
03/15/2001,47000.0,47200.0,46390.0,46390.0,10,1973
03/16/2001,45800.0,45980.0,45500.0,45980.0,10,1969
03/19/2001,45900.0,45900.0,45900.0,45900.0,4,1965
03/20/2001,45700.0,46190.0,45700.0,46190.0,2,1965
03/21/2001,46500.0,46700.0,46140.0,46140.0,2,1965
03/22/2001,46170.0,46170.0,46170.0,46170.0,0,1965
03/23/2001,46240.0,46240.0,46240.0,46240.0,0,1965
03/26/2001,46410.0,46410.0,46410.0,46410.0,0,1965
03/27/2001,46400.0,47100.0,46400.0,46970.0,3,1964
03/28/2001,46700.0,46700.0,46370.0,46370.0,1,1965
03/29/2001,46300.0,46300.0,45970.0,45970.0,1,1966
03/30/2001,45570.0,45570.0,45570.0,45570.0,0,1966
04/02/2001,45300.0,45770.0,45300.0,45770.0,2,1966
04/03/2001,45750.0,45750.0,45750.0,45750.0,0,1966
04/04/2001,46020.0,46020.0,46020.0,46020.0,0,1966
04/05/2001,46150.0,46150.0,46150.0,46150.0,150,1860
04/06/2001,45920.0,45920.0,45920.0,45920.0,73,1923
04/09/2001,46100.0,46100.0,45720.0,45720.0,1,1923
04/10/2001,45870.0,45870.0,45870.0,45870.0,0,1962
04/11/2001,47500.0,47500.0,46280.0,46280.0,2,1965
04/12/2001,46180.0,46180.0,46180.0,46180.0,148,2053
04/16/2001,46930.0,46930.0,46930.0,46930.0,1,2051
04/17/2001,47300.0,47300.0,46250.0,46250.0,1,2052
04/18/2001,46160.0,46160.0,46160.0,46160.0,0,2052
04/19/2001,46690.0,46690.0,46690.0,46690.0,0,2052
04/20/2001,46800.0,46800.0,46800.0,46800.0,0,2052
04/23/2001,46600.0,46780.0,46500.0,46780.0,30,2048
04/24/2001,47400.0,47500.0,46890.0,46890.0,2,2048
04/25/2001,45970.0,45970.0,45970.0,45970.0,101,1978
04/26/2001,46500.0,46500.0,46170.0,46170.0,40,1982
04/27/2001,46040.0,46040.0,46040.0,46040.0,1,1982
04/30/2001,46000.0,46000.0,45620.0,45620.0,1,1982
05/01/2001,45900.0,45900.0,45900.0,45900.0,0,1982
05/02/2001,46000.0,46000.0,46000.0,46000.0,0,1982
05/03/2001,46150.0,46150.0,45790.0,45790.0,8,1988
05/04/2001,46300.0,46300.0,45750.0,45750.0,1,1989
05/07/2001,45600.0,45600.0,45420.0,45420.0,1,1990
05/08/2001,45500.0,45500.0,45500.0,45500.0,0,1990
05/09/2001,46230.0,46230.0,46230.0,46230.0,362,2240
05/10/2001,45580.0,45580.0,45580.0,45580.0,5,2236
05/11/2001,45500.0,45500.0,45500.0,45500.0,0,2236
05/14/2001,45710.0,45710.0,45710.0,45710.0,0,2236
05/15/2001,45320.0,45320.0,45320.0,45320.0,0,2236
05/16/2001,46000.0,46750.0,45800.0,46750.0,2,2236
05/17/2001,47100.0,47100.0,47100.0,47100.0,0,2236
05/18/2001,47150.0,48000.0,47150.0,47920.0,2,2237
05/21/2001,48400.0,48400.0,47640.0,47640.0,2,2239
05/22/2001,47810.0,47810.0,47810.0,47810.0,0,2239
05/23/2001,47930.0,47930.0,47930.0,47930.0,249,2267
05/24/2001,48500.0,48500.0,48210.0,48210.0,55,2272
05/25/2001,47830.0,47830.0,47830.0,47830.0,0,2272
05/29/2001,47400.0,47400.0,47400.0,47400.0,0,2272
05/30/2001,46490.0,46490.0,46490.0,46490.0,0,2272
05/31/2001,46110.0,46110.0,46110.0,46110.0,105,2282
06/01/2001,46200.0,46260.0,46200.0,46260.0,5,2287
06/04/2001,46500.0,46500.0,45410.0,45410.0,19,2293
06/05/2001,45800.0,45800.0,45490.0,45490.0,32,2290
06/06/2001,45600.0,45600.0,45470.0,45470.0,21,2307
06/07/2001,45420.0,45420.0,45420.0,45420.0,0,2307
06/08/2001,45780.0,45780.0,45780.0,45780.0,0,2307
06/11/2001,45800.0,45800.0,45460.0,45460.0,2,2307
06/12/2001,45600.0,45870.0,45600.0,45870.0,2,2305
06/13/2001,46270.0,46270.0,46270.0,46270.0,0,2305
06/14/2001,46700.0,47000.0,46700.0,46810.0,2,2305
06/15/2001,46500.0,46600.0,46100.0,46100.0,3,2306
06/18/2001,46330.0,46330.0,46330.0,46330.0,2,2308
06/19/2001,46090.0,46090.0,46090.0,46090.0,0,2308
06/20/2001,45530.0,45530.0,45530.0,45530.0,43,2348
06/21/2001,45500.0,45500.0,45320.0,45320.0,2,2348
06/22/2001,45600.0,45600.0,45110.0,45110.0,17,2363
06/25/2001,45080.0,45080.0,45080.0,45080.0,5,2363
06/26/2001,45600.0,45600.0,45600.0,45600.0,0,2363
06/27/2001,45600.0,45600.0,45170.0,45170.0,10,2372
06/28/2001,45100.0,45500.0,45100.0,45100.0,2,2374
06/29/2001,45600.0,45600.0,45050.0,45050.0,4,2374
07/02/2001,44900.0,44900.0,44600.0,44900.0,2,2375
07/03/2001,44600.0,44600.0,44600.0,44600.0,0,2375
07/05/2001,44800.0,44800.0,44100.0,44120.0,26,2378
07/06/2001,44000.0,44370.0,44000.0,44370.0,69,2374
07/09/2001,44200.0,44200.0,44180.0,44180.0,3,2380
07/10/2001,44550.0,44550.0,44370.0,44370.0,3,2380
07/11/2001,44500.0,44500.0,44340.0,44340.0,3,2382
07/12/2001,45000.0,45000.0,44420.0,44420.0,1,2383
07/13/2001,44700.0,44830.0,44700.0,44830.0,1,2384
07/16/2001,44850.0,44850.0,43840.0,43840.0,33,2385
07/17/2001,44400.0,44400.0,44220.0,44220.0,2,2386
07/18/2001,44200.0,44610.0,43900.0,44610.0,10,2391
07/19/2001,44100.0,44140.0,44000.0,44140.0,9,2385
07/20/2001,44150.0,44150.0,44150.0,44150.0,0,2386
07/23/2001,44700.0,44700.0,44350.0,44350.0,1,2387
07/24/2001,44350.0,44350.0,44350.0,44350.0,0,2387
07/25/2001,43800.0,44090.0,43800.0,44090.0,1,2387
07/26/2001,44300.0,44300.0,44180.0,44180.0,1,2388
07/27/2001,44200.0,44200.0,43940.0,43940.0,401,2648
07/30/2001,44000.0,44000.0,43840.0,43840.0,1,2648
07/31/2001,44100.0,44100.0,44020.0,44020.0,1,2649
08/01/2001,44080.0,44080.0,44080.0,44080.0,0,2649
08/02/2001,44600.0,44600.0,44090.0,44090.0,2,2651
08/03/2001,44000.0,44020.0,44000.0,44020.0,4,2649
08/06/2001,43900.0,44200.0,43660.0,43660.0,13,2654
08/07/2001,43500.0,43800.0,43460.0,43460.0,5,2656
08/08/2001,43100.0,43550.0,43100.0,43260.0,8,2661
08/09/2001,43500.0,44300.0,43450.0,43920.0,5,2660
08/10/2001,44200.0,44200.0,43200.0,43200.0,50,2628
08/13/2001,43350.0,43350.0,43220.0,43220.0,1,2629
08/14/2001,43770.0,43770.0,43770.0,43770.0,0,2629
08/15/2001,44700.0,44700.0,43300.0,43300.0,24,2653
08/16/2001,43710.0,43710.0,43710.0,43710.0,61,2655
08/17/2001,44390.0,44390.0,44390.0,44390.0,1,2655
08/20/2001,43750.0,43750.0,43280.0,43280.0,2,2657
08/21/2001,43680.0,43680.0,43680.0,43680.0,0,2657
08/22/2001,43820.0,43820.0,43820.0,43820.0,0,2657
08/23/2001,43850.0,43950.0,43850.0,43930.0,3,2658
08/24/2001,43800.0,43800.0,43570.0,43570.0,105,2619
08/27/2001,43700.0,43700.0,43700.0,43700.0,0,2620
08/28/2001,43600.0,43600.0,43400.0,43560.0,1,2621
08/29/2001,43400.0,43580.0,43400.0,43580.0,4,2623
08/30/2001,43400.0,43400.0,43300.0,43310.0,12,2635
08/31/2001,43400.0,43400.0,43400.0,43400.0,0,2635
09/04/2001,43600.0,43600.0,43220.0,43220.0,3,2636
09/05/2001,43280.0,43280.0,43280.0,43280.0,0,2636
09/06/2001,43300.0,43300.0,43230.0,43230.0,3,2635
09/07/2001,43400.0,43400.0,43180.0,43180.0,3,2635
09/10/2001,43280.0,43280.0,43280.0,43280.0,3,2635
09/11/2001,43280.0,43280.0,43280.0,43280.0,0,2635
09/14/2001,44650.0,44650.0,44650.0,44650.0,0,2635
09/17/2001,45500.0,45500.0,44200.0,45400.0,13,2630
09/18/2001,44900.0,45980.0,44900.0,45980.0,20,2629
09/19/2001,46000.0,48800.0,45500.0,48600.0,38,2636
09/20/2001,48600.0,48600.0,46100.0,46490.0,27,2634
09/21/2001,47800.0,47800.0,47200.0,47280.0,9,2644
09/24/2001,46500.0,47020.0,46500.0,47020.0,105,2624
09/25/2001,46600.0,46900.0,46400.0,46540.0,101,2595
09/26/2001,47240.0,47240.0,47240.0,47240.0,23,2601
09/27/2001,47200.0,47600.0,47110.0,47110.0,81,2625
09/28/2001,47550.0,47800.0,47200.0,47760.0,6,2715
10/01/2001,47700.0,47800.0,47550.0,47570.0,469,2596
10/02/2001,47200.0,47320.0,47200.0,47320.0,1015,3398
10/03/2001,47350.0,47500.0,47130.0,47130.0,546,3900
10/04/2001,47700.0,47800.0,47250.0,47430.0,5,3973
10/05/2001,47650.0,47650.0,47630.0,47630.0,30,3922
10/08/2001,47400.0,47650.0,47400.0,47510.0,11,3923
10/09/2001,47500.0,47500.0,46300.0,46310.0,9,3923
10/10/2001,46100.0,46100.0,45200.0,45220.0,26,3927
10/11/2001,45000.0,45300.0,44850.0,45100.0,82,3935
10/12/2001,45300.0,45600.0,45300.0,45600.0,428,4272
10/15/2001,45600.0,45600.0,44830.0,44830.0,1,4273
10/16/2001,44500.0,44500.0,44000.0,44360.0,150,4265
10/17/2001,44500.0,44800.0,44400.0,44610.0,6,4264
10/18/2001,44400.0,44400.0,43500.0,43530.0,72,4267
10/19/2001,43200.0,44100.0,43200.0,43630.0,16,4269
10/22/2001,43100.0,43250.0,43100.0,43250.0,14,4278
10/23/2001,43600.0,43600.0,43250.0,43330.0,80,4305
10/24/2001,43250.0,43450.0,43050.0,43050.0,14,4326
10/25/2001,43100.0,43150.0,42900.0,43100.0,40,4341
10/26/2001,43300.0,43300.0,42900.0,43000.0,157,4374
10/29/2001,43400.0,43500.0,43280.0,43280.0,38,4410
10/30/2001,43450.0,43500.0,43440.0,43440.0,69,4421
10/31/2001,43500.0,43500.0,42900.0,43050.0,42,4438
11/01/2001,43250.0,43250.0,42880.0,42880.0,5,4441
11/02/2001,42700.0,42700.0,41900.0,41940.0,53,4436
11/05/2001,42000.0,42000.0,41800.0,41830.0,32,4459
11/06/2001,41900.0,42300.0,41900.0,42030.0,23,4472
11/07/2001,42250.0,42300.0,42000.0,42130.0,139,4568
11/08/2001,42100.0,42100.0,41600.0,41620.0,210,4554
11/09/2001,41700.0,41800.0,41500.0,41640.0,327,4756
11/12/2001,42300.0,42800.0,42000.0,42040.0,157,4758
11/13/2001,41800.0,42500.0,41600.0,42260.0,48,4786
11/14/2001,42300.0,42450.0,42300.0,42330.0,84,4772
11/15/2001,42050.0,42100.0,41800.0,42060.0,85,4719
11/16/2001,42150.0,42200.0,41980.0,41980.0,54,4726
11/19/2001,42100.0,42150.0,41500.0,41660.0,87,4740
11/20/2001,42050.0,42050.0,41550.0,41580.0,351,4884
11/21/2001,41500.0,41650.0,41350.0,41430.0,23,4894
11/26/2001,41600.0,41800.0,41200.0,41320.0,137,4981
11/27/2001,41700.0,41700.0,41200.0,41420.0,281,4961
11/28/2001,41700.0,42500.0,41700.0,42170.0,616,5219
11/29/2001,42250.0,42400.0,41670.0,41670.0,704,5379
11/30/2001,42500.0,42500.0,42170.0,42170.0,78,5435
12/03/2001,42300.0,43000.0,42100.0,42850.0,45,5454
12/04/2001,42650.0,42650.0,42130.0,42130.0,192,5502
12/05/2001,42250.0,42640.0,42250.0,42640.0,40,5512
12/06/2001,42900.0,43100.0,42700.0,42910.0,66,5538
12/07/2001,43000.0,43400.0,42950.0,43080.0,103,5544
12/10/2001,43100.0,43150.0,42860.0,42860.0,19,5563
12/11/2001,43000.0,43400.0,43000.0,43150.0,196,5610
12/12/2001,43250.0,43350.0,42950.0,43050.0,109,5693
12/13/2001,43250.0,43250.0,43100.0,43100.0,57,5712
12/14/2001,43500.0,44000.0,43500.0,43770.0,85,5754
12/17/2001,43700.0,44000.0,43650.0,43820.0,98,5725
12/18/2001,44300.0,44300.0,44000.0,44300.0,20,5670
12/19/2001,44350.0,44700.0,43250.0,43250.0,59,5663
12/20/2001,44200.0,44300.0,43350.0,44150.0,74,5682
12/21/2001,44000.0,45100.0,44000.0,44770.0,38,5693
12/26/2001,44600.0,45480.0,44600.0,45480.0,22,5695
12/27/2001,45400.0,45400.0,44770.0,44770.0,269,5750
12/28/2001,44800.0,45300.0,44200.0,45090.0,101,5751
12/31/2001,45200.0,46200.0,45000.0,45930.0,90,5780
01/02/2002,46000.0,46000.0,45350.0,45350.0,89,5768
01/03/2002,46000.0,46600.0,45950.0,46070.0,216,5902
01/04/2002,46000.0,46700.0,45500.0,46490.0,63,5827
01/07/2002,45800.0,46800.0,45800.0,46650.0,48,5844
01/08/2002,46600.0,46600.0,46050.0,46410.0,105,5791
01/09/2002,46800.0,47300.0,46600.0,47020.0,94,5821
01/10/2002,47150.0,47450.0,46850.0,46990.0,240,5939
01/11/2002,47200.0,47200.0,46700.0,46950.0,269,5994
01/14/2002,46500.0,46550.0,45230.0,45230.0,145,6061
01/15/2002,45250.0,46000.0,44900.0,45630.0,73,6048
01/16/2002,45700.0,46000.0,45000.0,45600.0,411,6256
01/17/2002,45250.0,45400.0,44500.0,44500.0,208,6324
01/18/2002,44300.0,44400.0,43400.0,43540.0,345,6369
01/22/2002,43850.0,43850.0,42700.0,43280.0,116,6404
01/23/2002,43300.0,43700.0,43050.0,43050.0,63,6422
01/24/2002,43700.0,43700.0,43050.0,43330.0,185,6377
01/25/2002,43500.0,43950.0,43400.0,43610.0,260,6398
01/28/2002,43300.0,43500.0,43000.0,43020.0,53,6401
01/29/2002,42700.0,43700.0,42700.0,43450.0,148,6446
01/30/2002,43550.0,43550.0,43000.0,43450.0,70,6448
01/31/2002,43600.0,43600.0,42600.0,42730.0,81,6473
02/01/2002,42800.0,43900.0,42800.0,43580.0,124,6478
02/04/2002,43450.0,43750.0,43200.0,43430.0,69,6506
02/05/2002,43700.0,44600.0,43400.0,44420.0,191,6518
02/06/2002,45100.0,45250.0,44100.0,44150.0,215,6590
02/07/2002,44000.0,44300.0,43850.0,43950.0,256,6666
02/08/2002,44800.0,45400.0,44700.0,45040.0,124,6699
02/11/2002,44600.0,44850.0,44250.0,44700.0,96,6710
02/12/2002,44500.0,45600.0,44150.0,45460.0,270,6811
02/13/2002,44750.0,45680.0,44700.0,45680.0,243,6826
02/14/2002,45800.0,46000.0,45400.0,45750.0,168,6859
02/15/2002,45900.0,46250.0,45660.0,45660.0,115,6886
02/19/2002,45650.0,45800.0,45000.0,45070.0,144,6983
02/20/2002,44900.0,45150.0,44100.0,44550.0,102,6982
02/21/2002,44750.0,44900.0,44550.0,44800.0,132,7042
02/22/2002,45100.0,45100.0,44570.0,44570.0,77,7063
02/25/2002,44600.0,44600.0,44000.0,44290.0,84,7067
02/26/2002,44600.0,45200.0,44600.0,44930.0,196,7134
02/27/2002,45300.0,45350.0,44700.0,44930.0,72,7153
02/28/2002,45100.0,45600.0,45100.0,45600.0,65,7165
03/01/2002,45700.0,46300.0,45100.0,46000.0,88,7168
03/04/2002,46800.0,46800.0,46200.0,46350.0,158,7178
03/05/2002,46300.0,46650.0,45800.0,45900.0,266,7152
03/06/2002,45700.0,46100.0,45300.0,45690.0,249,7262
03/07/2002,45300.0,45550.0,45050.0,45220.0,80,7231
03/08/2002,45500.0,46100.0,45470.0,45470.0,54,7231
03/11/2002,45700.0,45700.0,45270.0,45270.0,142,7247
03/12/2002,45400.0,45900.0,45300.0,45400.0,89,7258
03/13/2002,45800.0,45850.0,45400.0,45700.0,25,7259
03/14/2002,45700.0,45700.0,45350.0,45420.0,78,7211
03/15/2002,45400.0,45650.0,45000.0,45350.0,41,7210
03/18/2002,45850.0,45850.0,45430.0,45430.0,56,7214
03/19/2002,45700.0,46200.0,45550.0,45650.0,71,7226
03/20/2002,45750.0,45900.0,45500.0,45770.0,15,7234
03/21/2002,45700.0,45900.0,45530.0,45530.0,90,7265
03/22/2002,45850.0,46300.0,45850.0,45850.0,50,7288
03/25/2002,45850.0,46550.0,45850.0,46250.0,86,7339
03/26/2002,46300.0,46600.0,46200.0,46300.0,25,7350
03/27/2002,47200.0,47450.0,46800.0,47200.0,210,7404
03/28/2002,47450.0,47500.0,46900.0,46910.0,127,7426
04/01/2002,47400.0,47500.0,47000.0,47430.0,103,7474
04/02/2002,47250.0,48000.0,47250.0,47910.0,215,7485
04/03/2002,47600.0,47700.0,47050.0,47120.0,866,7498
04/04/2002,46900.0,47050.0,46500.0,46710.0,118,7479
04/05/2002,46700.0,46800.0,46100.0,46270.0,208,7485
04/08/2002,46400.0,46600.0,46000.0,46170.0,96,7517
04/09/2002,46200.0,46350.0,45700.0,46100.0,305,7541
04/10/2002,45800.0,47100.0,45750.0,46810.0,78,7537
04/11/2002,46850.0,46850.0,46400.0,46400.0,209,7586
04/12/2002,46400.0,46550.0,46400.0,46500.0,53,7624
04/15/2002,46850.0,46850.0,44950.0,45070.0,236,7652
04/16/2002,45350.0,45450.0,44500.0,44660.0,410,7668
04/17/2002,45100.0,45400.0,45000.0,45130.0,269,7778
04/18/2002,45000.0,46100.0,45000.0,45600.0,183,7760
04/19/2002,45500.0,45850.0,45400.0,45650.0,44,7794
04/22/2002,46000.0,46500.0,46000.0,46060.0,123,7794
04/23/2002,45950.0,46550.0,45500.0,46340.0,190,7867
04/24/2002,46550.0,46650.0,46200.0,46280.0,134,7868
04/25/2002,46500.0,47100.0,46500.0,46870.0,198,7926
04/26/2002,46900.0,47400.0,46500.0,47190.0,180,7957
04/29/2002,47000.0,47010.0,46700.0,47010.0,277,8079
04/30/2002,46500.0,46500.0,45750.0,45960.0,368,8223
05/01/2002,45600.0,46200.0,45600.0,45910.0,189,8207
05/02/2002,45750.0,46100.0,45650.0,46050.0,49,8235
05/03/2002,46400.0,46800.0,46400.0,46590.0,146,8265
05/06/2002,46500.0,46650.0,46300.0,46560.0,78,8313
05/07/2002,46650.0,46900.0,46400.0,46680.0,334,8403
05/08/2002,46500.0,46850.0,46000.0,46210.0,660,8373
05/09/2002,46200.0,46700.0,46100.0,46630.0,67,8364
05/10/2002,46800.0,47150.0,46800.0,47040.0,201,8470
05/13/2002,47300.0,47550.0,46300.0,46410.0,575,8712
05/14/2002,46500.0,46650.0,46200.0,46460.0,82,8722
05/15/2002,46550.0,46900.0,46500.0,46780.0,608,9025
05/16/2002,46900.0,47000.0,46500.0,46910.0,64,9043
05/17/2002,46900.0,47300.0,46700.0,47050.0,441,9190
05/20/2002,47200.0,48500.0,46800.0,48220.0,347,9322
05/21/2002,48500.0,49100.0,48200.0,48910.0,900,9333
05/22/2002,48900.0,49000.0,48400.0,48880.0,711,9666
05/23/2002,48500.0,49700.0,48200.0,49580.0,537,9696
05/24/2002,49300.0,49600.0,49100.0,49180.0,306,9717
05/28/2002,49100.0,49550.0,48600.0,49300.0,395,9870
05/29/2002,49600.0,50300.0,49500.0,49910.0,936,9995
05/30/2002,49900.0,50350.0,49700.0,50320.0,770,10103
05/31/2002,51000.0,51300.0,50250.0,50880.0,857,10100
06/03/2002,50700.0,51600.0,50700.0,51270.0,516,10285
06/04/2002,51650.0,52000.0,51400.0,51720.0,760,10602
06/05/2002,50800.0,51150.0,49650.0,49850.0,2306,10466
06/06/2002,49850.0,50550.0,49500.0,50340.0,912,10758
06/07/2002,50800.0,51000.0,49900.0,50180.0,739,10798
06/10/2002,49900.0,50100.0,49300.0,49510.0,920,11017
06/11/2002,49200.0,49400.0,48300.0,49240.0,1971,11635
06/12/2002,49300.0,49950.0,49150.0,49580.0,906,12184
06/13/2002,49200.0,49500.0,48600.0,48760.0,596,12566
06/14/2002,49250.0,49300.0,48800.0,48940.0,684,12853
06/17/2002,48900.0,48900.0,48500.0,48670.0,584,13113
06/18/2002,49000.0,49150.0,48750.0,48910.0,1044,13748
06/19/2002,49500.0,49550.0,48800.0,48890.0,988,14215
06/20/2002,49200.0,49350.0,48950.0,49190.0,1044,14912
06/21/2002,49250.0,49350.0,48700.0,49040.0,940,15392
06/24/2002,49400.0,49750.0,49100.0,49170.0,1286,16115
06/25/2002,48950.0,49050.0,48250.0,48840.0,948,16307
06/26/2002,49400.0,49450.0,48800.0,49060.0,2130,17123
06/27/2002,48800.0,49350.0,48550.0,49260.0,1135,17464
06/28/2002,49350.0,49350.0,48750.0,48830.0,725,17620
07/01/2002,48700.0,49250.0,48450.0,49150.0,717,17791
07/02/2002,49100.0,50300.0,49100.0,49760.0,1337,18174
07/03/2002,49600.0,49900.0,49500.0,49820.0,920,18140
07/08/2002,49700.0,50200.0,49600.0,50090.0,536,18445
07/09/2002,50300.0,51000.0,50200.0,50870.0,1671,19168
07/10/2002,50600.0,51300.0,50600.0,50790.0,696,19216
07/11/2002,50800.0,51600.0,50700.0,51190.0,1699,19337
07/12/2002,51100.0,51400.0,50750.0,50920.0,714,19588
07/15/2002,51200.0,51950.0,51150.0,51460.0,1693,20034
07/16/2002,51400.0,51500.0,50300.0,50610.0,1515,20342
07/17/2002,50550.0,50550.0,49900.0,50330.0,1719,20327
07/18/2002,50450.0,50500.0,50300.0,50330.0,512,20425
07/19/2002,50800.0,51400.0,50700.0,51080.0,1684,20862
07/22/2002,51000.0,51350.0,50650.0,50750.0,1025,21229
07/23/2002,50400.0,50400.0,49000.0,49130.0,2966,21493
07/24/2002,48900.0,49000.0,48400.0,48900.0,2995,21508
07/25/2002,48900.0,49200.0,48500.0,48860.0,3522,24521
07/26/2002,48700.0,48700.0,46200.0,46940.0,3921,23974
07/29/2002,46700.0,46900.0,46500.0,46680.0,2910,24394
07/30/2002,46750.0,47250.0,46700.0,46860.0,1233,24173
07/31/2002,46800.0,47000.0,46000.0,46260.0,2483,25078
08/01/2002,45800.0,46450.0,45750.0,46110.0,2197,24156
08/02/2002,46350.0,46600.0,46050.0,46210.0,3954,27017
08/05/2002,46450.0,47050.0,46400.0,46620.0,1282,27362
08/06/2002,46250.0,46650.0,46250.0,46420.0,444,27419
08/07/2002,46650.0,47350.0,46650.0,47040.0,1388,27904
08/08/2002,47200.0,47200.0,46500.0,46670.0,903,28019
08/09/2002,46650.0,47100.0,46500.0,46990.0,952,28337
08/12/2002,47350.0,47700.0,46050.0,46220.0,2099,29121
08/13/2002,46400.0,46450.0,46050.0,46090.0,886,29635
08/14/2002,46600.0,46700.0,44750.0,44860.0,5632,31654
08/15/2002,45150.0,45350.0,44850.0,45100.0,6445,35369
08/16/2002,45250.0,46050.0,44900.0,45210.0,3167,37240
08/19/2002,45200.0,45450.0,44200.0,44320.0,9954,40303
08/20/2002,44550.0,44900.0,44350.0,44650.0,5368,43283
08/21/2002,44700.0,44950.0,44450.0,44480.0,3180,44614
08/22/2002,44400.0,45200.0,44100.0,44920.0,6563,48308
08/23/2002,44650.0,44850.0,44000.0,44490.0,6001,49515
08/26/2002,44600.0,44850.0,44500.0,44630.0,5465,50472
08/27/2002,44750.0,45550.0,44450.0,45300.0,14520,54255
08/28/2002,45200.0,45700.0,45150.0,45250.0,8968,57188
08/29/2002,45350.0,45850.0,45300.0,45570.0,9041,59406
08/30/2002,45700.0,45700.0,44550.0,44680.0,10096,59840
09/03/2002,45000.0,45200.0,44700.0,44850.0,6932,60007
09/04/2002,44700.0,45050.0,44550.0,44950.0,3776,60192
09/05/2002,45350.0,45700.0,45200.0,45450.0,8802,60092
09/06/2002,45650.0,45800.0,45300.0,45400.0,5312,60208
09/09/2002,45600.0,46200.0,45450.0,46030.0,6991,60820
09/10/2002,45600.0,45950.0,45250.0,45780.0,6786,60802
09/11/2002,45550.0,45800.0,45450.0,45630.0,2589,60906
09/12/2002,45700.0,46350.0,45650.0,46080.0,8960,61429
09/13/2002,46100.0,46400.0,45700.0,45750.0,6806,61247
09/16/2002,45600.0,45900.0,45300.0,45700.0,3829,60506
09/17/2002,45650.0,46000.0,45500.0,45980.0,6955,61185
09/18/2002,46100.0,46650.0,46100.0,46400.0,11113,61314
09/19/2002,46650.0,46950.0,46450.0,46600.0,10522,60301
09/20/2002,46450.0,46850.0,46250.0,46500.0,7060,59667
09/23/2002,46750.0,46750.0,46000.0,46480.0,5631,58947
09/24/2002,46750.0,47200.0,46600.0,46700.0,10553,58785
09/25/2002,46500.0,46750.0,45800.0,46000.0,10566,59149
09/26/2002,45750.0,45850.0,45000.0,45250.0,14428,56759
09/27/2002,45250.0,45450.0,44900.0,45050.0,6833,57094
09/30/2002,45400.0,45850.0,45400.0,45480.0,5879,56894
10/01/2002,45250.0,45300.0,44800.0,44880.0,8738,57123
