720821,198.7,198.7,197.8,198.4,23,1190
720822,197.6,203.4,197.3,202.8,256,1324
720823,202.4,203.2,201.6,203.2,23,1361
720824,204.1,204.8,202.8,203.3,50,1451
720825,202.3,202.9,201.3,201.5,24,1455
720828,201.2,201.3,201,201.3,10,1457
720829,202.3,203.7,202.3,203.7,39,1473
720830,204.7,206.5,204.6,206.4,199,1494
720831,204.8,205.4,204.3,204.4,164,1477
720901,203.9,204.5,203.7,203.7,17,1526
720905,205.4,205.6,205.2,205.5,15,1535
720906,203.5,204.4,201.7,201.7,80,1562
720907,200,200.8,200,200,100,1603
720908,200.3,200.3,196.4,196.5,52,1618
720911,196.7,197.4,192.1,192.4,65,1677
720912,192,193.3,190.1,190.7,180,1660
720913,192.3,193.5,191.3,193.5,46,1670
720914,193.5,194.3,192.1,192.6,40,1687
720915,190,190.1,185.7,185.7,140,1762
720918,181.5,181.5,176.5,178.2,1044,1814
720919,181,181.2,179.2,181.2,185,1885
720920,183.8,184.5,182.8,184.1,141,1837
720921,183.3,185.5,183,185.5,70,1886
720922,183.5,184.4,183.4,183.4,101,1959
720925,180.2,180.7,178.5,180.3,43,1948
720926,182.2,183.4,182.1,183.4,10,1957
720927,184.6,188,182.9,187.1,282,2099
720928,188.3,188.9,187.1,187.4,83,2028
720929,186.8,187.4,186.8,187.1,42,2121
721002,188.1,189.6,188.1,189.5,19,2115
721003,190.5,191.5,190,190.8,50,2127
721004,192.7,192.9,191.3,191.5,125,2101
721005,190.5,190.7,189.5,189.5,33,2100
721006,188.7,194,188.4,192.7,150,2190
721010,194.4,195,193.7,194.7,137,2238
721011,192.9,193.2,191.1,191.1,34,2234
721012,190.9,191.9,189,189.9,44,2234
721013,191.7,192.7,191.5,192.7,17,2218
721016,193.7,193.8,192.5,193.1,58,2256
721017,191.9,193.3,191.9,193.1,36,2279
721018,195.8,198.5,195.7,198.2,952,2763
721019,196.9,197.3,196.1,196.1,91,2758
721020,196.7,198.4,196.6,198.1,183,2837
721024,198.2,200.3,197.5,197.5,315,2952
721025,196.9,197.1,194.9,195.1,111,3000
721026,195.9,196.6,195.1,195.1,78,3200
721027,193.8,196.2,193.8,196,93,3095
721030,194.6,194.9,193.3,193.3,126,3097
721031,192.5,196.4,192.5,196.2,361,3330
721101,197.2,198.6,196.8,197.5,297,3220
721102,197.3,197.3,196.2,196.7,48,3228
721103,197,200,197,199.8,255,3440
721106,200.5,201.1,197.8,197.8,304,3603
721108,198,198,194.5,194.5,88,3625
721109,194.8,195.1,192.5,193.3,153,3725
721110,193.6,195.8,193.6,195.3,164,3739
721113,195.3,195.5,193.1,194.2,353,4066
721114,194.6,194.6,192,193.1,180,4111
721115,194.1,195.1,194,195.1,79,4221
721116,194,194,192.4,193.6,52,4217
721117,192.7,192.7,190.6,190.6,210,4090
721120,190.4,191.2,190.1,191,281,4191
721121,193,194,192.6,193.9,222,4358
721122,194.4,194.8,194.1,194.7,556,4384
721124,194.7,194.7,193.4,193.4,1,4852
721127,193.6,193.6,192.3,192.3,36,4873
721128,193.7,197.9,193.7,197.6,681,5320
721129,198.7,199.2,198,198,180,5420
721130,199.3,201.4,199,200,640,5499
721201,199.6,202.2,198.8,202.2,909,5541
721204,202.3,202.6,200.7,201.1,551,5508
721205,199.7,205.2,199.7,204.9,2404,6271
721206,206.1,206.9,203.1,203.1,1770,6331
721207,203.3,204.3,203.1,204.1,65,6307
721208,205.3,207,204.4,206.6,166,6409
721211,209.8,211.2,209,210.6,1034,6990
721212,209.1,209.7,208.1,208.1,180,6884
721213,208.3,210.3,205.4,205.4,815,7195
721214,206.8,208.3,206.5,208.1,348,7451
721215,210,211.5,209.7,210.4,689,7827
721218,208.3,208.3,203.2,204.7,444,7960
721219,206.3,206.9,205.5,205.5,51,7973
721220,204.4,208.7,204,208.5,335,8038
721221,213.5,213.6,211.7,211.8,1141,8221
721222,210.1,212.2,210.1,212.2,279,8198
721226,213.7,214.2,211.6,212,616,8391
721227,210.7,211.7,209.8,211.5,738,8775
721229,212.9,213.2,212.3,212.3,1048,8606
730102,213.3,213.5,210.8,210.8,687,8341
730103,210.3,215.2,210.2,212.9,199,8303
730104,214.6,214.6,212.7,212.7,175,8095
730105,212.5,214.2,209,210.3,605,7942
730108,209.2,211.7,208,211.5,225,7646
730109,212,212,209.6,209.6,430,7795
730110,209.3,211.1,209,211.1,243,7867
730111,212.3,213,211.8,211.9,294,7982
730112,212.9,213.8,212.5,212.9,225,7982
730115,214,214,211,211,541,7994
730116,210.4,213,209.6,212.8,99,7980
730117,211.4,211.6,209.3,209.3,270,8102
730118,209.1,212.3,208,211.3,185,8048
730119,212.3,212.3,209.2,209.3,684,8420
730122,207.6,208.3,204,204.5,893,8164
730123,206,206.7,204.3,205.1,294,8140
730124,206.7,207.1,204.5,207.1,117,8146
730126,207.7,207.8,205.8,206,111,8200
730129,205.1,209.3,205,209.2,811,7955
730130,209.4,212,209,211.9,310,7811
730131,212.2,214.7,211.7,214.3,417,7713
730201,215.4,215.4,213.8,214.5,295,7641
730202,214.2,215.3,213.1,215.3,183,7625
730205,215.4,223,215.2,222.6,816,7772
730206,224.2,225.7,220.5,221.4,880,7526
730207,221.7,225.3,221.2,221.2,153,7578
730208,227,231,226.7,229.3,848,7500
730209,226.3,228,225.7,226.5,295,7387
730213,232.3,236.3,230,236.3,550,7287
730214,237.3,241,234,239.2,461,7326
730215,238,240,234.9,236,404,7456
730216,233,235,231.6,233.5,280,7420
730220,234.2,238.4,234,237.1,267,7359
730221,242.5,242.5,240,240,305,7371
730222,250,250,250,250,81,7334
730223,256,256.4,249,252.6,3,7375
730226,249,252.8,247.7,251.4,548,7511
730227,255.6,259.8,255.2,259.8,669,7572
730228,259.6,266.1,257.7,266.1,416,7618
730301,269.5,276.1,268.5,276.1,556,7798
730302,277.3,283.5,273.5,273.5,496,7898
730305,263.5,263.5,263.5,263.5,52,7881
730306,253.5,258.5,253.5,253.5,682,8015
730307,249.5,254.6,246.5,246.9,887,7890
730308,256.8,256.8,251.5,253.7,456,7797
730309,251.8,252.8,247,247.6,314,8065
730312,243,244.2,237.6,237.6,697,7096
730313,227.6,233.4,227.6,233.4,724,8022
730314,235.5,236.4,231.5,234.4,402,7895
730315,227.8,231.2,226,226.8,384,7654
730316,230.5,231.6,229,231.4,247,7617
730319,230.9,232.8,227.7,229.2,807,7255
730320,230,239,228.8,238.3,288,7072
730321,238.5,241.6,237.1,238.4,319,7053
730322,236.9,236.9,231,232,570,7123
730323,237.5,238.8,236,237.9,285,7205
730326,245,245,242,242.6,382,7310
730327,241.3,241.6,234,234.5,1085,6956
730328,228.6,234,228.3,230.3,640,6708
730329,232.8,234.4,230.6,230.8,351,6699
730330,234,234,229.1,231.5,194,6648
730402,229.7,238,228.8,237.2,297,6680
730403,236.5,237.5,233,234.2,228,6717
730404,236.6,237.4,233.1,234,284,6725
730405,236.9,237.5,230,230,142,6741
730406,233.7,234.8,232.3,233,152,6699
730409,231.8,236.7,231.3,236.2,295,6708
730410,237.9,240,234.7,237,530,6695
730411,237,238,235.1,237.2,230,6634
730412,235.6,236.5,233,233,201,6605
730413,232.5,234.9,232.4,234.1,120,6621
730416,233.4,234.7,228.3,228.8,417,6617
730417,228.7,229.3,218.8,218.8,711,6657
730418,219.3,221.4,216,219.7,319,6664
730419,221.8,222.8,219.8,222,203,6689
730423,221.5,221.5,217.5,220,287,6195
730424,219.5,223.3,218.7,222.6,609,6680
730425,224.2,224.7,221.3,221.8,566,6824
730426,223.1,223.7,221.2,222.4,245,6861
730427,224.3,224.3,222.6,224,438,6888
730430,225.3,225.6,224.5,225.3,301,6838
730501,224.1,224.6,222,222.7,357,6770
730502,222.4,223.3,217.6,218.5,473,6854
730503,220,228,219.5,228,613,6902
730504,226.5,233.5,223,229.9,781,6914
730507,228.3,230.6,227.7,230,240,6928
730508,232,239.9,232,235.4,825,6936
730509,243.1,244.2,241,242.1,737,7117
730510,246.8,249.5,244.7,246.8,760,7200
730511,246,246,240,242.1,1066,6868
730514,250,252.4,249.5,252.4,594,6904
730515,262.2,262.2,242.4,244,1606,6923
730516,245,246.7,240.5,244.2,842,6735
730517,243.1,246.4,243,245.4,383,6752
730518,251,253,248,252,631,6780
730521,259.3,260,257.2,257.6,724,6759
730522,254,261,254,255,861,6769
730523,252.2,254.2,248.8,249,1038,6501
730524,248.7,251.2,246,250.6,476,6536
730525,250,258.7,248,258,686,6629
730529,263.9,268,255,267.6,1207,6658
730530,268.5,272,263.9,269.8,1035,6769
730531,269.6,269.6,265.7,267,813,6647
730601,273.8,275.5,272.5,274.4,1027,7027
730604,278.5,284.2,273.9,284,987,7231
730605,286.3,286.5,274,274,1494,7231
730606,265.3,270,264,264,1205,7297
730607,264,264,255,255,866,7226
730608,259,262.6,258,260.6,659,7232
730611,258,259.4,251.4,254.9,953,7326
730612,257.5,263.3,257.5,263.2,572,7337
730613,259,260.5,250.4,258.2,656,7325
730614,267.6,267.9,256,260.3,1108,7475
730615,266,269,265,268.3,466,7700
730618,273.9,275.8,271.8,275.3,662,7695
730619,269.5,270.5,267.2,267.5,1279,7804
730620,267.5,270.2,262.8,268.8,1202,7877
730621,272,274.2,270.5,272.5,773,7966
730622,272,273.4,270,273,644,8221
730625,270.1,277.3,269.9,276,1001,8161
730626,278,280.5,276.7,277.8,1139,7864
730627,276.8,279,274,277.8,1161,8104
730628,275.2,278.7,270.5,271.8,1348,7790
730629,274.5,277.2,273.3,276.9,748,7778
730702,276.5,279,274.1,278.1,827,7620
730703,277,282.5,277,280.5,717,7841
730705,281,286,278.5,285.8,882,7952
730706,289.8,293.6,289,289.6,1452,7862
730709,290.5,290.5,285,285.1,984,7788
730710,283,283.5,277.6,278.2,1201,7879
730711,273.2,286.2,272.5,285.6,1492,8065
730712,290.4,291.5,283,284.8,1720,8001
730713,287,289.3,283,287.3,1256,8131
730716,289.5,297.3,287.8,297.2,1106,8159
730717,300.5,302.5,292,297.2,1820,8405
730718,296.2,301.1,293,300.7,2201,8498
730719,296.5,297.5,290.7,290.7,2189,8728
730720,293.2,299.6,292,298.4,2026,9789
730723,303.7,308.4,302.6,308.4,2190,9211
730724,309,312,303,305.7,2723,9418
730725,302.7,311.5,299,305.5,2704,9829
730726,304.8,307,301.1,301.4,2116,9992
730727,300,300.4,291.5,291.9,2289,9807
730730,282.5,288.2,282,282.5,2247,10267
730731,286,297,285.8,297,1894,9913
730801,304,306.8,300.2,306.3,2330,9916
730802,302,305.1,296.8,297,2376,10498
730803,295.1,300.8,294.9,298,1537,10528
730806,292.5,295.6,289,289,2020,10270
730807,289.2,296.3,284,285,2313,10769
730808,285,287.2,277,279,2270,10898
730809,272.5,285,271.5,284.4,2260,10709
730810,279,283.3,275.5,275.8,1907,10757
730813,271.2,273.3,265.8,265.8,2058,10547
730814,264.3,272,259.8,264.8,3274,11071
730815,263.5,271,263.5,269.8,2132,11044
730816,274.8,275.5,269,272,1923,10921
730817,274,275.9,270.6,270.8,1420,10971
730820,275.3,279.9,275.3,279.8,1595,10900
730821,275,275,269.8,269.8,1862,10672
730822,266.3,267.8,260.4,265.1,2669,10598
730823,262.8,266.4,260.1,264,2471,10889
730824,267.7,269,264.5,268.6,2565,10811
730827,269,269.7,263.1,263.5,1648,10903
730828,261.5,267,261.1,263,2581,11261
730829,267.5,273,266.4,273,1976,10987
730830,273,276.9,270.3,271,2531,11132
730831,268,270.5,266.6,269,1379,10957
730904,270,271.7,262.8,265.1,2410,11198
730905,264.1,270.5,263.4,268.9,2562,11060
730906,272,272.5,261,261,2300,11037
730907,263.1,267.5,260,264.7,2777,10690
730910,267.2,267.2,254.7,257.3,2611,10586
730911,255.5,259.8,252.5,259.5,2584,10069
730912,260,260,256.6,258,1663,9884
730913,256.5,262,255,258.8,2600,9418
730914,259.5,262,257.8,261,2156,9195
730917,264.5,270.9,263.5,270.8,2610,8927
730918,269.1,269.4,266.5,267,1582,8851
730919,266.6,276,264.5,276,2868,8903
730920,279,283.8,277.2,283.4,2722,8804
730921,281,282.9,279.5,281,1752,9043
730924,280,286.9,278.2,283.5,2672,9487
730925,282.5,286,280,283.8,2681,9194
730926,289,290.5,286.8,287.5,2288,9178
730927,284.5,285.4,282,282.4,1320,9454
730928,279,283.2,278.3,282.2,1410,9961
731001,277.2,279.4,276,276.2,1746,9286
731002,278.8,280.8,277,280,1679,9250
731003,283.5,284.4,277,279.4,2272,9377
731004,279.1,280.6,274.5,275.5,2446,9555
731005,277,280.3,275.1,280.3,1520,9597
731009,286,290.3,284.3,290.3,2125,9645
731010,294.8,299.5,293,295.9,2142,9867
731011,295,295.8,291.5,295,1920,9605
731012,296.5,301.6,296.5,301,2130,9443
731015,301,303.9,298.7,299.4,2254,9394
731016,298.9,307,296.8,306.2,2459,9720
731017,305,308.8,296.2,297,2679,9606
731018,297.5,301.7,295,301,1642,9452
731019,296.5,298,292.5,293,1590,9200
731023,296.5,300,295.6,298.6,1395,9111
731024,297,297,292.5,293.7,1785,9079
731025,296,296.7,288.8,292.3,1946,8966
731026,290.2,292.8,287.8,291.6,1572,8963
731029,286.7,287.1,283.5,283.6,1839,8643
731030,283,287.9,282.4,287.2,1571,8632
731031,285,289.7,285,288.1,1684,8384
731101,288.1,291.9,287,291.7,1726,8370
731102,290.5,293.8,289.7,292.2,1462,8189
731105,290.1,293.9,288.3,293.2,1502,8083
731107,291.3,293.5,286.1,286.3,1648,8071
731108,287.5,288.8,285.3,287.4,1510,7972
731109,289.5,289.8,287.5,289.3,1211,7996
731112,284,285,279.9,280,1600,7419
731113,279.9,281.4,275.5,280.7,1625,6940
731114,276,282.5,274.6,281.6,1342,6757
731115,281.6,284.5,279,279.2,1168,6525
731116,280.5,283.6,277.1,282.6,1135,6567
731119,284.3,287.3,281.7,286.9,432,6508
731120,286.5,287.9,284,287.4,950,6346
731121,284,286.5,281.4,284.5,893,6371
731123,283,284.4,281.6,282.7,505,5998
731126,281.5,281.6,273.2,275.6,1408,5339
731127,276.1,282.9,275,282.9,991,5107
731128,292.9,292.9,290.7,292.9,725,4577
731129,297.9,299.5,292.6,296.7,777,2379
731130,294,298,294,296.7,430,2115
731203,295.6,304.6,295.6,304,285,1721
731204,306.9,314.5,304.1,304.1,226,1522
731205,307.1,308.7,298,298.7,216,1367
731206,301,308,301,307.6,115,1160
731207,310.6,312.5,308,309.8,227,1011
731210,307.5,313.1,307.5,313.1,212,835
731211,312,312.5,309,312,99,687
731212,310,311.5,308.5,309,119,667
731213,307,308.2,302.1,302.6,147,614
731214,302,307,301.6,306,77,571
731217,309.5,317.5,308.8,317.5,151,485
731218,321.5,322,316.5,317.8,155,415
731219,316.5,321.4,315.5,319,56,316
731220,324,324,317.4,317.4,93,139
731221,319.4,319.4,316,319.3,69,139
731226,321.9,329,321.3,326.5,108,55
