750812,564.6,574.5,564.6,573.4,1562,4771
750813,566,566,553.4,554.8,80,4842
750814,557,557,545,554.5,2898,7117
750815,559,559,552,556.5,611,7439
750818,553,554,548,548.4,213,6694
750819,543.5,555.2,543.5,555.2,220,6691
750820,557.5,557.5,552.1,552.1,56,6756
750821,554,554,544.9,544.9,113,6745
750822,549.5,556,549.5,550.7,487,6688
750825,553,553.5,551.5,553.5,112,6720
750826,554.5,554.5,534.1,534.1,415,6905
750827,532.5,537,527,536.6,1977,7178
750828,537,537,526.3,526.3,172,7189
750829,522.8,525,514,515.5,2843,7366
750902,498,499,495.5,495.5,2316,6777
750903,503.3,508,502,507.2,1284,6741
750904,512.5,512.5,508,509.4,34,6749
750905,507,510,507,509.8,85,6798
750908,505,507,502.5,502.7,543,7352
750909,492,510.6,492,510.6,2987,9000
750910,516.5,517,514.3,516.7,193,9033
750911,510.5,511.5,508,508,463,9182
750912,514.5,524,514.5,522.7,230,9339
750915,519.5,521,519.5,519.8,23,9361
750916,516,520.5,515.5,516.4,162,9504
750917,508.5,519,505,519,300,9590
750918,515.6,515.6,506.9,506.9,374,9622
750919,506,516.5,503.5,503.5,263,9713
750922,503,505.5,495,498.4,588,9743
750923,495,503,495,497.4,963,10055
750924,501.5,508,501.5,505.2,78,10074
750925,504.7,509,504.7,504.7,496,9938
750926,506.3,507.3,506.3,507.3,98,9935
750929,507.3,509.6,499.2,499.2,536,10245
750930,505.5,505.5,501.5,501.5,682,10393
751001,507,509.3,504,509.3,270,10669
751002,511.6,511.6,500.8,500.8,1325,11950
751003,500,500,490,494.8,853,12151
751006,497.7,498,494.9,494.9,194,12165
751007,497.5,500.5,495.2,495.6,291,12086
751008,493,493,475.6,478.4,2821,13050
751009,480,482.4,475,482.4,915,12978
751010,483.4,486,482.9,485.4,546,12979
751014,475,484.7,474,484.7,553,12880
751015,487,487,471.8,473.2,783,12996
751016,477.4,481.4,475,481.4,519,13443
751017,486.5,486.5,482,485.1,300,13508
751020,486,486,485,485.2,125,13547
751021,480,480,474,476.9,498,13515
751022,478.3,479,477.5,478.7,463,13505
751023,475,475,467.5,472,1371,13813
751024,471,472,468.9,468.9,312,13988
751027,459,461.2,456.8,457.8,2403,14551
751028,460,465.9,460,465.9,2012,14802
751029,464,467.7,464,467.1,3163,17590
751030,468,468,464,464.4,1243,18010
751031,461.5,461.5,457.5,460.5,705,18242
751103,465.5,466,462.7,463.1,824,18521
751105,473,483.1,473,483.1,7244,22957
751106,486,487.5,482.5,486.7,2872,23885
751107,486.4,494.2,484.8,492.1,6605,27232
751110,488,495,487,494.5,4669,28412
751112,487.5,487.6,482,487.6,2218,27456
751113,486,486,481.9,483.3,384,29792
751114,481,486.5,480.8,484.2,2053,29089
751117,480,480,473.7,473.7,934,29981
751118,473.3,474.2,473,474.2,1490,29655
751119,477.3,477.5,475,475,277,30383
751120,475.2,475.2,466.7,466.7,2661,30607
751121,464,465.8,459,465.8,3078,30186
751124,463,470.7,463,470.7,2741,32250
751125,471.5,472.5,463.6,463.6,952,32565
751126,459,464.2,459,464.2,7447,30139
751128,458,460,449.6,449.6,6817,30038
751201,446.5,449,442.5,444.8,11679,32193
751202,448.5,451,448.5,449.7,3123,32774
751203,450,450,439.5,439.6,5187,36078
751204,444,444,438.1,438.1,2331,35993
751205,435,437.5,432.5,437.4,6887,34257
751208,435.5,435.5,428,428.1,4254,35916
751209,425.5,432.4,422.6,432.4,6408,38553
751210,435.5,437.4,435,435.7,3496,40033
751211,440.5,442.5,439,439.9,1727,39485
751212,436,436,430.5,430.5,1828,39725
751215,428,430.1,424.5,430.1,1277,39717
751216,434.7,441.5,434.7,439.9,3718,41414
751217,439,446,438,442.1,4505,42694
751218,445,445,438.9,441,1097,42524
751219,440.5,461,439.5,461,8756,44074
751222,461,471.8,455.6,466.7,7325,43153
751223,462.8,463,459.7,460.5,1634,42305
751224,462,463.8,461.4,461.4,797,42172
751229,464,464,452,452.6,2574,42892
751230,452.5,453.5,449.1,452.1,2472,42019
751231,451,453.3,450,452.6,857,42479
760102,450.5,457,450,455.8,1669,41303
760105,453.8,461.7,450.5,458,1927,41009
760106,460.5,467,459.5,462.1,2440,39877
760107,460.4,465.2,460.4,465.1,1312,39659
760108,460.5,460.5,453.7,453.7,1346,38926
760109,456,456,451.5,453.2,1780,38713
760112,451.8,459.6,451.6,459.6,1451,38594
760113,452,452,439.6,440,4401,38769
760114,439,442.5,437.5,440,1619,38179
760115,441.5,443,426.5,427.1,441,38460
760116,426,429,421,428.4,3837,37497
760119,424.7,427,418,418.1,638,37281
760120,407.1,411.5,404.3,410.1,1736,37165
760121,414.7,417,412.1,414.4,1060,37028
760122,417.8,420.5,415,416.5,824,37254
760123,424.5,424.5,417,418.2,298,37362
760126,409,409.5,405,409.4,809,37133
760127,412.5,415.5,412.5,415,2130,36086
760128,418.5,420.2,417.5,420.2,1177,35230
760129,425,429,424,428.3,698,34984
760130,427.8,428.5,416,421,399,35019
760202,429,429.5,424.9,424.9,195,35086
760203,426.5,426.5,418,420.6,240,35053
760204,417.5,418,414.5,416.5,1023,34812
760205,417.3,419.8,416.8,419.3,3488,32754
760206,425.5,426,422.3,422.9,646,33048
760209,421.4,421.4,419.5,419.8,193,33063
760210,417.6,437.6,417.6,437.6,1421,33027
760211,436.5,442,434.2,434.2,356,32840
760212,439.5,440.5,436.1,436.1,249,32961
760213,442,442,433,436.3,258,32807
760217,431.7,435.2,431.7,435.2,328,33036
760218,441,442.7,437.4,437.4,1869,32488
760219,438.5,445.5,438.5,444.9,214,32449
760220,447,447,443,444.6,482,32402
760223,446.5,447.1,446.5,447.1,11,32350
760224,450,450,445.7,449.7,916,32799
760225,449.9,450,444.5,445.4,1348,32379
760226,440,441.4,439.2,439.7,315,32353
760227,442,447,442,444.7,225,32421
760301,442.5,443.5,438.5,439.7,513,32196
760302,437.7,438.3,435,435.2,384,32245
760303,439,439.7,438,438.6,1225,32067
760304,439,445.5,437.6,444.9,597,32014
760305,447.9,453.2,447.6,449.2,749,31503
760308,448.5,448.5,446,448.2,650,31505
760309,447.5,453,447.3,450.5,1262,32664
760310,454,455.3,452,452.9,537,32672
760311,449.2,450.5,444.4,445.2,161,32245
760312,445.6,448.8,445.1,445.1,326,32385
760315,449.4,449.5,439,439.3,447,32002
760316,439.2,439.3,435,436.1,635,31772
760317,439.5,443,438.9,442.3,251,31672
760318,445.5,445.5,438.5,439.1,382,31692
760319,438.5,443.5,436.8,443.5,374,31874
760322,440.9,441.5,437.1,437.1,960,32425
760323,437.2,440.5,435,438.8,1131,31962
760324,441.5,442.3,435,435,336,31979
760325,432.5,433.8,431,431.1,920,32019
760326,429.2,431,426.5,427.7,658,31996
760329,425.2,425.2,420,420,1039,31970
760330,423,428,423,426.3,707,31797
760331,425.5,427.5,422,423.2,446,31727
760401,427.5,435,424.5,433.3,724,31832
760402,432,434.5,429.2,429.2,380,31731
760405,426,433,424.2,433,339,31722
760406,434.5,439,434.5,437.6,403,31733
760407,438,444,435,438.8,1000,31193
760408,445,450,444,448.6,878,31182
760409,446.2,448,444,447.5,588,31035
760412,446.5,465.5,445,463.2,1097,31006
760413,463,464.2,459,460.9,816,30910
760414,459.3,466,456,457.1,725,30914
760415,460,462.8,456.3,461.8,160,30385
760419,459.5,471,459.3,470.1,620,30322
760420,473.5,480,470,471.6,1018,30564
760421,467.5,469,461,462.1,581,30510
760422,464,465,457,460.5,208,30505
760423,462.8,465.3,458,458.8,617,30234
760426,461,467,461,466.9,583,30116
760427,474.5,475.5,469.5,470.1,922,30023
760428,465.8,467.5,459.5,461.6,1715,30213
760429,460.5,464.5,459,461.3,290,30275
760430,465,466.4,460,463.5,319,30329
760503,460,460,456,457.2,350,30262
760504,455,458.5,448,449,951,30282
760505,450.3,454,446,453.1,1054,29836
760506,452.5,462.5,452.5,461.9,425,29859
760507,463.5,469.5,461,469.2,432,29914
760510,473,473.5,465.5,466.4,644,29949
760511,465,467.3,461.5,464.9,1699,30577
760512,469,475,467.5,469.8,994,30681
760513,465.5,469,463.5,465.1,578,30785
760514,464,467,462.5,466.3,517,30688
760517,466,469,457.5,457.9,694,30709
760518,457,459,452.2,454.6,1136,30477
760519,456.5,457.4,451,453.2,457,30451
760520,456,462.3,455.7,461.7,587,30489
760521,463,463.3,458.5,459,1926,29976
760524,456,473,454.5,470.2,1212,29842
760525,467.7,474.2,467,467.9,1888,29541
760526,474.2,485,473.2,481.6,2041,29046
760527,486,487.4,480.3,483.7,2007,28514
760528,482,486.5,480,485.2,1033,28238
760601,486.5,491,483.6,485.9,1466,27971
760602,481.7,487,479,484.1,2373,26586
760603,482.5,491.8,482.5,485.2,3739,27085
760604,484.5,488,480.2,480.4,2176,26381
760607,479,497,478.5,494.7,3847,24674
760608,496.3,500,489.1,490.2,4739,25431
760609,495,498,492.5,495.9,1611,24035
760610,503,508.5,503,503.8,4132,22024
760611,505,507.5,498.5,507.1,2132,22020
760614,505.5,509.5,503.2,505.2,3102,21091
760615,501,501.5,493.8,495.1,3013,21210
760616,496.2,497,490,494.4,1875,20137
760617,502,502.5,494.5,497.7,1597,20148
760618,497,499,495.1,497.1,1330,19752
760621,496,499,492.5,498,1330,19573
760622,506,506.5,500.1,502.5,1209,19380
760623,499,499,482.5,487.7,2027,19183
760624,486.5,492.5,484,492.2,1386,19364
760625,493,494.5,483,484.7,1979,19317
760628,481.5,484.8,481.2,482.9,1678,19053
760629,485.8,496,482.5,493.4,1998,19037
760630,496,499.8,492.5,496.6,2164,18932
760701,492,515.3,491.5,513.2,3902,19339
760702,518,521.5,508.5,513,3189,19956
760706,524.5,527,520,525,2368,19941
760707,524,524,511.4,512.7,3774,18764
760708,518,520,511,519.5,3671,19306
760709,517.5,520.5,513.5,514,1738,19465
760712,507,510.5,495,495.7,3335,19221
760713,498.5,503,495,497.8,1395,19304
760714,500,509.5,499.5,509,1947,19333
760715,511.1,511.1,491,492.8,2583,19596
760716,492.5,493,481,486,2715,19492
760719,478.5,481,466,466,3016,19377
760720,458,467,448,455.5,3871,19147
760721,464.5,467.5,459.5,462,2388,18933
760722,456,459.5,445.5,453.7,2641,18839
760723,458.5,467,456,466,1947,18607
760726,466,468.2,456,460.4,1724,18565
760727,468.7,472,463,466.6,2297,18432
760728,470.5,472.3,464,464.5,2326,18222
760729,460,465.5,459,460.5,3063,18379
760730,463,464.8,456.5,457.3,1604,18272
760802,452.5,454.5,437.3,439.5,3540,18301
760803,435,443.1,431.5,434,3068,18360
760804,443,446,438.3,444,1819,18309
760805,439.5,441,427.5,428.5,3559,18081
760806,431,434.5,428.5,429.6,2195,18019
760809,425.5,428,420.1,420.7,2287,18121
760810,427,434,425.5,433.5,2346,18120
760811,431.1,439.5,428.5,439.1,2646,18259
760812,436,443.8,435.3,442.2,2938,17919
760813,441,447,439.5,443.2,3173,18064
760816,444,444.5,439.2,440.1,2187,18266
760817,438,438.3,427,431,5281,18551
760818,425,431.9,423.5,430.7,4438,18417
760819,437,444,436.5,442.5,4029,18625
760820,443.9,446.8,432.5,433.7,5470,18446
760823,432,438.5,425.1,425.8,4001,18698
760824,427,428.9,414,414.3,6951,18714
760825,412,421,408.5,418,6382,19346
760826,419.5,425.7,417.5,425.4,7795,20780
760827,423,425.7,411.5,418,6051,21273
760830,414,418.8,410,417.2,3485,21411
760831,415.5,423.6,414,414.2,4982,21133
760901,417,434.1,416.2,432.4,6522,20511
760902,434,437.8,428.3,435.5,4863,20455
760903,435,436.4,430,432.5,3356,20391
760907,444.9,449,441.2,447,6648,19250
760908,447,447.5,431,434.3,9070,18552
760909,430.5,434.8,427.8,432.5,4823,18513
760910,436,436.7,420,420.5,6431,18389
760913,418.5,424.5,415.5,422.8,5824,17899
760914,418,427.5,416.2,421,5942,17606
760915,424,428.5,422.5,426.5,3716,17615
760916,431,432.5,425.5,426,3396,17713
760917,431,435.7,427,429.5,3692,17571
760920,426.5,427.5,421.5,424.5,3566,17613
760921,438,442.5,436,438,4615,17898
760922,435.5,444,433.1,443.5,6011,17204
760923,438,443,436.7,440.8,4448,17289
760924,441.5,447,439.5,446,6276,17159
760927,447,449,442.5,443.5,4432,17072
760928,437.5,439.5,435,436.6,3861,17133
760929,439.5,442.3,436.1,440.5,3931,16667
760930,439,439,433,437.2,3593,16763
761001,439,441.5,436.2,437,2302,16496
761004,433,437.8,431.3,437,1911,16421
761005,438,439.5,432,432.2,4607,16381
761006,431.5,432,428.3,431.7,3938,16170
761007,428,431,426.6,428.3,2808,16282
761008,425,425.5,419.5,422,4391,16269
761011,416.5,417.8,411,413.7,3908,15844
761012,417.5,418.8,416.1,418.5,3104,15522
761013,424.5,425.6,422,423.8,2671,15226
761014,423.8,423.8,415.5,417.5,3114,15265
761015,417.5,423,416.6,422.5,3087,15529
761018,421.4,424,419.3,420,3381,15684
761019,421,421.8,416.2,418,3187,15480
761020,418.8,420.5,415.6,419.5,2684,15356
761021,424.5,425.5,422,422.8,2775,15126
761022,419.7,421.5,418.1,419,1895,15064
761025,412,416.4,412,416,3166,15193
761026,418,418.8,415.7,417.1,2601,14986
761027,416,430,415,429,3363,14619
761028,430.5,432,426.5,428.5,3649,14760
761029,427.5,434.7,427.5,433.2,3404,15063
761101,433.5,435,430,434,2455,14629
761103,438,438.5,431,431.3,2712,13832
761104,430.5,436.4,429.5,435.7,3058,13790
761105,439.5,440.4,436.3,438.5,2695,13403
761108,441.5,442.8,437.5,438,2127,13040
761109,435,446.2,433.3,445.1,4136,11978
761110,450,455,447.5,454,4286,12091
761111,449.5,452.7,446,451,4564,12116
761112,451.8,453.9,448.1,453,2771,11260
761115,457.9,458,436,438,4821,10756
761116,437,442,435,439.5,3529,10017
761117,438,441.5,433,433.2,2488,9693
761118,430.1,433.9,428,432.2,2445,9424
761119,435.5,438.5,433.6,436.6,2258,9153
761122,439,442.3,438.8,441.2,3380,7694
761123,438.5,439.5,435.5,436.2,3599,6175
761124,434,435,430,432.2,3365,4487
761126,429,431.5,421.4,422,2701,4258
761129,422.5,428.3,422,427.9,1202,1519
761130,429,429,425,427.3,352,1221
761201,426,434.5,423.6,432.8,375,885
761202,432,434.3,430,431.9,57,868
761203,430.5,437.8,430.5,436.4,118,700
761206,439,439,436.3,436.3,63,632
761207,435.3,437.8,429,429.6,167,597
761208,435,440,435,438.5,57,512
761209,439.5,441.5,439.5,439.5,123,530
761210,438,440.5,437.3,437.3,28,477
761213,434.1,435.3,433.5,435.3,106,486
761214,438,440.8,438,439,103,418
761215,438,441,434.2,434.2,16,460
761216,436.7,438.5,435,438.4,32,460
761217,434,434,431,432.3,97,316
761220,434.8,434.8,433,433,31,276
761221,434,437.7,433.5,437.7,38,276
761222,437.5,437.5,434.8,434.8,30,239
761223,433,437.2,433,437.2,244,215
761227,437,440,435,436.1,124,93
