800714,1914,1914,1914,1914,130,114
800715,1864,1864,1864,1864,62,179
800716,1876,1876,1876,1876,0,179
800717,1880,1880,1880,1880,0,199
800718,1859,1859,1859,1859,0,199
800721,1864.5,1864.5,1864.5,1864.5,80,279
800722,1914.5,1914.5,1914.5,1914.5,0,279
800723,1918.5,1918.5,1918.5,1918.5,91,325
800724,1954,1954,1954,1954,0,325
800725,2003.5,2003.5,2003.5,2003.5,0,370
800728,1980,1980,1972,1972,72,406
800729,1985,1985,1957.5,1957.5,2,442
800730,1907.5,1907.5,1907.5,1907.5,81,601
800731,1860.5,1860.5,1860.5,1860.5,30,531
800801,1897,1897,1897,1897,0,551
800804,1915,1925,1915,1915,4,551
800805,1939,1939,1939,1939,0,551
800806,1932,1971,1932,1971,38,551
800807,1965,1974,1965,1974,2,552
800808,1933,1933,1933,1933,0,552
800811,1889,1889,1889,1889,0,552
800812,1920,1920,1911,1911.5,4,556
800813,1909.5,1909.5,1909.5,1909.5,0,556
800814,1936.5,1936.5,1936.5,1936.5,0,556
800815,1933,1933,1918,1918,2,557
800818,1925,1930,1925,1930,4,557
800819,1950,1950,1939.5,1939.5,3,557
800820,1989.5,1989.5,1989.5,1989.5,0,557
800821,2020,2020,2003,2003,2,559
800822,2025,2025,2009.5,2009.5,1,560
800825,2015,2025,1984.5,1984.5,8,560
800826,1995.5,1995.5,1995.5,1995.5,11,564
800827,2010,2010,2000.5,2000.5,1,564
800828,1999.5,1999.5,1999.5,1999.5,0,565
800829,2024,2024,2024,2024,0,565
800902,2040,2050,2040,2040,2,565
800903,2030,2030,2030,2030,4,565
800904,2080,2080,2080,2080,0,565
800905,2130,2130,2130,2130,2,566
800908,2205,2205,2205,2205,0,566
800909,2305,2305,2305,2305,13,577
800910,2405,2405,2405,2405,0,578
800911,2505,2505,2505,2505,0,578
800912,2598,2598,2598,2598,5,578
800915,2498,2505,2498,2498,29,584
800916,2598,2598,2598,2598,205,670
800917,2678,2678,2610,2610,1,671
800918,2605.5,2605.5,2605.5,2605.5,0,671
800919,2680.5,2680.5,2680.5,2680.5,0,671
800922,2780.5,2780.5,2780.5,2780.5,3,674
800923,2880.5,2880.5,2880.5,2880.5,7,669
800924,2895,2895,2852,2852,2,670
800925,2785,2857,2785,2857,12,678
800926,2800,2800,2782,2782,11,683
800929,2682,2682,2682,2682,7,685
800930,2625,2629,2625,2629,1,686
801001,2729,2729,2720,2720,9,690
801002,2645,2645,2645,2645,50,644
801003,2557,2557,2557,2557,0,644
801006,2655,2655,2655,2655,2,644
801007,2655,2655,2582,2582,2,643
801008,2599,2599,2599,2599,0,643
801009,2669,2669,2669,2669,0,643
801010,2674,2674,2655,2655,13,653
801013,2605,2605,2605,2605,1270,1923
801014,2619,2619,2619,2619,0,1923
801015,2602,2602,2602,2602,0,1924
801016,2552,2552,2552,2552,0,1923
801017,2502,2502,2502,2502,5,1924
801020,2427.5,2427.5,2427.5,2427.5,1135,2002
801021,2401,2440.5,2401,2440.5,952,1975
801022,2480,2480,2412.5,2412.5,10,1976
801023,2337.5,2337.5,2337.5,2337.5,57,1989
801024,2350,2350,2323.5,2323.5,52,1969
801027,2290,2314,2290,2314,41,1968
801028,2331,2331,2331,2331,2,1934
801029,2391,2391,2391,2391,500,2426
801030,2411.5,2411.5,2411.5,2411.5,1,2425
801031,2361.5,2361.5,2361.5,2361.5,4,2424
801103,2411,2411.5,2400,2411.5,0,2424
801105,2486,2486,2390,2390,22,2437
801106,2343,2343,2343,2343,20,2437
801107,2293,2293,2293,2293,5,2434
801110,2275.5,2277.5,2275.5,2277.5,208,2470
801111,2234.5,2234.5,2234.5,2234.5,15,2458
801112,2284.5,2284.5,2284.5,2284.5,9,2455
801113,2326.5,2326.5,2326.5,2326.5,54,2412
801114,2303.5,2303.5,2303.5,2303.5,0,2410
801117,2285,2310.5,2285,2310.5,8,2412
801118,2339.5,2339.5,2339.5,2339.5,0,2412
801119,2389.5,2389.5,2389.5,2389.5,20,2419
801120,2400,2439.5,2400,2439.5,9,2421
801121,2440,2440,2425,2438,9,2456
801124,2385,2385,2363,2363,34,2418
801125,2356,2356,2356,2356,0,2420
801126,2348.5,2348.5,2348.5,2348.5,17,2435
801128,2344,2345,2340,2345,140,2376
801201,2347.5,2347.5,2347.5,2347.5,3,2509
801202,2301,2301,2301,2301,300,2368
801203,2324,2324,2324,2324,787,2154
801204,2325,2325,2274.5,2274.5,27,2153
801205,2247,2247,2247,2247,8,2157
801208,2197,2197,2197,2197,697,2299
801209,2147,2147,2147,2147,90,2216
801210,2072,2072,2072,2072,150,2197
801211,1972,1972,1972,1972,38,2216
801212,1914.5,1914.5,1914.5,1914.5,28,2194
801215,1935,1935,1907,1911.5,7,2196
801216,1836,1865,1836,1865,6,2198
801217,1940,1940,1940,1940,51,2197
801218,1910,1912,1905,1912,67,2195
801219,1945,1997,1945,1997,239,2196
801222,1960,1960,1960,1960,465,2196
801223,2025,2026,2015,2026,144,2177
801224,2018,2018,2018,2018,60,2177
801229,1918,1918,1918,1918,67,2185
801230,1875,1875,1875,1875,289,2419
801231,1933,1933,1933,1933,21,2476
810102,1915,1915,1915,1915,243,2281
810105,1973.5,1973.5,1973.5,1973.5,14,2290
810106,1985,1985,1975.5,1975.5,18,2290
810107,1925.5,1925.5,1925.5,1925.5,92,2281
810108,1875.5,1875.5,1875.5,1875.5,154,2369
810109,1860.5,1860.5,1860.5,1860.5,5,2372
810112,1800,1830,1800,1830,15,2362
810113,1836,1836,1836,1836,2,2373
810114,1874.5,1874.5,1874.5,1874.5,1,2373
810115,1824.5,1824.5,1824.5,1824.5,1,2379
810116,1850.5,1850.5,1850.5,1850.5,4,2368
810119,1849.5,1849.5,1849.5,1849.5,520,2245
810120,1860,1869,1850,1869,94,2212
810121,1826,1826,1826,1826,33,2204
810122,1776,1779.5,1776,1779.5,50,2221
810123,1753.5,1753.5,1753.5,1753.5,0,2226
810126,1703,1703,1703,1703,1,2227
810127,1653,1656.5,1653,1653.5,42,2197
810128,1650,1650,1632.5,1632.5,114,2217
810129,1575,1669,1557,1659,56,2231
810130,1609,1609,1609,1609,1,2231
810202,1559,1559,1559,1559,377,1969
810203,1530,1558,1530,1558,42,1954
810204,1553.5,1553.5,1553.5,1553.5,0,1954
810205,1573,1573,1573,1573,17,1948
810206,1622.5,1622.5,1622.5,1622.5,31,1922
810209,1672.5,1672.5,1672.5,1672.5,0,1922
810210,1633.5,1633.5,1633.5,1633.5,20,1938
810211,1592,1592,1572,1572,16,1950
810212,1522,1522,1522,1522,57,1993
810213,1534,1534,1534,1534,20,1967
810217,1581,1581,1581,1581,25,1958
810218,1543.5,1543.5,1543.5,1543.5,30,2006
810219,1591,1591,1591,1591,20,2017
810220,1581,1581,1581,1581,0,2017
810223,1546,1546,1546,1546,20,2022
810224,1554,1554,1554,1554,27,2041
810225,1530,1530,1530,1530,6,2041
810226,1480,1484,1480,1480,7,2045
810227,1456,1456,1456,1456,0,2045
810302,1406,1406,1406,1406,1,2047
810303,1410,1434,1400,1434,156,2134
810304,1384,1384,1384,1384,36,2153
810305,1384,1390,1384,1388.5,129,2117
810306,1392,1392,1392,1392,50,2117
810309,1400,1400,1396,1396.5,11,2119
810310,1445,1445,1414,1414,2,2120
810311,1395,1395,1379,1379,57,2156
810312,1390,1404.5,1379,1404.5,503,2406
810313,1436,1436,1430,1430,406,2406
810316,1450,1450,1449,1449,7,2406
810317,1447,1490,1440,1490,13,2398
810318,1516,1519.5,1516,1519.5,13,2411
810319,1519,1519,1501,1501,54,2388
810320,1530,1551,1530,1551,3,2389
810323,1501,1501,1501,1501,167,2407
810324,1530,1530,1530,1530,5,2405
810325,1492,1492,1492,1492,8,2404
810326,1522,1537,1522,1537,3,2406
810327,1515,1515,1487,1487,2,2404
810330,1460,1460,1437,1437,55,2400
810331,1392,1392,1392,1392,42,2408
810401,1403,1403,1403,1403,10,2402
810402,1400,1407,1400,1407,4,2405
810403,1416,1416,1414,1414,81,2377
810406,1427.5,1427.5,1427.5,1427.5,6,2377
810407,1381.5,1381.5,1381.5,1381.5,20,2392
810408,1359,1359,1359,1359,59,2368
810409,1323,1323,1323,1323,29,2380
810410,1309.5,1309.5,1309.5,1309.5,2,2377
810413,1295,1311,1295,1311,21,2391
810414,1327,1334,1327,1327,314,2634
810415,1305,1305,1303,1303,1,2635
810416,1339,1339,1339,1339,435,2941
810420,1308,1351,1308,1351,45,3014
810421,1350,1350,1348.2,1348.2,37,2988
810422,1370,1370,1330,1330,27,3002
810423,1343,1343,1330.5,1330.5,673,3295
810424,1316,1316,1316,1316,5,3298
810427,1317.3,1317.3,1317.3,1317.3,209,3412
810428,1307.3,1307.3,1307.3,1307.3,70,3458
810429,1288,1290.8,1285,1290.8,22,3443
810430,1300,1303,1300,1303,672,3927
810501,1315,1318.5,1308.3,1308.3,6,3951
810504,1299,1299,1294.5,1294.5,68,3964
810505,1299.5,1299.5,1299.5,1299.5,28,3963
810506,1299.5,1299.5,1296,1296,597,3553
810507,1305,1305,1305,1305,9,3595
810508,1355,1355,1340,1355,10,3590
810511,1340,1360,1327,1327,60,3601
810512,1304,1304,1304,1304,47,3626
810513,1298,1299,1290,1299,12,3630
810514,1289.2,1289.2,1289.2,1289.2,6,3630
810515,1292,1292,1292,1292,2,3630
810518,1290,1295,1290,1291.7,121,3740
810519,1282.8,1282.8,1282.8,1282.8,40,3740
810520,1279,1282.2,1279,1282.2,59,3719
810521,1251.5,1251.5,1251.5,1251.5,1,3719
810522,1250,1253,1233.5,1238,68,3779
810526,1220,1220,1202,1202,38,3759
810527,1203,1220,1203,1220,7,3767
810528,1245,1248,1232,1247.7,61,3776
810529,1242,1246,1239,1246,2,3775
810601,1240,1240,1221.1,1221.1,6,3780
810602,1217,1222.6,1217,1222.6,47,3758
810603,1217,1217,1191.5,1191.5,201,3847
810604,1162,1169.8,1156,1169.8,137,3860
810605,1168,1168,1140,1144.7,47,3870
810608,1164,1186,1164,1171.5,31,3876
810609,1153.2,1153.2,1153.2,1153.2,31,3873
810610,1172,1172,1171,1171,134,3816
810611,1178,1181.7,1175,1181.7,11,3815
810612,1205,1205,1200,1200,1,3815
810615,1165,1165,1163.5,1163.5,52,3811
810616,1144,1151,1144,1151,2,3842
810617,1146,1150.5,1146,1150.5,17,3838
810618,1138,1139.2,1138,1139.2,458,3772
810619,1140,1145,1137.7,1137.7,42,3812
810622,1154.8,1154.8,1154.8,1154.8,5,3811
810623,1169,1169,1156.3,1156.3,82,3951
810624,1137.1,1137.1,1137.1,1137.1,0,3871
810625,1120,1120,1087.1,1087.1,7,3870
810626,1055,1058.4,1052,1058.4,82,3884
810629,1008.4,1008.4,1008.4,1008.4,12,3886
810630,972,998,972,978,271,4037
810701,984,994,954,954,7,4043
810702,972,972,950,958,250,4045
810706,947,947,928,941.2,37,4066
810707,965,968,964,967.5,71,4022
810708,954,984.5,952,984.5,7,4030
810709,1000.5,1020,985,1011.5,22,4022
810710,1029,1042,1029,1038,56,4018
810713,1009,1029,995.5,995.5,16,4019
810714,987,1000,987,991,142,3930
810715,1011,1011,993.7,993.7,29,3948
810716,1010,1023.7,1008.5,1008.5,39,3711
810717,1022,1028,1018,1021.7,11,3940
810720,1008,1008,986.5,986.5,55,3894
810721,974,986,974,986,64,3872
810722,990,990,979.5,979.5,3,3872
810723,985,985,973,973.5,12,3865
810724,970,970,969.5,969.5,7,3866
810727,971,971,953.4,953.4,12,3869
810728,953,978.1,953,978.1,3,3872
810729,969,973.3,969,973.3,3,3872
810730,966,966,960.5,960.5,153,3969
810731,968,968,965.7,965.7,19,3975
810803,935,945,935,936.8,341,4203
810804,938,942,937.7,937.7,50,4192
810805,940.2,940.2,940.2,940.2,29,4181
810806,944,978.3,944,978.3,50,4148
810807,972,972,963.7,963.7,86,4204
810810,961,974.7,954,974.7,40,4214
810811,983,1017,983,1014.5,47,4251
810812,1028,1050,1007,1008.5,66,4257
810813,1013.5,1025,1001,1025,57,4245
810814,1043,1043,1018.5,1018.5,19,4253
810817,1032,1033,1026,1031.7,12,4256
810818,1060,1062.6,1055,1062.6,15,4256
810819,1071,1091.9,1071,1091.9,23,4259
810820,1070,1072.7,1066,1072.7,15,4249
810821,1076.7,1076.7,1076.7,1076.7,20,4270
810824,1053,1053,1026.7,1026.7,552,4200
810825,992,1008,985,985.6,307,4261
810826,1000,1001,994.6,994.6,31,4286
810827,993,1026.5,980,1026.5,26,4298
810828,1035,1045,1035,1035.2,339,3942
810831,1035,1040.2,1019,1040.2,15,3972
810901,1022,1044.2,1022,1044.2,7,3979
810902,1052,1081,1048,1079,27,3935
810903,1081,1129,1073,1129,32,3936
810904,1112,1132,1100,1115.5,46,3917
810908,1120,1153,1115,1124,84,3885
810909,1145,1174,1143,1174,73,3911
810910,1212,1224,1203,1224,115,3886
810911,1230,1247,1204,1233,87,3876
810914,1216,1253,1216,1253,19,3874
810915,1238,1254,1229,1234,31,3883
810916,1207,1225,1205,1212,41,3887
810917,1222,1227,1162,1162,147,3817
810918,1112,1114,1112,1112,91,3842
810921,1139,1180,1139,1158.5,46,3856
810922,1142,1150,1122,1127.5,116,3887
810923,1110,1110,1085,1096,93,3869
810924,1060,1060,1046,1046,235,4039
810925,1048,1060,996,996,41,4050
810928,921,1008,921,971,106,4035
810929,972,1005,972,995.5,29,4037
810930,983,1009,983,1005.5,14,4035
811001,1033,1033,1020.5,1026.5,132,4095
811002,1021,1041.5,1021,1041.5,87,3981
811005,1055,1058,992,992,48,3996
811006,990,1042,990,1036,76,4019
811007,1007,1025,1005,1005,73,4038
811008,1004,1030,1004,1030,7,4037
811009,1045,1054,1032,1032,27,4033
811012,1034,1034,1009.8,1009.8,71,4054
811013,1005,1042,1000,1042,53,4052
811014,1055,1060,1044,1044,71,4023
811015,1049,1049,1022,1024,45,3981
811016,1028,1035,1016.5,1022,55,3975
811019,1020,1020,992.5,992.5,35,3961
811020,998,1002,975,980.5,37,3929
811021,970,988,970,981.5,62,3908
811022,986,989.5,986,989.5,4,3904
811023,993,993,982,991,46,3908
811026,969,972,962,962,27,3909
811027,973,984,973,984,16,3907
811028,990,990,972,973,14,3887
811029,979,999.5,970,999.5,19,3892
811030,988,997,985.1,985.1,6,3890
811102,998,999,976,976,38,3894
811103,972,982.7,972,982.7,14,3821
811104,979,982.2,978,982.2,110,3812
811105,975,980,975,980,15,3823
811106,977,980,971,974.1,21,3828
811109,978,979,935,938.7,40,3858
811110,939,939,922,925.2,161,3909
811111,917,921,900,908.3,29,3911
811112,913,918,903,918,22,3917
811113,924,924,915,915,1082,3049
811116,878,888,868,868.5,257,3125
811117,857,885,855,874.2,72,3139
811118,871,875.5,865,870.4,228,3126
811119,866,866,853,859.1,126,3168
811120,863,873,860,860.5,81,3190
811123,847,855,840,843.2,148,3189
811124,858,858,845,850,283,3293
811125,873,880,860,873.2,720,3151
811127,868,879,868,875.7,117,3188
811130,880,880,853,862.7,681,3240
811201,842,855,842,852,251,3194
811202,851,900,851,896.8,377,3395
811203,882,910,873,906,369,3501
811204,925,947,920,931.2,455,3493
811207,914,935,910.5,928.5,320,3583
811208,920.5,942,915.5,919.5,137,3583
811209,918,920,885,898.8,224,3600
811210,888,892.5,877,881,423,3661
811211,891,900,891,892.7,328,3585
811214,922,923,909,914.5,579,3756
811215,910,912,904,910.5,411,3920
811216,913,931,906,928.3,148,3946
811217,923,943,919,928.5,274,3957
811218,922,935,909,910,265,3971
811221,903,904,863,864.3,1160,4099
811222,867,875,849,866.5,254,4132
811223,854,865,851,863,109,4171
811224,864,875,860,861.3,218,4239
811228,850,850,826,835.9,470,4323
811229,836,840,833.5,838,424,4474
811230,844,858.2,844,858.2,533,4750
811231,866,866,848.9,848.9,384,4821
820104,838,860,831,857.5,530,4691
820105,860,880,860,868.3,607,4477
820106,867,873,861,864,375,4484
820107,850,862.6,850,862.6,155,4446
820108,860,874,850,852.7,314,4461
820111,830,845,830,840.2,283,4484
820112,845,845,838,842.2,304,4492
820113,831,832.5,813,820.9,471,4667
820114,816,823,812,817.9,288,4600
820115,828,829.5,804,805.9,376,4615
820118,815,823,810,820.9,418,4451
820119,822,822,811.8,811.8,264,4386
820120,815,819.5,812,816,317,4492
820121,823,826.5,811,812.9,437,4538
820122,823,824,810,812.4,248,4530
820125,805,814.2,803,814.2,438,4794
820126,816,826,816,822.3,333,4857
820127,839.5,845,831,843.2,665,4904
820128,844.5,850,843,848.3,327,4960
820129,860,860,845,847.5,466,5052
820201,838.5,846.5,832.5,844.7,539,5098
820202,844,857,839.5,842.7,674,5213
820203,845,855,844,854.2,974,5425
820204,868,886,868,882.6,1071,5807
820205,877.5,891,875,889,1371,6222
820208,880,882,863,870.5,1432,6726
820209,869,882,868,877.8,2617,7452
820210,896,905,890,903.3,3305,7864
820211,892,898.5,887,889.2,2502,8767
820212,888,893,884.5,887.7,1322,9092
820216,886,891.5,870.5,874.8,2770,9979
820217,874,876,865,868,2382,10275
820218,855,860.5,853.5,856.8,2495,10379
820219,857.5,860,840,842.9,2585,10712
820222,838,840,820,821.1,7090,11130
820223,818,818,799,803.8,8034,13069
820224,810.5,822,808,819,8392,14136
820225,822,822.5,806,809,8181,14099
820226,802,804,793,794,7841,13954
820301,794.5,809,794.5,808,6776,14193
820302,811,812,793.9,800,7619,14657
820303,792,792,783,784,5453,14127
820304,775,778,763,767,8818,13508
820305,766,774,744.5,746.5,8145,13063
820308,741,743,700,716.5,11918,12810
820309,722,737,707,730,9901,13950
820310,737,741,721.5,739,9247,14222
820311,730,733,722.5,729.5,6373,14316
820312,717,721,706,710,6777,14197
820315,700,734,700,733,9817,14301
820316,728,743,711,716.5,11057,14841
820317,726,730,717.1,722.5,7964,15030
820318,726,734.5,725.5,729,5742,14948
820319,714,719,709,715,6376,14502
820322,723,734,718.5,733,5538,14932
820323,739,744,726.5,729,8738,14996
820324,739,746,734.5,739,7950,14824
820325,720,724.5,713,718,7781,14157
820326,714,721.5,711,713,6242,14043
820329,708,719,705,718,5762,14360
820330,719.5,722,711.5,712,5981,13449
820331,713,728,709.5,723,7301,14218
820401,721,726,715,716,5243,14122
820402,722,726,718.5,725,5135,13786
820405,737,754,733,753,7130,14155
820406,748,772,747.5,767,10272,13761
820407,755,762.5,748.5,751,7546,13882
820408,755,768,754,760,5527,13640
820412,753,754,740,743,5639,13036
820413,755,761.5,747,748,5282,12813
820414,765,770,760,764,4963,12304
820415,756.5,763,755.5,759,3381,12178
820416,756,766,753.5,762,3812,12247
820419,754,755,714,718,9305,10841
820420,725,728,716,720,5436,10457
820421,725,727,718,721,4596,9946
820422,720,722.5,717,718.5,2805,9184
820423,730,731,721,726,3960,8186
820426,735,736,710,711,4293,7304
820427,715,719,713,715.5,4248,5684
820428,719,721,706,708.8,5946,3256
820429,695,702,688,701,1603,1589
820430,706,718,660,686,832,1262
820503,695,695,683,688.6,246,796
820504,682,692,682,688,194,645
820505,689,689,684,686.5,199,569
820506,683,687,679,682.8,212,498
820507,686,688,675,678.8,348,583
820510,671,673,664.5,664.5,144,217
820511,669,670,668.9,668.9,41,129
820512,666.5,668.5,666.5,667.7,21,110
820513,665.5,667.5,662,663,33,87
820514,666,677.5,666,677.5,212,175
820517,679.5,679.5,664.9,664.9,45,103
820518,671,672,663,670.7,71,83
820519,676,676,669.5,669.5,54,77
820520,672,674.5,669,674.5,235,276
820521,669.5,671,668.6,671,14,90
820524,657,657,652.9,652.9,27,24
820525,651,654,651,652.4,332,304
