810924,1242,1242,1242,1242,0,2
810925,1192,1192,1192,1192,0,2
810928,1139,1139,1139,1139,0,2
810929,1172.5,1172.5,1172.5,1172.5,0,2
810930,1182.5,1182.5,1182.5,1182.5,0,2
811001,1207,1207,1207,1207,0,2
811002,1229,1229,1229,1229,0,2
811005,1179,1179,1179,1179,0,2
811006,1218,1218,1218,1218,0,2
811007,1180,1180,1180,1180,0,2
811008,1205,1205,1205,1205,0,2
811009,1210.5,1210.5,1210.5,1210.5,0,2
811012,1184.3,1184.3,1184.3,1184.3,0,2
811013,1216.5,1216.5,1216.5,1216.5,0,2
811014,1218.5,1218.5,1218.5,1218.5,1,3
811015,1218,1218,1198.5,1198.5,2,5
811016,1196.5,1196.5,1196.5,1196.5,0,5
811019,1165,1165,1160.5,1160.5,1,4
811020,1170,1170,1148.5,1148.5,5,9
811021,1146.5,1146.5,1146.5,1146.5,0,9
811022,1156,1156,1156,1156,0,9
811023,1165.5,1165.5,1165.5,1165.5,0,9
811026,1125,1125,1125,1125,0,9
811027,1150,1150,1150,1150,0,9
811028,1139,1139,1139,1139,4,13
811029,1140,1168,1140,1168,5,18
811030,1178,1178,1150.6,1150.6,2,20
811102,1160,1170,1134,1134,2,22
811103,1144.2,1144.2,1144.2,1144.2,0,22
811104,1143.7,1143.7,1143.7,1143.7,0,22
811105,1138.3,1138.3,1138.3,1138.3,0,22
811106,1124,1124,1124,1124,0,22
811109,1105,1105,1082.7,1082.7,3,19
811110,1066.2,1066.2,1066.2,1066.2,0,19
811111,1048.3,1048.3,1048.3,1048.3,0,19
811112,1056.6,1056.6,1056.6,1056.6,0,19
811113,1053.6,1053.6,1053.6,1053.6,0,19
811116,1003.6,1003.6,1003.6,1003.6,0,19
811117,1007.2,1007.2,1007.2,1007.2,0,19
811118,1001.3,1001.3,1001.3,1001.3,0,19
811119,985,989.4,985,989.4,5,16
811120,994,994,994,994,0,16
811123,970.8,970.8,970.8,970.8,0,16
811124,979.5,979.5,979.5,979.5,0,16
811125,1004.1,1004.1,1004.1,1004.1,0,16
811127,1008.7,1008.7,1008.7,1008.7,0,16
811130,1010,1010,992.8,992.8,4,19
811201,981.8,981.8,981.8,981.8,0,19
811202,1028.4,1028.4,1028.4,1028.4,0,19
811203,1039,1039,1039,1039,0,19
811204,1065.2,1065.2,1065.2,1065.2,0,19
811207,1065.2,1065.2,1065.2,1065.2,0,19
811208,1056.2,1056.2,1056.2,1056.2,0,19
811209,1030.4,1030.4,1030.4,1030.4,0,19
811210,1017.4,1017.4,1017.4,1017.4,0,19
811211,1031,1031,1031,1031,0,19
811214,1058,1058,1058,1058,0,19
811215,1045,1054,1045,1054,1,19
811216,1054,1070.6,1054,1070.6,1,19
811217,1072.2,1072.2,1072.2,1072.2,0,19
811218,1050,1050,1050,1050,0,19
811221,1000,1000,1000,1000,0,19
811222,1003,1003,1003,1003,0,19
811223,1003,1003,1003,1003,0,19
811224,1003.4,1003.4,1003.4,1003.4,0,19
811228,972.7,972.7,972.7,972.7,0,19
811229,974.8,974.8,974.8,974.8,0,19
811230,994,1015,994,999.6,3,18
811231,1004,1011,988.1,988.1,3,20
820104,994.2,994.2,994.2,994.2,0,18
820105,1010.4,1010.4,1010.4,1010.4,0,18
820106,1007,1013.1,1004,1004,7,21
820107,995,1002.6,995,1002.6,2,21
820108,1000,1000,991.8,991.8,4,21
820111,980,980,976.7,976.7,2,21
820112,982,982,978.7,978.7,1,22
820113,960,960,954.6,954.6,1,23
820114,950,951.6,950,951.6,2,23
820115,949,949,941,941,2,23
820118,955,956,950,956,6,24
820119,954,954,947.1,947.1,1,24
820120,951.7,951.7,951.7,951.7,0,24
820121,950.1,950.1,950.1,950.1,0,24
820122,949.6,949.6,949.6,949.6,0,24
820125,954.2,954.2,954.2,954.2,0,24
820126,963.1,963.1,963.1,963.1,0,24
820127,983.2,983.2,983.2,983.2,0,24
820128,990.7,990.7,990.7,990.7,0,24
820129,1005,1005,988.9,988.9,1,25
820201,987.4,987.4,987.4,987.4,0,25
820202,985.5,985.5,985.5,985.5,0,25
820203,997.7,997.7,997.7,997.7,0,25
820204,1026,1030.5,1026,1030.5,2,25
820205,1034,1038.6,1034,1038.6,0,25
820208,1023,1023,1020.1,1020.1,1,25
820209,1037,1037,1032.3,1032.3,2,27
820210,1050,1061.9,1050,1061.9,1,27
820211,1050,1050,1046.3,1046.3,3,24
820212,1045.8,1045.8,1045.8,1045.8,0,24
820216,1033.8,1033.8,1033.8,1033.8,0,24
820217,1026.3,1026.3,1026.3,1026.3,0,24
820218,1010,1010,1010,1010,7,24
820219,993.1,993.1,993.1,993.1,0,24
820222,985,985,967.6,967.6,1,23
820223,962,962,942.5,942.5,4,20
820224,954,958.9,950,958.9,2,24
820225,954,960,948.1,948.1,4,22
820226,929.6,929.6,929.6,929.6,0,22
820301,944.4,944.4,944.4,944.4,0,22
820302,935,935.9,931,935.9,3,21
820303,920.2,920.2,920.2,920.2,2,23
820304,915,915,897.3,897.3,3,21
820305,876.8,876.8,876.8,876.8,0,21
820308,843,843,835.5,835.5,2,22
820309,848,850.1,848,850.1,2,22
820310,861.3,861.3,861.3,861.3,1,21
820311,852.2,852.2,852.2,852.2,0,21
820312,829.3,829.3,829.3,829.3,0,21
820315,856.7,856.7,856.7,856.7,0,21
820316,837.5,837.5,837.5,837.5,0,21
820317,844,844,844,844,0,21
820318,853,853,853,853,0,21
820319,840,840,837.4,837.4,1,21
820322,857.1,857.1,857.1,857.1,0,21
820323,869,869,853.1,853.1,1,22
820324,864.5,864.5,864.5,864.5,0,22
820325,840.5,840.5,840.5,840.5,1,22
820326,836.3,836.3,836.3,836.3,0,22
820329,841.6,841.6,841.6,841.6,0,22
820330,838.4,838.4,838.4,838.4,0,22
820331,850.5,850.5,850.5,850.5,0,22
820401,843.5,843.5,843.5,843.5,0,22
820402,853.8,853.8,853.8,853.8,0,22
820405,885.1,885.1,885.1,885.1,0,22
820406,900.6,900.6,900.6,900.6,0,22
820407,884.3,884.3,884.3,884.3,0,22
820408,895,895.3,895,895.3,4,21
820412,873.9,873.9,873.9,873.9,0,21
820413,890,890,877.4,877.4,1,22
820414,895.3,895.3,895.3,895.3,0,21
820415,889.7,889.7,889.7,889.7,0,21
820416,892.6,892.6,892.6,892.6,0,21
820419,870,870,843.8,843.8,1,21
820420,848,848,845.8,845.8,1,21
820421,846,846,846,846,0,21
820422,842.5,842.5,842.5,842.5,0,21
820423,850.6,850.6,850.6,850.6,0,21
820426,834,834,834,834,0,21
820427,839.8,839.8,839.8,839.8,0,21
820428,834,834,834,834,8,29
820429,826,826,826,826,0,29
820430,840,840,810,810,1,29
820503,815,815,811.7,811.7,29,46
820504,811.7,811.7,810.8,810.8,6,51
820505,808,808.1,807,808.1,35,65
820506,802.6,802.6,802.6,802.6,0,65
820507,794,794,794,794,12,77
820510,776.6,776.6,776.6,776.6,1,77
820511,781.8,781.8,781.8,781.8,2,74
820512,777,782,777,779.1,2,73
820513,775,775,773.2,773.2,12,77
820514,783,788.5,783,788.5,81,154
820517,775.7,775.7,775.7,775.7,0,154
820518,781.1,781.1,781.1,781.1,11,157
820519,779.7,779.7,779.7,779.7,10,165
820520,786,786,781.5,783.9,85,248
820521,777,779.1,777,779.1,1,248
820524,757,758.4,757,758.4,29,264
820525,757.5,757.5,757.5,757.5,7,271
820526,744.1,744.1,744.1,744.1,22,300
820527,738,738,738,738,74,356
820528,720,720.7,720,720.7,5,354
820601,708,708,695,697.6,26,373
820602,705,706,702.5,702.5,48,373
820603,703,703,684.7,684.7,125,387
820604,690,690,681.4,681.4,55,386
820607,693,713.7,689,713.7,144,498
820608,707,708,701.7,701.7,6,500
820609,685,693,682,682,15,512
820610,686,695.3,686,695.3,7,511
820611,688,691.3,688,691.3,2,509
820614,660,660,643.9,643.9,6,512
820615,641,642,632.2,632.2,8,512
820616,637,640,636,636.4,20,515
820617,615,615,596,598.4,3,515
820618,603,603,595,595.4,7,516
820621,580,583,563,580.6,21,522
820622,592,603,588.5,588.5,88,576
820623,597,607.5,596,607.5,53,612
820624,616,616,601.5,601.5,8,615
820625,605,605,602.8,602.8,32,646
820628,596.5,623.1,596.5,623.1,4,645
820629,629,673.1,629,673.1,4,646
820630,700,708,680,698,9,646
820701,665,683,665,683,7,647
820702,680,699,680,683,5,649
820706,683,683,652.1,652.1,3,648
820707,641,659.7,641,659.7,4,647
820708,700,704.9,700,704.9,2,647
820709,749,749,724,733.9,4,647
820712,733,733,714,714,14,648
820713,736,756,736,748,11,642
820714,740,741,736,739,23,660
820715,740,741,724,724,4,660
820716,724,742,724,742,4,660
820719,743,743,739.4,739.4,87,695
820720,746,789,746,782.7,190,774
820721,793,815,762,775,38,771
820722,780,785.1,780,785.1,4,773
820723,813,820,810,813,20,790
820726,792,824.5,792,824.5,115,768
820727,812,820,810.7,810.7,16,787
820728,793,797,760.7,760.7,28,756
820729,762,762,715,735,28,755
820730,750,750,749.9,749.9,3,776
820802,780,792.2,778,792.2,10,786
820803,790,790,770.7,770.7,216,690
820804,770.5,781.5,766,781.5,119,668
820805,766,770,761,763.6,82,628
820806,756.4,756.4,756.4,756.4,20,609
820809,715,731,709,709,6,600
820810,721,721,693.6,693.6,24,618
820811,685,690.1,675,690.1,24,608
820812,696,708.1,696,708.1,2,609
820813,707,712,690.9,690.9,2,609
820816,709.3,709.3,709.3,709.3,0,609
820817,695,721.4,695,721.4,38,601
820818,771.4,771.4,767,771.4,5,601
820819,796,796,796,796,10,601
820820,846,846,830,846,58,617
820823,853,886,843,874.5,9,607
820824,890,895,847.5,847.5,20,619
820825,855,870,840,869.5,19,603
820826,892,919.3,892,919.3,7,604
820827,900,900,869.3,869.3,8,612
820830,858,858,832,850.4,35,613
820831,860,870,846,856.3,60,608
820901,836.3,836.3,836.3,836.3,14,614
820902,886.3,886.3,886.3,886.3,6,613
820903,936.3,936.3,936.3,936.3,14,610
820907,1011.3,1011.3,984,984,18,617
820908,960,1034,960,1034,33,631
820909,1010,1020,984,984,54,629
820910,980,980,960,960,7,631
820913,970,975,970,974,6,632
820914,996,1004,957,957,24,656
820915,970,985,970,985,11,660
820916,1005,1005,989.4,989.4,3,663
820917,988,998,971.2,971.2,12,666
820920,945,954,938,945,21,673
820921,955,977.9,952,977.9,4,673
820922,999,1000,978.9,978.9,181,713
820923,977,979,977,977,23,707
820924,954,955,936,936,22,690
820927,923,923,890,890,5,688
820928,918,918,918,918,3,689
820929,912,912,875.7,875.7,5,691
820930,885,885,873,875.5,13,689
821001,891,905.2,891,905.2,2,689
821004,858,864,858,861,14,693
821005,865,868.5,865,868.5,23,708
821006,897,897,886.1,886.1,264,883
821007,936.1,936.1,930,936.1,202,1068
821008,977,980,950,965.1,7,1071
821011,1010,1015.1,1005,1015.1,16,1069
821012,1029,1030,1004,1025,72,1068
821013,1002,1070,1002,1067,21,1070
821014,1080,1110,1052,1052,86,1067
821015,1048,1048,1020,1030.2,236,1154
821018,1023,1059.4,1023,1059.4,9,1158
821019,1103,1103,1053,1053.5,21,1156
821020,1050,1076.5,1040,1076.5,90,1206
821021,1114,1114,1068,1068,68,1242
821022,1087,1107.6,1085,1107.6,273,1275
821025,1060,1071,1057.6,1057.6,210,1319
821026,1063,1063,1020,1025.3,64,1323
821027,1044,1048.5,1027,1048.5,10,1327
821028,1056,1056,1045,1045.4,49,1330
821029,1056,1062,1055,1058.2,41,1359
821101,1087,1108.2,1082,1108.2,86,1399
821103,1100.5,1156,1098,1104,79,1417
821104,1114,1131,1113,1129,36,1433
821105,1119,1126,1114,1118,48,1452
821108,1086,1098,1068,1068,89,1459
821109,1073,1089,1073,1080,42,1467
821110,1087,1087,1030,1030,48,1447
821111,1010,1023,992,1005.8,61,1482
821112,995,1014,990,1013.8,35,1508
821115,997,1023,991,1010.3,30,1528
821116,1022,1036,1015,1035,34,1530
821117,1045,1048,1014.6,1014.6,115,1555
821118,1018,1040,1010,1032.2,182,1554
821119,1047,1058,1034.7,1034.7,469,1625
821122,1024,1024,984.7,984.7,176,1715
821123,987,990,950,951.3,222,1708
821124,970,972,955,970.5,209,1713
821126,985,1012,983,1004.2,107,1721
821129,1018,1037,1008,1022.5,298,1764
821130,1032,1070,1027,1066,181,1855
821201,1072,1087,1055,1073,82,1858
821202,1095,1108,1092,1101.5,625,2387
821203,1090,1094.5,1082,1094.5,144,2383
821206,1110,1129,1108,1129,51,2392
821207,1155,1176,1155,1166,373,2368
821208,1140,1145,1116,1116,92,2393
821209,1106,1120,1081,1110,145,2406
821210,1095,1098,1076.5,1086.5,84,2404
821213,1093,1119,1091,1119,50,2410
821214,1155,1158,1069,1069,990,2550
821215,1057,1093,1052,1092,623,2276
821216,1102,1110,1080,1098,314,2478
821217,1085,1104,1077,1092.9,375,2561
821220,1095,1108,1095,1103,93,2578
821221,1105,1134,1105,1133.4,212,2656
821222,1134,1145,1117,1117,105,2672
821223,1125,1135,1118,1124.5,134,2717
821227,1145,1169,1145,1167.7,472,2678
821228,1161,1167.5,1155,1158.4,298,2693
821229,1165,1186,1164,1174.8,506,2713
821230,1170,1170,1140,1145.6,293,2680
830103,1152,1165,1149,1149.6,181,2685
830104,1157,1158,1138,1155.8,126,2669
830105,1167,1200,1162,1190.8,379,2743
830106,1180,1196,1178,1180.7,521,2778
830107,1180,1218,1180,1211,402,2807
830110,1244,1261,1235,1255,787,2933
830111,1260,1281,1248,1255.3,804,3098
830112,1265,1305,1262,1303.7,796,3255
830113,1304,1317,1285,1306.4,471,3256
830114,1290,1344,1280,1333.5,627,3400
830117,1351,1377,1334,1335.7,1001,3587
830118,1315,1368,1303,1365.7,528,3590
830119,1355,1369,1318,1323.5,396,3670
830120,1333,1350,1320,1340.5,692,3667
830121,1328,1336,1305,1317.5,324,3639
830124,1269,1345,1268,1325.2,579,3563
830125,1348,1365,1339,1360.5,631,3700
830126,1355,1375,1342,1364.5,651,3960
830127,1378,1406,1376,1404.1,708,4191
830128,1396,1423,1391,1415.8,987,4485
830131,1445,1465.8,1433,1465.8,386,4516
830201,1487,1500,1440,1454.8,1293,4841
830202,1425,1504.8,1425,1502.5,697,4962
830203,1496,1513,1455,1460,799,5066
830204,1474,1485,1439,1449.8,616,5182
830207,1432,1464,1425,1446.6,736,5098
830208,1470,1470,1431,1434,346,5113
830209,1438,1449,1415,1434.8,766,5331
830210,1449,1467,1447,1465,910,5436
830211,1492,1498,1473,1493.8,992,5659
830214,1475,1522,1472,1518.6,766,5730
830215,1531,1543,1515,1520,1296,5940
830216,1523,1540,1515,1524.6,1491,6114
830217,1527,1531,1500,1502,470,6302
830218,1506,1513,1493,1504.2,710,6280
830222,1495,1500,1454.2,1454.2,1058,6359
830223,1404.2,1404.2,1404.2,1404.2,1811,6618
830224,1418,1433,1382,1384.8,2055,7312
830225,1370,1394,1309.8,1309.8,2267,7606
830228,1209.8,1209.8,1209.8,1209.8,585,7367
830301,1109.8,1132,1109.8,1109.8,1844,7555
830302,1135,1145,1070,1104.5,2021,7663
830303,1120,1130,1105,1118,1065,7589
830304,1083,1086,1043,1046,2121,7865
830307,1072,1120,1030,1111,1806,8068
830308,1080,1097,1061,1089.3,1770,8358
830309,1092,1106,1084,1098.3,946,8408
830310,1136,1160,1130,1144.3,1787,8563
830311,1095,1124,1095,1121.7,1158,8651
830314,1129,1171.7,1120,1171.7,1149,8572
830315,1160,1169,1130,1136,1654,8725
830316,1100,1113,1086,1089.7,2188,8709
830317,1079,1099,1072,1083.5,2464,9062
830318,1090,1103,1050,1062,2024,9266
830321,1055,1083,1040,1077,1395,9187
830322,1089,1095,1073,1077.5,1176,9179
830323,1047,1093,1038,1087.5,2429,9303
830324,1081,1093,1060,1062.4,1576,9502
830325,1070,1085,1050,1077.2,2010,9791
830328,1052,1080,1047,1067.5,1991,9933
830329,1071,1096,1068,1092,1676,9982
830330,1101,1102,1083,1086,1552,10097
830331,1087,1096,1081,1093,922,10345
830404,1098,1128,1097,1121.9,3442,11346
830405,1127,1162,1124,1146.5,3202,11884
830406,1150,1157,1130,1148.5,2815,12284
830407,1140,1148,1136,1145.5,1584,12580
830408,1129,1140,1120,1122.3,2048,12834
830411,1142,1158,1138,1154.6,3259,13501
830412,1163,1171,1144,1150.4,3925,13679
830413,1148,1167,1147,1164.4,2507,14025
830414,1195,1214,1180,1210,5932,14970
830415,1200,1243,1200,1241,4946,15784
830418,1260,1288,1254,1285,9491,16902
830419,1257,1262,1235,1235,7607,17373
830420,1215,1257,1190,1249.5,11276,18080
830421,1260,1264,1210,1219.5,10282,19431
830422,1228,1243,1212,1234.6,7848,20200
830425,1251,1265,1243,1250,9038,21752
830426,1240,1255,1234,1253,9166,23231
830427,1247,1257,1203,1213,24121,25929
830428,1200,1225,1198,1217,16507,27010
830429,1215,1231,1198,1224,16189,27311
830502,1220,1234,1214,1224,10607,27158
830503,1240,1258,1236,1255,19312,28330
830504,1255,1277,1247.5,1275,17270,29070
830505,1275,1282,1261,1263,16217,28696
830506,1262,1295,1256,1287,17054,28250
830509,1280,1308,1273,1305,21775,27870
830510,1307,1355,1304,1330,31289,26769
830511,1342,1345,1318,1331,22683,26451
830512,1312,1317,1296,1312,20640,25912
830513,1310,1333,1310,1331,16562,26835
830516,1317,1326,1302,1319,19172,27226
830517,1315,1368,1314,1364,29229,29041
830518,1360,1388,1354,1357.5,24786,28988
830519,1364,1378,1324,1335,33367,27474
830520,1345,1349.5,1315,1323,20084,27326
830523,1285,1345,1278,1337,26867,26748
830524,1342,1350,1323,1331,24844,27752
830525,1346,1364,1344,1353,23383,27437
830526,1355,1368,1347,1352,18088,28084
830527,1338,1363,1338,1360,15849,27932
830531,1370,1376,1310,1310,28679,27265
830601,1275,1280,1260,1260,23339,26832
830602,1245,1254,1192,1205,33902,24804
830603,1224,1224,1196,1202,17933,24178
830606,1160,1175,1152,1152,15759,23145
830607,1102,1134,1102,1118,25566,23252
830608,1122,1128,1108,1118,15884,22537
830609,1145,1168,1137,1168,15934,23042
830610,1178,1180,1134,1152,19780,22572
830613,1185,1195,1156,1192,21457,22473
830614,1168,1195,1160,1169,23070,21434
830615,1149,1167,1145,1149,19405,20848
830616,1166,1188,1163,1182,18544,19862
830617,1186,1188,1160,1172,14556,20001
830620,1170,1205,1166,1188,23371,19390
830621,1178,1204,1172,1202,20083,18695
830622,1234,1236,1208,1221,21486,18034
830623,1220,1229,1212,1227,15707,17161
830624,1235,1237,1220,1227,13862,15986
830627,1225,1225,1177,1177,19570,14380
830628,1180,1182,1130,1138.5,15975,11815
830629,1148,1165,1140,1161.8,3875,4584
830630,1160,1169,1143,1158.2,1331,3000
830701,1166,1179,1160,1178,629,2610
830705,1123,1150,1123,1147.3,2238,2410
830706,1158,1164,1141,1161.2,567,1842
830707,1141,1231,1141,1226.5,5268,2114
830708,1205,1220,1198,1206.5,2067,1998
830711,1207,1261,1207,1233.2,1103,1341
830712,1229,1239,1223,1230.9,310,793
830713,1228,1240,1221,1222.3,171,676
830714,1239,1239,1185,1190.5,397,670
830715,1200,1225,1185,1186.5,379,769
830718,1201,1220,1195.5,1219,73,423
830719,1216,1225,1212,1216.5,322,412
830720,1239,1255,1235,1249.2,108,325
830721,1258,1265,1222,1229.2,198,313
830722,1236,1240,1223,1231.6,163,252
830725,1214,1249,1213,1246.2,195,127
830726,1252,1253,1240,1246.4,200,117
