821130,1190,1190,1190,1190,0,2
821201,1199,1199,1199,1199,1,3
821202,1229.2,1229.2,1229.2,1229.2,0,3
821203,1221.1,1221.1,1221.1,1221.1,0,3
821206,1255,1260,1255,1258.8,26,28
821207,1300.9,1300.9,1300.9,1300.9,1,29
821208,1250.9,1250.9,1250.9,1250.9,4,31
821209,1240,1240.2,1225,1240.2,2,33
821210,1228,1228,1214.3,1214.3,1,34
821213,1248,1248,1248,1248,0,34
821214,1205,1205,1198,1198,8,42
821215,1191,1219.4,1191,1219.4,2,44
821216,1238,1238,1220,1226,4,45
821217,1221.6,1221.6,1221.6,1221.6,0,47
821220,1232.5,1232.5,1232.5,1232.5,0,46
821221,1263.1,1263.1,1263.1,1263.1,0,46
821222,1270,1270,1244.2,1244.2,0,47
821223,1251.7,1251.7,1251.7,1251.7,1,48
821227,1298.9,1298.9,1298.9,1298.9,0,48
821228,1298,1298,1289.9,1289.9,6,50
821229,1320,1320,1307.4,1307.4,2,51
821230,1290,1290,1275.5,1275.5,1,52
830103,1285,1295,1279.6,1279.6,2,54
830104,1280,1288.2,1280,1288.2,207,256
830105,1320,1330,1320,1327.2,504,560
830106,1320,1325,1319.5,1319.5,307,561
830107,1369,1369.5,1353,1353,223,565
830110,1393,1403,1393,1403,10,571
830111,1430,1443,1403,1403,15,584
830112,1430,1453,1430,1453,6,590
830113,1475,1495,1450,1455.5,14,602
830114,1450,1505.5,1440,1490.5,38,614
830117,1510,1540.5,1494.2,1494.2,15,620
830118,1481,1524.2,1475,1524.2,34,608
830119,1520,1525,1476,1476,21,628
830120,1485,1497,1480,1497,4,632
830121,1485,1492,1471,1471,11,643
830124,1481.2,1481.2,1481.2,1481.2,7,644
830125,1525,1531.2,1507,1517.2,13,650
830126,1510,1530,1510,1521.2,9,655
830127,1565,1565.4,1550,1565.4,6,654
830128,1565,1580,1565,1579.1,4,657
830131,1610,1629.1,1610,1629.1,18,665
830201,1670,1679,1620.5,1620.5,17,672
830202,1590,1670.5,1590,1670.5,19,679
830203,1670,1678,1625.5,1625.5,14,685
830204,1640,1645,1600,1615.3,26,689
830207,1595.3,1625,1595.3,1610.5,20,701
830208,1620,1620,1596.9,1596.9,5,702
830209,1600,1605,1597.7,1597.7,4,699
830210,1600,1640,1600,1631,11,704
830211,1670,1675,1650,1658.1,15,710
830214,1652,1686.4,1652,1686.4,1,710
830215,1715,1715,1691.5,1691.5,17,714
830216,1706,1707,1695,1696,54,718
830217,1688,1688,1671.5,1671.5,7,721
830218,1670,1685,1670,1673,2,726
830222,1670,1670,1623,1623,19,737
830223,1573,1573,1573,1573,20,739
830224,1570,1599,1544.2,1544.2,37,749
830225,1510,1550,1469.2,1469.2,35,733
830228,1369.2,1369.2,1369.2,1369.2,17,735
830301,1269.2,1269.2,1269.2,1269.2,42,728
830302,1244,1270,1210,1227.2,52,697
830303,1255,1255,1230,1230,17,711
830304,1175,1195,1155,1155,27,712
830307,1180,1223,1142,1223,26,702
830308,1188,1202.7,1175,1202.7,21,698
830309,1217,1217,1210,1214.6,10,705
830310,1265,1275,1265,1268.2,4,702
830311,1235,1244.5,1235,1244.5,11,697
830314,1258,1294.5,1258,1294.5,1,696
830315,1280,1280,1262,1262,3,700
830316,1225,1240,1212,1212,5,701
830317,1209.2,1209.2,1209.2,1209.2,6,700
830318,1235,1235,1184.5,1184.5,58,750
830321,1183,1199.5,1183,1199.5,8,697
830322,1210,1210,1203.5,1203.5,3,697
830323,1226,1226,1213.5,1213.5,11,695
830324,1220,1220,1187.2,1187.2,31,725
830325,1195,1201.6,1190,1201.6,4,728
830328,1191.8,1191.8,1191.8,1191.8,0,728
830329,1220.5,1220.5,1220.5,1220.5,1,729
830330,1227,1230,1216.5,1216.5,6,734
830331,1235,1235,1221.4,1221.4,1,734
830404,1250,1251.4,1250,1251.4,1,734
830405,1268,1300,1268,1281,157,883
830406,1283,1283,1283,1283,50,882
830407,1275,1279.9,1275,1279.9,2,884
830408,1255,1264,1254.6,1254.6,4,883
830411,1286,1291,1286,1288.9,3,884
830412,1300,1300,1282.5,1282.5,5,887
830413,1285,1296.5,1285,1296.5,2,889
830414,1317,1345.2,1317,1345.2,12,889
830415,1376.7,1376.7,1376.7,1376.7,100,934
830418,1408,1426.7,1408,1425,3,937
830419,1395,1395,1375,1375,27,937
830420,1354,1386,1354,1386,51,962
830421,1356,1356,1356,1356,275,1237
830422,1371.1,1371.1,1371.1,1371.1,146,1234
830425,1395,1395,1389,1390,3,1236
830426,1382,1399,1382,1394,155,1411
830427,1385,1394,1350.7,1350.7,16,1415
830428,1346,1353.8,1345,1353.8,14,1412
830429,1345,1362.7,1345,1361.7,353,1494
830502,1370,1370,1360.7,1360.7,2,1496
830503,1395.8,1395.8,1395.8,1395.8,211,1691
830504,1400,1415.7,1400,1415.7,354,1608
830505,1416,1416,1403.2,1403.2,12,1612
830506,1415,1427.9,1415,1427.9,1,1613
830509,1448,1448,1448,1448,42,1615
830510,1480,1498,1475.5,1475.5,6,1619
830511,1490,1491,1475,1476.5,16,1628
830512,1450,1454.5,1450,1454.5,3,1630
830513,1454,1476,1454,1475.5,9,1628
830516,1463,1471,1463,1463.5,16,1635
830517,1511.2,1511.2,1511.2,1511.2,0,1635
830518,1540,1540,1508.1,1508.1,24,1635
830519,1532,1532,1483.7,1483.7,8,1632
830520,1493.7,1495.7,1466,1471.1,5,1633
830523,1480,1487.5,1480,1487.5,7,1640
830524,1495,1495,1483.6,1483.6,6,1643
830525,1513,1520,1509,1509,7,1647
830526,1508.5,1508.5,1508.5,1508.5,23,1669
830527,1505,1515.7,1505,1515.7,2,1669
830531,1525,1527,1465.7,1465.7,29,1685
830601,1420,1420,1415.7,1415.7,23,1692
830602,1410,1410,1349.7,1349.7,47,1686
830603,1365,1370,1346.3,1346.3,11,1690
830606,1320,1320,1296.3,1296.3,6,1698
830607,1246.3,1252.3,1246.3,1252.3,9,1695
830608,1262,1270,1255,1255,25,1707
830609,1290,1305,1282,1305,82,1635
830610,1314,1331,1275,1292.5,22,1634
830613,1330,1333,1320,1333,14,1644
830614,1310,1310,1310,1310,0,1644
830615,1302,1310,1289.8,1289.8,126,1655
830616,1310,1324.1,1310,1324.1,10,1655
830617,1306,1314.1,1306,1314.1,9,1657
830620,1331.7,1331.7,1331.7,1331.7,53,1710
830621,1320,1345.7,1320,1345.7,2,1709
830622,1370,1380,1366.2,1367.2,17,1724
830623,1374,1374,1367,1373.2,2,1726
830624,1374.7,1374.7,1374.7,1374.7,35,1699
830627,1330,1335,1324.7,1324.7,5,1704
830628,1320,1320,1275,1277.5,11,1700
830629,1302,1310,1301.4,1301.4,8,1700
830630,1307,1307,1290,1297.5,596,1833
830701,1310,1320,1302,1317,8,1832
830705,1267,1282.3,1267,1282.3,106,1832
830706,1299.7,1299.7,1299.7,1299.7,134,1860
830707,1285,1349.7,1285,1349.7,5,1859
830708,1344,1360,1344,1351.2,16,1859
830711,1370,1386.5,1370,1386.5,17,1854
830712,1392,1394,1380,1386.7,0,1906
830713,1382,1382,1373,1374.7,119,1674
830714,1376,1376,1336,1336,46,1645
830715,1350,1367,1332,1332,5,1644
830718,1365.5,1365.5,1365.5,1365.5,50,1644
830719,1362.9,1362.9,1362.9,1362.9,1,1646
830720,1382,1397.8,1382,1397.8,4,1636
830721,1414,1414,1375.6,1375.6,4,1641
830722,1378,1378,1377.6,1377.6,71,1678
830725,1393.6,1393.6,1393.6,1393.6,0,1678
830726,1395,1395,1390,1393.6,8,1682
830727,1390,1390,1375.3,1375.3,1,1676
830728,1367.7,1367.7,1366.7,1367.7,0,1676
830729,1365,1365,1320,1320,16,1693
830801,1320,1320,1300,1318,32,1668
830802,1338,1343,1325,1334.3,10,1674
830803,1333,1344,1333,1344,4,1675
830804,1335,1335,1308.2,1308.2,15,1687
830805,1285,1317,1285,1311.3,18,1699
830808,1305,1305,1280,1299.1,20,1707
830809,1291.1,1291.1,1291.1,1291.1,0,1707
830810,1286,1328,1280,1309.6,12,1713
830811,1309,1309,1309,1309,21,1733
830812,1335,1335,1327,1327,3,1736
830815,1357,1377,1357,1377,35,1746
830816,1387,1395,1376.5,1376.5,11,1749
830817,1395,1397,1393,1396.5,13,1749
830818,1395,1395,1372,1376,15,1758
830819,1370,1398,1357.3,1357.3,10,1755
830822,1390,1407.3,1390,1407.3,9,1754
830823,1430,1449,1409.9,1409.9,514,1850
830824,1413,1415,1393.5,1393.5,35,1853
830825,1408,1408,1346,1346,21,1855
830826,1357,1360,1346,1359,47,1871
830829,1349,1356.1,1349,1356.1,13,1873
830830,1366,1366,1350.1,1350.1,11,1877
830831,1340,1355,1332,1343.5,97,1907
830901,1362,1362,1344.5,1344.5,4,1909
830902,1359,1359,1352,1356,4,1910
830906,1370,1370,1348.1,1348.1,2,1912
830907,1356,1356,1340,1347.9,6,1916
830908,1348,1350.9,1348,1350.9,1013,1921
830909,1355,1355,1346.9,1346.9,143,1940
830912,1361,1361,1300,1307.7,115,2036
830913,1307,1312,1290,1300,29,2039
830914,1300,1300,1280,1298.8,55,2036
830915,1294,1294,1288.4,1288.4,256,1939
830916,1302,1313.2,1290,1313.2,115,1850
830919,1324,1325,1320.5,1320.5,44,1860
830920,1313.5,1315,1308,1308,61,1855
830921,1300,1305,1300,1304.1,272,1716
830922,1290,1304.2,1286,1304.2,113,1714
830923,1311,1329.7,1311,1329.7,19,1713
830926,1325,1325,1317,1317.8,128,1779
830927,1302,1306.8,1302,1306.8,24,1799
830928,1307,1307,1296.1,1296.1,73,1853
830929,1275,1275,1246.1,1246.1,137,1883
830930,1234,1247,1196.1,1198,481,2190
831003,1130,1140,1123,1123,356,2036
831004,1142,1146,1106,1108,417,1856
831005,1068,1130.2,1065,1130.2,468,1688
831006,1121,1124,1115,1121.9,760,1750
831007,1130,1152,1130,1139,26,1767
831010,1138,1160.7,1138,1160.7,24,1785
831011,1145,1145,1134,1136.5,21,1800
831012,1110,1122,1110,1115.5,408,1860
831013,1129,1130.5,1122,1130.5,8,1860
831014,1133,1140,1133,1133.4,145,1757
831017,1130,1130,1085,1109.6,28,1763
831018,1112,1112,1097.6,1097.6,78,1804
831019,1080,1085,1047.6,1047.6,212,1741
831020,1037,1050,1017,1038.4,514,1972
831021,1042,1046,1035,1036.2,47,1964
831024,1036,1050.2,1036,1050.2,12,1972
831025,1046,1054,1045.2,1045.2,16,1973
831026,1037,1037,995.2,995.2,48,1997
831027,945.2,956,945.2,956,243,1970
831028,970,991,969,984.6,84,2010
831031,951,954,934.6,934.6,435,2085
831101,915,941.7,915,941.7,53,2069
831102,950,962,950,957.5,90,2031
831103,935,960.5,915,960.5,70,2058
831104,963,972,948,969.5,74,2121
831107,957,981,956,977.6,56,2124
831108,983,983,976.6,976.6,23,2123
831109,993,994,968.4,968.4,20,2133
831110,970,971,964.1,964.1,53,2147
831111,964,973.1,964,973.1,57,2192
831114,969,980.1,969,980.1,6,2195
831115,986,986,980,982.3,122,2259
831116,988,991,932.3,932.3,1799,3116
831117,930,937,901,937,703,3624
831118,928,929,918,923,489,3784
831121,914,934.3,914,934.3,30,3806
831122,940,940,925.6,925.6,177,3930
831123,929,929,921.2,921.2,142,3996
831125,924,927.8,924,927.8,43,4015
831128,975,977.8,943.8,977.8,774,4011
831129,979,1017,974,1016.8,122,3993
831130,1064,1064,1037.9,1037.9,691,3858
831201,1028,1042,1025,1041.8,753,3521
831202,1035,1040,1026.4,1026.4,562,3254
831205,1025,1030.4,1025,1030.4,524,3420
831206,1025,1033,1025,1032.8,1431,3757
831207,1025,1069.8,1025,1069.8,866,4322
831208,1064,1076,1019.8,1019.8,781,4231
831209,1008,1020,993,1008.8,873,4969
831212,1005.1,1005.1,1005.1,1005.1,97,4882
831213,1010.5,1010.5,1010.5,1010.5,205,5075
831214,1001.5,1001.5,1001.5,1001.5,3,5075
831215,975,981,951.5,951.5,423,5200
831216,946,946,910,924.3,2658,4436
831219,927,939,924.3,924.3,76,4400
831220,937,937,929,937,180,4280
831221,938.5,942,934.7,934.7,79,4309
831222,940,963.7,932,963.7,322,4508
831223,953,958,939.6,939.6,11,4505
831227,935,951,935,942,33,4520
831228,940,946,939,944,528,4540
831229,957,958,949,954,1275,4556
831230,950,964,950,962.5,27,4574
840103,944,944,918,918.5,190,4657
840104,885,914,885,908.9,539,4645
840105,906,918,904,911.2,1376,4720
840106,903.5,903.5,861.2,861.2,2099,5371
840109,847,847,832,835.8,673,5270
840110,860,867,852.3,852.3,137,5255
840111,855,857.7,840,857.7,398,5269
840112,848,869,848,862,598,5398
840113,875,875,869,873.7,67,5075
840116,860,864,846,857.8,38,5074
840117,850,858,850,856.2,31,5069
840118,856,856,852,853.7,38,5058
840119,877,887,877,885.2,762,4810
840120,873,875.6,866,875.6,82,4833
840123,877,881,854,854,203,4738
840124,846,856.7,844,856.7,150,4643
840125,854,863,853,858.2,1020,4334
840126,863,863,838,856.9,210,4342
840127,854,881,854,880.8,325,4355
840130,884,884.8,875.5,884.8,121,4408
840131,895,909.7,893,909.7,302,4409
840201,930,931.2,922.5,931.2,233,4321
840202,939,947.7,930,947.7,258,4241
840203,942.5,947,934,945.7,113,4274
840206,924,933,924,926.2,458,4315
840207,916,934,916,929.5,87,4299
840208,964,965,948.3,948.3,424,4224
840209,950,950,906,924,377,4410
840210,919,927,917.5,924,139,4380
840213,918,920,918,919,7,4365
840214,913,959.3,912.5,959.3,256,4343
840215,965,975,957.5,959.7,177,4266
840216,966,970,957.3,957.3,238,4221
840217,958.5,967,958,965.4,146,4164
840221,981,983,960,975.3,263,4168
840222,999,1025,993,1023.5,1077,4480
840223,1020.5,1031,1012,1029,426,4346
840224,1022,1024,1010,1013,574,4575
840227,1002,1042,995,1040.9,427,4541
840228,1034,1036,1013,1014.9,584,4668
840229,1018,1023,1007,1015.5,329,4798
840301,1010,1015.5,998,1015.5,64,4803
840302,1020,1040,1020,1040,302,4865
840305,1063,1066,1055,1056.5,524,4976
840306,1050,1055,1046.5,1049.6,413,5115
840307,1045,1045,1025,1025,448,5002
840308,1007,1051,1006,1047.4,439,5116
840309,1035,1054,1031.5,1038.4,106,5100
840312,1013,1025,1006,1016.8,111,5082
840313,1025,1032,1013,1023.1,239,5091
840314,1030,1033,990,995.6,303,5146
840315,993,1000,985,996.5,765,5421
840316,990,1000,987,994.7,151,5493
840319,992,1006,992,1004.7,154,5431
840320,1004,1009.1,999,1009.1,235,5346
840321,997,1012,997,1007.8,116,5327
840322,1000,1000.5,973,976.6,372,5277
840323,986,986,970,979.7,353,5352
840326,984,996,980.5,996,979,5800
840327,998,1001,992,996.2,262,5329
840328,987,1025,986,1024.7,481,5295
840329,1028,1030,1019,1019.7,225,5444
840330,1017,1027,1011,1026.1,845,5518
840402,1019,1020.5,976.1,976.1,432,5561
840403,968,980,967,978.1,1235,5566
840404,977,982,976,979,49,5551
840405,979,979,942,950.9,366,5613
840406,952,960,951,957.9,491,5670
840409,961,970,961,965.9,182,5751
840410,960,976,956,968,159,5752
840411,970,980,963,966.2,92,5778
840412,962,963,943,952.7,675,6222
840413,949,963.7,947.5,963.7,308,6237
840416,953,957,946,955.7,83,6279
840417,955,962,955,961.5,282,6402
840418,959.6,1000,947.8,979,341,6351
840419,976,978,969,969.4,150,6392
840423,975,989,973,981.5,208,6456
840424,972,978,960,962.3,836,6841
840425,964,968,956,964.6,682,6793
840426,953,953,937,941.5,1345,7101
840427,944,949,938,940.5,954,7552
840430,925,930,920,928.7,962,7333
840501,927,939,927,933.7,487,7415
840502,932,943.5,930,939.7,517,7450
840503,939.5,951,935.1,936.8,1152,7518
840504,936,938,914,917.7,652,7512
840507,910,911,886,892.3,1302,7521
840508,895,903,887,899.5,1432,7670
840509,897,905,887,892.6,1093,7839
840510,901,910.5,896,909,2000,8175
840511,911,911.5,887,904.1,945,8174
840514,915,915,906,913.7,751,8326
840515,910,923,905,919.5,963,8586
840516,925,940,921,937.8,1519,8803
840517,935,947,916,921.7,2147,9408
840518,926,945,924,942,1021,9423
840521,949.5,955.5,938,939.1,1555,9359
840522,941,946,935,940,1076,9208
840523,939,942,925,925.7,1001,9271
840524,921,951,916,935.5,1324,9354
840525,960,964.5,950,962.4,2236,9657
840529,947,955.5,940.5,942.4,1129,9689
840530,950,953,940,944.5,2470,9488
840531,944,961,943,953.6,1216,9195
840601,970,981.5,955,955.6,2460,8802
840604,964,969,952,966.8,2083,8374
840605,964,970,959,964.8,1930,8427
840606,953,957.5,950,952.5,1299,8494
840607,950,953,941,943.8,958,8518
840608,935,938,923,926.5,2616,8397
840611,923,926,882,885.8,4498,8772
840612,891,895.5,872,891.3,5156,8905
840613,893,896,878,883.7,2073,9137
840614,888.5,893,878,879.7,2409,9392
840615,872,878,862,872.3,3196,9993
840618,864,883,863,880.2,1924,10184
840619,878,887,875,877.6,2497,10292
840620,876,876.5,864,870.8,2716,10310
840621,868,886,866.5,881.2,4380,10999
840622,887,892,880,882,3324,12150
840625,862,865,847,852.5,6268,13495
840626,857.5,858,852,856.7,6442,15024
840627,848,863,844,846,14857,17336
840628,851,859.5,850,858,16888,19158
840629,861,861,853.5,855,9215,19407
840702,843,847.5,843,845,8055,20262
840703,836.5,837,822,830.5,17296,21606
840705,796,808.5,782,783.5,18993,22074
840706,775,787,752,764.5,31724,22039
840709,738,779,737,777.5,33571,22760
840710,767,779,754,758,30401,23741
840711,745,752,729,746,32327,23496
840712,743,753,738,741,18810,23314
840713,755,772,751,756,21945,22585
840716,768,770,757.5,760,18398,21959
840717,755,757,748,749,12313,22365
840718,751,772,745,770,21826,23213
840719,770,776,753,755,25609,24088
840720,750,753,734,742,24991,24306
840723,723,728,717,725,18040,24293
840724,732,733,720,721,16216,25124
840725,733,738,725,732,20681,24962
840726,731,734,701,701.5,29939,27123
840727,708,715,685,713,25646,26788
840730,702,721,699,717,18327,26280
840731,722,725.5,702,708.5,24898,25676
840801,701,756,699,750,23499,25201
840802,744,775,743,752,34028,24856
840803,770,780,758,776,24800,24467
840806,774,778,758,763.5,19584,24444
840807,741,757.5,740,755.5,23510,24424
840808,760,767,752.5,757.5,17931,24147
840809,759,792,755,789,19108,23492
840810,789,798,766,768,26048,23436
840813,763,796,761,791,20387,23276
840814,797,816,791,806,32242,22610
840815,802,812,789,803,24797,21453
840816,793,804.5,788,790,19735,20263
840817,789,799,784.5,786,15314,19549
840820,778,783,747,749,22564,18546
840821,752,756,738,745.5,19092,18026
840822,749,778,747,771,18836,17324
840823,768,784,755,762,24134,16236
840824,764,775,757,772,12690,16236
840827,767,767,753,762.7,12712,14726
840828,765,772.5,756,760.7,15070,12336
840829,767,769,760,760.7,9332,8772
840830,752,755.5,744,747.6,5361,4744
840831,745,749,745,745.2,1443,3737
840904,719,723,710,712.3,2716,3339
840905,714,723,711,718.7,759,2272
840906,717,734,717,729.7,822,2163
840907,713,720.5,706,709,1154,2020
840910,712,726,710,721.1,821,1842
840911,729,730,716,718.4,1055,2100
840912,722,723.5,716,718,413,1243
840913,715,715,704,710.4,263,1032
840914,724,735,718,718.6,672,1392
840917,709,709,698,701.8,1071,937
840918,700,712,699,709.8,668,990
840919,711,715,710,712.2,95,685
840920,709,728,707,725.5,326,580
840921,725,770,725,764.5,121,233
840924,769,773,760,761.4,162,187
840925,758,764,757.5,761.2,387,336
