890131,691.6,691.6,691.6,691.6,10,10
890201,695.3,695.3,695.3,695.3,0,10
890202,694.1,694.1,694.1,694.1,0,10
890203,695.1,695.1,695.1,695.1,0,10
890206,701.8,701.8,701.8,701.8,0,10
890207,697.2,697.2,697.2,697.2,0,10
890208,703.2,703.2,703.2,703.2,0,10
890209,700.8,700.8,700.8,700.8,1,10
890210,693.1,693.1,693.1,693.1,0,10
890213,694.6,694.6,694.6,694.6,0,10
890214,695,695,695,695,0,10
890215,701.7,701.7,701.7,701.7,0,10
890216,700.6,700.6,700.6,700.6,0,10
890217,706.8,706.8,706.8,706.8,0,10
890221,706.3,706.3,706.3,706.3,0,10
890222,708.5,708.5,708.4,708.4,1,11
890223,708.9,708.9,708.9,708.9,0,11
890224,708.3,708.3,708.3,708.3,0,11
890227,703.6,703.6,703.6,703.6,148,130
890228,699.7,699.7,699.7,699.7,15,134
890301,689.2,689.2,689.2,689.2,7,141
890302,689.2,689.2,689.2,689.2,0,141
890303,696,696,693.1,693.1,1,142
890306,693.8,693.8,693.8,693.8,0,142
890307,700.3,700.3,700.3,700.3,11,141
890308,699.1,699.1,699.1,699.1,0,141
890309,715,715,715,715,0,141
890310,722.6,722.6,722.6,722.6,0,141
890313,724,724,724,724,0,141
890314,736.3,736.3,736.3,736.3,10,151
890315,726,727.1,726,727.1,56,197
890316,725,725,722.4,722.4,2,196
890317,731,732.5,731,732.5,71,188
890320,742,742,731.7,731.7,2,189
890321,725,725.4,723,725.4,56,190
890322,722.9,722.9,722.9,722.9,151,295
890323,718,718,716.2,716.2,1,296
890327,716,716,710.2,710.2,1,297
890328,692.2,692.2,692.2,692.2,1,296
890329,690,690,686.4,686.4,4,298
890330,681.8,681.8,681.8,681.8,0,298
890331,687,687.1,687,687.1,2,298
890403,689,689,686.6,686.6,4,301
890404,689,689,689,689,40,277
890405,685,685,685,685,20,297
890406,687.5,687.5,685.2,685.2,8,298
890407,683,684,681.5,681.5,3,301
890410,689.5,689.5,687.8,687.8,201,502
890411,689.1,689.1,689.1,689.1,0,502
890412,691,693.3,691,693.3,150,597
890413,695,702.5,693.8,693.8,7,599
890414,683.9,683.9,683.9,683.9,0,599
890417,685,685,684.4,684.4,1,599
890418,683,683,676.5,676.5,21,580
890419,677,680,675,675,3,583
890420,675,677.4,675,677.4,4,581
890421,677,677,675.4,675.4,3,584
890424,675,683.8,675,683.8,63,623
890425,680.1,680.1,680.1,680.1,20,625
890426,679,682.5,676.5,676.5,4,627
890427,674,674,661.3,661.3,2,628
890428,657,657.5,654.3,654.3,33,639
890501,657,660.3,657,660.3,11,647
890502,660,660,657.1,657.1,1,648
890503,656.7,656.7,656.7,656.7,0,648
890504,660,660,654.4,654.4,1,649
890505,653,653,650.7,650.7,303,650
890508,649.7,649.7,649.7,649.7,1,649
890509,659.2,659.2,659.2,659.2,0,649
890510,653.2,653.2,653.2,653.2,0,649
890511,657,657,657,657,1,650
890512,653,653,639.8,639.8,21,667
890515,638,638,635,635,5,671
890516,636,637.5,635.8,635.8,26,684
890517,634,634,627.9,627.9,34,693
890518,627.5,627.5,624.9,624.9,2,693
890519,614.9,621,604.2,604.2,54,685
890522,582,594,582,589.1,24,694
890523,596.1,596.1,596.1,596.1,0,694
890524,597.5,598,596.2,596.2,3,697
890525,604,605.6,604,605.6,202,696
890526,611,611,604.3,604.3,7,701
890530,600,601.1,600,601.1,34,707
890531,596.5,598,593.7,593.7,129,721
890601,590.5,597.3,590.5,597.3,4,719
890602,597,606.1,597,606.1,3,721
890605,602.3,602.3,602.3,602.3,2,721
890606,621.2,621.2,621.2,621.2,0,721
890607,624.8,624.8,624.8,624.8,15,721
890608,621.9,621.9,621.9,621.9,0,706
890609,620,620,589.2,589.2,6,709
890612,589,592.3,589,592.3,10,706
890613,595.1,595.1,595.1,595.1,8,708
890614,595,600,595,598.1,9,710
890615,600,604.2,599,604.2,2,711
890616,607,607,600,603.6,2,713
890619,607.3,607.3,607.3,607.3,1,713
890620,607,607,598.2,598.2,2,713
890621,605,605,602.9,602.9,2,713
890622,603.5,603.5,603.5,603.5,0,714
890623,609,609,606.2,606.2,7,714
890626,604,604,603.9,603.9,2,716
890627,603.1,603.1,603.1,603.1,1,716
890628,602,602,600.6,600.6,2,717
890629,600,600,581.3,581.3,7,721
890630,585,587,583.9,583.9,4,723
890703,591.5,591.5,590,591.2,8,729
890705,606,609.2,606,609.2,10,724
890706,607.5,607.5,607.5,607.5,0,724
890707,607,607,588.9,588.9,3,727
890710,591,593.5,590.8,590.8,6,730
890711,592,592,589,591.8,2,732
890712,592,592,583.9,583.9,4,732
890713,584.2,584.2,584.2,584.2,3,732
890714,579,586,579,585.7,5,736
890717,591,592.1,591,592.1,1,735
890718,592,592,590,590,1,735
890719,588,588,579.6,579.6,1,736
890720,581.2,581.2,581.2,581.2,0,736
890721,582,583,580,582.7,21,748
890724,585,585,583.6,583.6,107,811
890725,584,584,584,584,0,811
890726,585.5,585.5,585.5,585.5,1,810
890727,583.8,583.8,583.8,583.8,0,810
890728,574.5,575.2,574.5,575.2,14,925
890731,587.2,587.2,587.2,587.2,0,811
890801,583.5,585.4,583.5,585.4,2,811
890802,582.4,582.4,582.4,582.4,20,811
890803,590,593,589.6,589.6,10,803
890804,585.5,587.5,577.4,577.4,7,809
890807,578.4,578.4,573.7,573.7,6,810
890808,575,577,575,577,1,811
890809,578,578,576.7,576.7,8,820
890810,578,578,577.6,577.6,4,822
890811,575,581,568,580.7,17,829
890814,581.5,581.5,581.5,581.5,0,829
890815,587.4,587.4,587.4,587.4,0,828
890816,585,585,581.6,581.6,8,827
890817,587.9,587.9,587.9,587.9,8,826
890818,588,588,586.9,586.9,53,828
890821,585,585.7,585,585.7,8,824
890822,585,586.5,585,585.4,23,845
890823,586,586,579.4,579.4,2,846
890824,577,579.2,577,579.2,21,859
890825,575,575,572.1,572.1,34,870
890828,572.5,574,567,569.4,28,877
890829,572,574,569.4,569.4,28,857
890830,570,572.5,568.4,568.4,14,858
890831,565,568,563.9,563.9,167,867
890901,566.5,567.4,566.5,567.4,12,876
890905,566.5,566.5,565.9,565.9,50,907
890906,570,572,569.5,570.6,11,904
890907,571.5,572.3,571.5,572.3,41,924
890908,573,573,565,565,38,941
890911,566,566,564.2,564.2,13,966
890912,565.2,565.2,565.2,565.2,3,963
890913,563.5,565.5,563,564.6,42,979
890914,568,568,562.5,563.1,28,980
890915,565.8,565.8,565.8,565.8,1,977
890918,565,565,563,563.8,286,1223
890919,563.7,563.7,563.7,563.7,312,1471
890920,569.5,570.3,569.5,570.3,317,1553
890921,576.7,576.7,576.7,576.7,332,1553
890922,581.5,587.5,581.5,587.5,228,1588
890925,591,591,587,587.4,39,1604
890926,586,589.5,585.4,585.4,22,1592
890927,587,587,583.2,583.2,12,1579
890928,583.8,583.8,583.8,583.8,96,1574
890929,587,587,579,579.8,130,1570
891002,578.8,578.8,578.8,578.8,12,1568
891003,578.7,578.7,578.7,578.7,41,1607
891004,581.6,581.6,581.6,581.6,3,1604
891005,585,585,572,572.5,118,1614
891006,567,571,565.8,565.8,32,1612
891009,565,565,557.9,557.9,63,1607
891010,560,560,554.9,554.9,169,1757
891011,555.5,559.8,555.5,559.8,75,1756
891012,562.5,562.5,560.8,560.8,8,1760
891013,561,561,559.5,559.5,11,1770
891016,566.5,566.5,557.5,561.4,173,1874
891017,561,561.5,560.7,560.7,128,1907
891018,564,564,561.1,561.1,124,2011
891019,562,562,558.3,558.3,21,2018
891020,558,559.2,556.5,559.2,43,2032
891023,558,558.9,557.9,558.9,24,2054
891024,563,564.3,563,564.3,22,2067
891025,562.5,562.5,560,560.8,31,2089
891026,562,569.2,562,569.2,135,2080
891027,567,578.4,567,578.4,178,2060
891030,577,577,573.5,574.7,37,2063
891031,571,571,567,567.6,182,2132
891101,565,566.5,564.6,564.6,22,2128
891102,565.5,575.1,565.5,575.1,26,2132
891103,574.5,579.5,568,572.6,90,2171
891106,574.6,575,573,573.6,47,2195
891107,579,581,576.4,576.4,187,2330
891108,577.5,577.5,573,576.3,73,2374
891109,578,581.5,578,578,108,2359
891110,578,578,573,573,128,2401
891113,579,584.5,579,579.5,142,2416
891114,582.5,589.1,581,589.1,186,2513
891115,586.5,606,583.2,603.6,551,2851
891116,605,620,603,609.5,475,3104
891117,617,620,610,618.2,783,3018
891120,619,625,617,621.1,785,3545
891121,629,635.7,621,635.7,395,3773
891122,639,640,627.5,632,238,3816
891124,636,643,634,639.6,176,3861
891127,626,629,619,619.4,465,4105
891128,612,624,609,619.9,531,4128
891129,610,617.5,609,610.2,229,4132
891130,606,620.5,606,616.1,189,4206
891201,621,622,615,615.7,34,4125
891204,610,610,599.1,599.1,138,4112
891205,601.1,606.2,600,601.7,481,4313
891206,601,605,600,603.6,283,4550
891207,607,610.8,604,610.8,14,4548
891208,608.5,614.5,608,612.8,284,4551
891211,614.5,622.5,614.5,617.5,84,4555
891212,617,619,612,615.3,503,4752
891213,614,614,601,601.9,116,4761
891214,599,604,599,602.3,192,4875
891215,607,609.5,607,607.6,38,4885
891218,604,604.5,595,603.7,47,4897
891219,598.5,598.5,598.5,598.5,1201,4957
891220,599,603,597,600.9,412,5596
891221,603,603,599.9,599.9,437,6024
891222,604,604,601.8,601.8,58,6023
891226,597.5,598.5,596.8,596.8,10,6023
891227,593,594.5,566,567,283,6026
891228,569,571,555,556.5,758,5955
891229,563,567,559.5,561.7,137,5765
900102,557,568,557,559.7,82,5618
900103,557,559,552.5,556.6,96,5645
900104,565,570,562.5,568.9,21,5629
900105,569,575,565,574,32,5619
900108,567.5,573.5,566.5,566.5,33,5620
900109,564.5,567,564,565,225,5832
900110,569,574,569,572.2,75,5834
900111,570,575,570,572,88,5895
900112,575,580,575,575.3,736,5532
900115,575,575,564,565.8,294,5761
900116,562.5,568,562,564.3,108,5793
900117,564,566.7,563.5,566.7,120,5901
900118,567.5,569,560,561,376,5813
900119,560,564,560,562,32,5818
900122,560,568.3,557,568.3,121,5822
900123,567,572,567,571.2,614,5656
900124,573,578.5,563,563,850,5574
900125,564,565,561,561.8,766,5719
900126,568,569,561,563,19,5854
900129,563,564,560,562.2,187,5905
900130,560,565,560,561,517,5945
900131,559.5,562.5,557,559.6,65,5950
900201,562.5,570,562.5,570,150,5846
900202,571,573,567.5,571,40,5833
900205,573.5,578,573,573.4,59,5825
900206,571,573,570,571,182,5905
900207,571,580,570.5,571.2,109,5940
900208,573.5,574,571,571.8,323,6147
900209,568.8,569,564,564.2,222,6245
900212,567,573,567,567,69,6256
900213,572,573,569,570.3,76,6242
900214,566,572,566,570,13,6362
900215,575,575,569,570.3,465,6516
900216,572.5,576.5,570.5,571.2,60,6543
900220,572,574,569,572.1,117,6480
900221,573,574,565,565.7,340,6536
900222,567,568,564,564.6,412,6856
900223,564.5,566,561.2,561.2,1405,7020
900226,561.2,561.2,549.5,551.5,504,7172
900227,551.5,554,542.5,544.3,809,7041
900228,548,548.6,544,548.6,748,7510
900301,550,551.5,548,551.5,482,7672
900302,551,551,546,548.3,157,7795
900305,549,549,546,547.3,41,7792
900306,548,550,547,547.1,68,7792
900307,550.5,550.5,546,547.4,35,7797
900308,549,550,546.3,546.3,31,7811
900309,545,546,542.5,544.5,1251,8921
900312,546,547.5,536,538.7,161,8952
900313,537,542,537,540.4,71,8949
900314,541.5,543.5,541,542.5,318,9210
900315,542,545,542,542.2,146,9304
900316,543,547.5,543,543.5,110,9370
900319,546,546.5,544,544.4,38,9385
900320,544,544.5,537,537.9,172,9483
900321,537,541.5,535,538.9,322,9655
900322,538.5,542,538,541.5,175,9787
900323,542,544,535,537.2,278,9944
900326,524,529,522,527.6,569,9972
900327,526,528.5,525,527.5,109,9978
900328,530.5,531.5,522,523.4,529,10109
900329,525,529,524.5,526.4,104,10126
900330,526.5,527.5,524,526,211,10179
900402,525,526.5,524,525.9,572,10657
900403,530,533,528.5,532.2,212,10670
900404,531,548.1,531,548.1,243,10691
900405,546,553.5,542,546.1,500,10913
900406,548,550,542,548.2,250,10979
900409,545,546,539,541.8,1454,11136
900410,541,544,538,540.3,926,10846
900411,538.5,544,538.5,543.7,79,10848
900412,543.5,545.5,538.6,539.7,53,10857
900416,538,538,532,536.1,404,11179
900417,535,540.9,533,539.7,1950,11059
900418,540,541.5,535,536.6,392,11140
900419,538.5,538.5,536.4,536.4,950,11775
900420,536.5,540,535,539.9,335,12016
900423,538,541.5,536,539.3,317,12144
900424,539,541,528,529.3,271,12280
900425,526.5,529,517,520.9,1642,12738
900426,521,524,519,520.2,2466,12792
900427,520,523,520,520.7,405,12980
900430,517,523,517,522.2,357,13069
900501,524,533,523,530.4,637,13307
900502,528,529,526.5,527.4,72,13326
900503,529,530.5,528,528.2,97,13348
900504,533,534.5,527,527.9,689,13507
900507,530,531,529,529.4,192,13506
900508,530,531,524,526.4,316,13508
900509,524,531,522.1,529.8,226,13579
900510,530,538,530,535.4,540,13572
900511,530,533,529.5,530.6,362,13587
900514,531,536,530.5,532.5,174,13623
900515,527.5,532,526,526.9,672,13630
900516,525,528.5,525,526.4,212,13690
900517,528,530,527,527.9,204,13698
900518,530.5,538,530,537.5,214,13699
900521,538,540,534.5,538.7,344,13680
900522,537.5,556,537.5,553.8,1768,13528
900523,537,553,535,548.3,3162,13273
900524,548.5,551.5,545.5,548,931,13433
900525,548.5,549.5,545,546.5,355,13415
900529,547,548,536.6,538.1,1061,13718
900530,536.5,540,528,528.4,1054,13645
900531,529,531,527.5,530.9,821,13683
900601,531,533,521.6,527.4,1424,13746
900604,524,528.5,523.5,527.6,263,13774
900605,527.5,531.5,526,529.1,436,13838
900606,531.5,532,525.1,525.8,716,14024
900607,520,524.3,520,523.5,1313,14504
900608,523,525,521,522.8,320,14592
900611,521.5,524.5,519.6,523.1,1162,15231
900612,522.5,528,522.5,523.7,901,15510
900613,521,522,511,512.4,5682,17569
900614,511.5,513,496,496.9,7779,20331
900615,499,503,494.5,501.2,2294,21065
900618,501,504.5,501,502.7,1154,21513
900619,503,504.5,501,501.8,937,21565
900620,499,505,495,503.2,2553,21289
900621,504.5,505,501,502.2,470,21492
900622,501,503.5,498,501,1095,21873
900625,504.5,505,501.1,501.4,1541,22817
900626,500,503,492,501.5,2950,23659
900627,500,504.5,498,498.5,2295,24200
900628,500,504.5,499,500,3013,25450
900629,502.5,512,498,507.3,17317,25772
900702,507.5,518,507.5,512.3,2584,25921
900703,513,517,510,510.3,1022,25839
900705,504.5,509,504,504.8,1218,26028
900706,506,506.5,503.5,504.4,625,26068
900709,504.5,507.9,497.1,497.6,1836,26300
900710,495,500.5,494.5,498.6,1197,26561
900711,497.1,501.5,496.5,500.8,778,26724
900712,500,507,498,505.8,1125,27087
900713,506,513,504.5,507.5,2273,27356
900716,507.5,508.5,501,501.3,1290,27842
900717,500,501.5,492,497.6,2399,28092
900718,496.1,506.5,496,504.5,1173,28334
900719,504.5,506,500.6,500.8,724,28234
900720,500,503.5,499.6,500.3,669,28259
900723,505,509.5,502.2,503.6,1513,28632
900724,504.5,505.5,495.5,496.3,1805,28907
900725,501,506,496.5,497.9,1272,28969
900726,497.5,500.5,496.5,499.9,806,28983
900727,497.5,500,493.5,497.7,2086,30130
900730,497,499.5,494,494.4,1278,30727
900731,498.5,501,492,492.7,1878,30992
900801,492.5,499.5,492,496,1599,31471
900802,504,508,496,497.1,2951,31911
900803,494,504.5,493.5,497.6,3423,32339
900806,500,504.5,499,502.7,2096,32566
900807,500.5,503,496,499.4,2039,32851
900808,500.5,502,497.1,497.6,2099,32981
900809,498.5,500,496.5,498.9,1607,32694
900810,503,512,503,510.2,6418,33624
900814,514.5,547,514.5,533.2,16448,38392
900815,525,527,518.5,520.1,7978,39955
900816,519.5,532,519.5,530,6045,39953
900817,530,535,529,531.2,7444,42085
900820,529,531,522,526.2,5779,43732
900821,527.5,534.5,518,522.1,9392,45764
900822,524,528.5,523,525.8,5651,47430
900823,531,534,521,525.3,9505,49287
900824,523,533,523,531.5,6717,50083
900827,518,522,493,496.5,23612,54412
900828,499.5,501,488,495.5,28912,57773
900829,495.5,497,490,493.8,18476,62480
900830,492,496,490,492,11915,66739
900831,492,493,486,486.8,12563,69492
900904,487,490.5,478.5,482.5,19046,71604
900905,481.5,487.5,481.5,483.7,9977,70942
900906,486,489,485.5,487,6338,70319
900907,483.7,492.4,482,489.5,13394,69294
900910,482.5,485.9,481.1,485,7196,69781
900911,482.3,490,482,487,8834,69856
900912,487,492.5,487,489.3,7015,69300
900913,487.5,489,486,486.3,4611,69184
900914,488,489.5,483,483.7,8962,69039
900917,484,487,483.5,485.3,5869,69690
900918,483,488.9,481,487.7,9519,69784
900919,485.5,490.5,484.5,485.3,6175,70045
900920,485.5,487,484,486,2702,70050
900921,486,490.5,485.5,487,7475,70901
900924,489,501,487.5,499.5,20292,71217
900925,498,499,490.5,491.5,15296,70086
900926,488,489.5,482,487.3,18459,69351
900927,483,488,483,484.5,5623,68988
900928,484,486.5,483,483.2,5312,69278
901001,481,482,468,471,23134,69878
901002,472,476,472,474.5,7675,68996
901003,473,476.5,472,475.3,4179,69139
901004,476,478.5,471.1,473,5947,69051
901005,475,476.5,471.5,472.8,4042,69081
901008,471.5,474,468,472.8,4478,69156
901009,473.5,475,463,465,11118,69097
901010,465,467,445,446.2,23546,71140
901011,439,442.5,426,428.5,24804,68170
901012,419.5,445,419.5,435.5,24219,68175
901015,428,432,415,417.8,17800,66218
901016,418.1,429.5,417,418.8,18067,64766
901017,422,427.5,422,424,9585,63772
901018,424.1,426.5,419.5,424,9690,63489
901019,426,433,425,429.8,9616,63521
901022,423,429,422,423.3,7265,63216
901023,425.5,428.5,424,425.8,6119,62754
901024,422,427,422,426,4510,62342
901025,425.5,427.5,422.5,424,4076,62457
901026,424.5,425,406,408,17780,61797
901029,405.5,416,405.5,415.7,11520,62036
901030,414,425.5,413.6,424.5,13237,61157
901031,426,428,417.5,418,9745,60715
901101,420,434,417.5,425.6,14913,59569
901102,423,424.5,415.5,418.5,10238,58874
901105,418.5,424,416.5,422.7,6248,59032
901106,423,427,419,425.7,7886,58360
901107,422,432,422,428.7,16719,56630
901108,427.5,431.5,423,427.7,9074,56769
901109,425,426.5,422,423.7,7653,51121
901112,419,423.5,417,420.5,6243,52469
901113,420.9,423,420,421.2,4539,52894
901114,420.5,422,415.5,417.5,7030,52665
901115,417,418,409,411.7,9004,51654
901116,412.2,416,407,415,9917,50315
901119,412,417,412,414,6501,48250
901120,413,414,409,411,8899,47026
901121,409.6,415,409,412.5,7020,44982
901123,414.5,418,410.5,413,7144,42736
901126,417,422,415,415.2,13327,35938
901127,407.5,413,407.5,410.2,13393,30674
901128,409,413,406,412.5,16876,23132
901129,412.5,414,406.5,408.5,23255,15164
901130,404.5,413,404.5,412.2,5990,4448
901203,411.5,415,411,413.8,1303,3429
901204,414.5,417,412.5,415.1,794,2483
901205,414.5,416,413.5,414.8,194,1911
901206,411.4,414,411,412.1,529,1609
901207,412,412.5,404.5,405.5,221,881
901210,407,408.5,403,405,768,850
901211,402.5,407.5,402.5,406.7,421,547
901212,406,406.5,400,402.6,2059,2130
901213,400,401,397,400.6,164,329
901214,394,397.5,393,393.7,84,204
901217,394.5,395.6,393,395.6,126,203
901218,395.2,396,393.5,396,117,180
901219,396.5,411.5,396.5,409.5,484,524
901220,410,431,410,419.9,256,208
901221,415.5,415.5,397.5,402.5,137,120
901226,403,409.5,403,409.5,64,56
901227,409,410,405.5,409.3,152,147
