900507,592.8,592.8,592.8,592.8,10,0
900508,589.8,589.8,589.8,589.8,0,0
900509,593.2,593.2,593.2,593.2,0,0
900510,598.8,598.8,598.8,598.8,0,0
900511,593.3,593.3,593.3,593.3,0,0
900514,595.2,595.2,595.2,595.2,0,0
900515,588.8,588.8,588.8,588.8,0,0
900516,588.3,588.3,588.3,588.3,0,0
900517,589.8,589.8,589.8,589.8,0,0
900518,599.4,599.4,599.4,599.4,0,0
900521,601.7,601.7,601.7,601.7,10,0
900522,617.4,617.4,617.4,617.4,0,0
900523,612.1,612.1,612.1,612.1,0,0
900524,613,613,610.9,610.9,1,0
900525,609.4,609.4,609.4,609.4,0,0
900529,600.9,600.9,600.9,600.9,0,0
900530,590.5,590.5,590.5,590.5,0,0
900531,592.1,592.1,592.1,592.1,0,0
900601,591.1,591.1,587.1,587.1,0,0
900604,587.3,587.3,587.3,587.3,0,0
900605,588.1,588.1,588.1,588.1,0,0
900606,584.6,584.6,584.6,584.6,0,0
900607,582.6,582.6,582.6,582.6,4,0
900608,581.9,581.9,581.9,581.9,0,0
900611,582,582,582,582,0,0
900612,582.8,582.8,582.8,582.8,0,0
900613,573,573,569.7,569.7,3,0
900614,567.7,567.7,552.6,552.6,4,0
900615,557.5,557.5,557.5,557.5,0,0
900618,559.5,559.5,559.5,559.5,0,0
900619,558.6,558.6,558.6,558.6,0,0
900620,560,560,560,560,0,0
900621,559,559,559,559,0,0
900622,557.8,557.8,557.8,557.8,0,0
900625,558.2,558.2,558.2,558.2,0,0
900626,558.1,558.1,558.1,558.1,0,0
900627,555.6,559,555.1,555.1,1,0
900628,555.5,555.5,555.5,555.5,1,0
900629,563.3,563.3,563.3,563.3,0,32
900702,565,569.1,565,569.1,1,33
900703,567.1,567.1,567.1,567.1,0,33
900705,560.9,560.9,560.9,560.9,0,33
900706,560.4,560.4,560.4,560.4,0,33
900709,553.5,553.5,553.5,553.5,0,33
900710,552,554.9,552,554.9,1,32
900711,556.9,556.9,556.9,556.9,0,32
900712,561.8,561.8,561.8,561.8,0,32
900713,563.5,563.5,563.5,563.5,0,32
900716,564,564,557.2,557.2,1,33
900717,553.4,553.4,553.4,553.4,0,33
900718,560.8,560.8,560.8,560.8,0,33
900719,555.5,555.5,555.5,555.5,156,177
900720,554.6,554.6,554.6,554.6,110,294
900723,557.5,557.5,557.5,557.5,0,295
900724,555,555,550,550,5,297
900725,551.7,551.7,551.7,551.7,0,298
900726,553.8,553.8,553.8,553.8,0,298
900727,552,552,552,552,1,299
900730,548,548,547.5,547.5,0,299
900731,546,546,546,546,0,301
900801,549.2,549.2,549.2,549.2,0,301
900802,554,555,550.5,550.5,15,315
900803,551,551,551,551,0,315
900806,556.9,556.9,556.9,556.9,0,315
900807,554.5,554.5,553.5,553.5,10,320
900808,554,554,552,552,0,320
900809,553.3,553.3,553.3,553.3,0,321
900810,561,566,561,566,1,322
900814,590,606,590,591.3,13,332
900815,582,582,576.8,576.8,3,331
900816,590,590,586.8,586.8,3,333
900817,589.8,589.8,589.8,589.8,0,333
900820,584.8,584.8,584.8,584.8,1,333
900821,589,589,581.3,581.3,1,333
900822,585.7,585.7,585.7,585.7,0,334
900823,592,592,585.8,585.8,4,332
900824,593.7,593.7,593.7,593.7,0,332
900827,554.7,554.7,554.7,554.7,0,332
900828,555,555,546,551.7,19,332
900829,545,550.1,545,550.1,6,331
900830,553,553,548.2,548.2,2,331
900831,545,546.8,542.9,542.9,8,333
900904,538,538,537.5,537.5,2,333
900905,537.5,538.3,537.5,538.3,1,332
900906,542,542,542,542,0,332
900907,542,544.4,542,544.4,2,334
900910,540,540,539.2,539.2,3,335
900911,541.4,541.4,541.4,541.4,0,335
900912,543.7,543.7,543.7,543.7,0,335
900913,540.7,540.7,540.7,540.7,0,335
900914,537.7,537.7,537.7,537.7,0,335
900917,540,540,539.6,539.6,1,336
900918,538,542.4,538,542.4,321,536
900919,540.6,540.6,540.6,540.6,193,519
900920,541.3,541.3,541.3,541.3,0,509
900921,543,543,542.3,542.3,1,510
900924,556.2,556.2,556.2,556.2,65,513
900925,547.4,547.4,547.4,547.4,0,513
900926,543.6,543.6,543.6,543.6,0,513
900927,540.6,540.6,540.6,540.6,0,513
900928,538.5,538.5,538.5,538.5,30,504
901001,533,533,524,524,6,518
901002,528,528,524.5,527.3,102,597
901003,528,528,528,528,0,639
901004,525.7,525.7,525.7,525.7,50,679
901005,525.5,525.5,525.5,525.5,0,679
901008,522,524.8,522,524.8,2,681
901009,516.3,516.3,516.3,516.3,2,681
901010,512,512,496,496,43,702
901011,485,485,477.2,477.2,24,699
901012,472,495,472,484.2,5,702
901015,464.6,464.6,464.6,464.6,0,701
901016,470,470,465.3,465.3,51,701
901017,472.5,472.5,469,470.1,209,701
901018,468,470.3,468,470.3,306,753
901019,474.5,476.4,474.5,476.4,1,755
901022,470.5,471,469.5,469.5,7,761
901023,471.9,471.9,471.9,471.9,40,789
901024,472,472.1,472,472.1,35,818
901025,473,473,470.1,470.1,51,833
901026,465,465,452.6,452.6,22,855
901029,457,460.3,457,460.3,7,849
901030,460,469.6,460,469.6,2,850
901031,463.3,463.3,463.3,463.3,126,825
901101,471.4,471.4,471.4,471.4,0,825
901102,463.6,463.6,463.6,463.6,0,825
901105,467.6,467.6,467.6,467.6,1,825
901106,470.8,470.8,470.8,470.8,101,914
901107,473.8,473.8,473.8,473.8,60,937
901108,473,473,472.8,472.8,135,882
901109,468.8,468.8,468.8,468.8,0,882
901112,465,465,465,465,0,882
901113,465.7,465.7,465.7,465.7,1,882
901114,462,462,461.4,461.4,1,883
901115,463,463,455,455,1,884
901116,458.4,458.4,458.4,458.4,0,884
901119,457.4,457.4,457.4,457.4,60,892
901120,454.1,454.1,454.1,454.1,200,1010
901121,453,458,453,455.3,8,1018
901123,456,456,456,456,0,1018
901126,458.7,458.7,458.7,458.7,0,1020
901127,453.5,453.5,453.5,453.5,2,1021
901128,454,456.4,454,456.4,68,970
901129,453.2,453.2,453.2,453.2,0,970
901130,456.5,456.5,456.5,456.5,41,971
901203,456,457.5,456,457.5,5,970
901204,458.9,458.9,458.9,458.9,0,970
901205,458.3,458.3,458.3,458.3,0,970
901206,452,454.8,452,454.8,6,967
901207,450,450,446.8,446.8,126,1067
901210,445.8,445.8,445.8,445.8,25,1067
901211,446,447.3,446,447.3,0,1067
901212,441.5,442.4,441.5,442.4,6,1068
901213,438,440,438,439.9,20,1084
901214,435,437,432.4,432.4,40,1083
901217,432,434.3,432,434.3,86,1066
901218,433.5,434.4,433.5,434.4,4,1065
901219,448.5,448.5,448.5,448.5,101,1165
901220,459.6,459.6,459.6,459.6,103,1266
901221,454,455,441.2,441.2,27,1273
901226,446,448.5,446,448.5,1,1274
901227,448,448,448,448,0,1274
901228,457.8,457.8,457.8,457.8,0,1274
901231,458.1,458.1,458.1,458.1,0,1274
910102,450,450,449.2,449.2,1,1275
910103,447,459.8,447,459.8,31,1280
910104,455,455,454,454,1,1280
910107,462.5,469.2,462.5,469.2,1123,1760
910108,460,460,448,451.7,411,1875
910109,448,453,444.5,450.8,102,1977
910110,447.9,447.9,447.9,447.9,0,1977
910111,450.9,450.9,450.9,450.9,0,1977
910114,459.5,460.1,459.5,460.1,1,1978
910115,459,459.5,456.6,456.6,17,1982
910116,458.2,458.2,458.2,458.2,1,1967
910117,444,448,435,436.7,46,1981
910118,435,435,433.4,433.4,7,1978
910121,435,436,433.7,433.7,65,1936
910122,433.7,434.8,433.7,434.8,5,1941
910123,428,429.5,424.7,424.7,13,1954
910124,420,420,408.7,408.7,133,1926
910125,410,412.5,410,412.1,17,1924
910128,413,414.7,411.5,414.7,34,1930
910129,415.5,418,414,417.3,107,2035
910130,414,414,413.4,413.4,12,2031
910131,415.8,415.8,415.8,415.8,2,2031
910201,417,417,417,417,61,2023
910204,416.1,416.1,416.1,416.1,3223,4863
910205,414,417,414,415.6,3,4864
910206,413,414,407.5,407.6,77,4886
910207,409.5,411.2,405,411.2,459,5238
910208,413.5,413.5,412.5,413,74,5289
910211,410.5,410.5,394,398.2,335,5295
910212,396,402,396,400,122,5246
910213,400,404.5,400,404.3,490,5257
910214,411,412.3,411,412.3,300,5260
910215,413,413,407.4,407.4,6,5264
910219,400,400,397.4,397.4,45,5291
910220,395,396.2,394,396.2,36,5315
910221,392,396.5,392,392.9,178,5350
910222,391,391,379.4,379.4,74,5413
910225,382,388,382,385.5,2770,3549
910226,387,387,382.5,384,363,3648
910227,386.5,388.5,384.5,384.5,90,3679
910228,395,401.3,393,401.3,18,3692
910301,401,405.6,399,405.6,72,3717
910304,408,415,408,415,1512,3066
910305,408.5,414,408.5,413.3,818,2966
910306,410.5,423,410.5,416.2,16,2963
910307,419,427.3,416,427.3,15,2969
910308,434,447.5,434,447.5,400,3131
910311,449,449,434,436.7,440,3505
910312,429.7,432.5,428,429.3,113,3502
910313,432,441,432,440,11,3501
910314,431,435,431,431.3,62,3519
910315,438,438,437,437.5,22,3536
910318,429,429,422,422.3,21,3525
910319,433,433,431.1,431.1,121,3594
910320,428,429,418,421.5,38,3592
910321,427.8,427.8,427.8,427.8,0,3594
910322,426,426,424.8,424.8,30,3619
910325,418,420.5,418,420.5,19,3619
910326,418,419.5,415.5,415.5,10,3619
910327,414,414,405.5,407.7,97,3630
910328,410.7,410.7,410.7,410.7,505,4136
910401,417.5,420.5,417.5,420.5,14,4131
910402,429,429,425.5,425.8,21,4130
910403,439,439,433.3,433.3,12,4131
910404,435,435,431.1,431.1,33,4120
910405,425,425,418.8,418.8,6,4121
910408,422,422,421.5,421.5,3,4121
910409,427,427.6,427,427.6,210,4226
910410,425,425,421,422.8,2,4326
910411,422,422,422,422,5,4326
910412,423,423,423,423,30,4350
910415,422,423.4,422,423.4,6,4344
910416,430,430,426.3,426.3,2,4344
910417,430,434.2,429,434.2,4,4341
910418,437.5,437.5,419.2,419.2,109,4336
910419,418,418,415.5,415.7,8,4422
910422,418.5,418.5,418,418,68,4443
910423,416.5,418.2,416.5,418.2,217,4505
910424,416.5,416.5,416.5,416.5,0,4655
910425,413,413.8,413,413.8,3,4656
910426,418,418,415,415.2,232,4872
910429,411,417,410.5,415.9,8,4872
910430,420.5,422,420.5,420.8,58,4877
910501,420,420.5,418.4,418.4,24,4926
910502,422.7,422.7,422.7,422.7,10,4899
910503,423,423,417.1,417.1,2,4904
910506,418,422.9,418,422.9,16,4891
910507,426.5,426.5,426.5,426.5,0,4891
910508,428.5,428.5,427.3,427.3,1,4891
910509,430.5,430.5,427.4,427.4,26,4893
910510,431.5,431.5,424.6,424.6,10,4884
910513,419,421.3,419,421.3,308,4804
910514,418.5,427.5,418.5,427.2,86,4861
910515,432,433,432,433,512,4842
910516,424.5,425.5,422.9,422.9,20,4840
910517,422.6,422.6,422.6,422.6,0,4839
910520,422,424.7,420,424.7,3,4840
910521,425.6,425.6,425.6,425.6,0,4840
910522,424,425.5,424,425.1,206,4843
910523,424.5,425.6,424.5,425.6,2,4844
910524,424.3,424.3,424.3,424.3,176,4779
910528,429,440.5,429,437.3,10,4777
910529,436,437,435.5,436.2,241,4914
910530,432,436.2,430,436.2,99,4966
910531,433,433,431.4,431.4,130,5061
910603,434.5,438.5,434.5,437.6,251,5318
910604,439.5,441,435,436.3,1028,5599
910605,436.5,438.9,434,438.9,9,5607
910606,445,466,444,464.5,1365,6117
910607,468.5,482,468,469,718,5923
910610,475.5,479,475,478.8,47,5935
910611,473,477,472.5,473.7,268,6036
910612,474,483,471,472.2,162,6063
910613,476.5,476.5,473.5,474.5,525,5959
910614,466,467.5,457,464.7,440,6167
910617,463,466.5,462,466.5,103,6152
910618,475,477,462,467.4,95,6210
910619,463.5,467,462,465.8,41,6220
910620,464,466.8,464,466.8,525,5959
910621,465.5,465.5,459.8,459.8,2,5958
910624,454,456.5,449.5,456.5,304,5960
910625,458,459.4,455,459.4,365,6147
910626,463.5,463.5,457.5,457.5,58,6159
910627,456,460.5,455,460.1,161,6212
910628,465,469,460,463.8,58,6092
910701,464,466,463,465.3,158,6148
910702,458.5,462.5,458.5,462,100,6170
910703,464,470,463.5,469.4,131,6200
910708,470.5,471,465,467.2,217,6277
910709,465,468,463.5,463.5,246,6323
910710,466,467.5,462.7,462.7,31,6319
910711,460,460,453,453.8,187,6403
910712,456,458,452,456.2,31,6402
910715,455,456.5,454,454.8,14,6402
910716,455,456.1,455,456.1,161,6358
910717,458,460.7,458,460.7,19,6359
910718,465,465,454,457.3,40,6360
910719,458.5,458.5,458.1,458.1,1,6353
910722,456.5,457.5,451.4,451.4,100,6456
910723,445,448.5,444.5,444.5,26,6464
910724,440,440,413.5,415.3,161,6505
910725,426,426.5,422.1,422.1,167,6491
910726,423,425,419.5,424.5,158,6517
910729,425,425,423,423.1,25,6535
910730,419.5,421,416.5,421,45,6544
910731,423,423,420,422.2,129,6622
910801,421.5,422,419,419.7,24,6624
910802,414,414,405,407.4,334,6658
910805,403,408.5,403,407.8,80,6693
910806,408,412.5,408,409.7,213,6785
910807,409,411,409,410.6,66,6821
910808,412,412,405.5,406.1,173,6821
910809,408.5,411,407,411,110,6836
910812,411,411,409,410,391,6663
910813,409,409.5,407,407.1,124,6763
910814,405,411.5,400,409.8,120,6801
910815,409,410,406.2,406.2,435,6853
910816,408.5,416,408.5,412.9,82,6874
910819,417,423,412,413.8,239,6968
910820,409,410,402,407.8,249,6996
910821,407,410,406,407,62,6966
910822,407,408.5,404,404.2,190,6918
910823,400,407.4,399,407.4,280,7000
910826,409.5,409.5,406,406.7,142,7043
910827,407.5,408,404,404.6,240,7149
910828,408.5,408.5,405,405.5,317,7235
910829,405,405,394,395,817,7669
910830,393,396.5,391.5,393.5,221,7724
910903,395.5,403.5,395,403.4,206,7713
910904,403,405,401.5,403.2,233,7825
910905,399,400,397.5,398.9,169,7912
910906,397.5,411,397.5,409.6,338,8044
910909,409.5,418,409.5,416.8,421,8089
910910,417,420,410.8,410.8,148,8060
910911,403,407.5,402.5,406.5,661,8005
910912,409,412,407,407.5,89,7982
910913,406,411.5,406,410.9,444,8326
910916,416,418,411,411.7,175,8318
910917,417,421,416,417.7,155,8369
910918,420,422,417,419.8,97,8361
910919,423,423,415,418.4,297,8373
910920,416.5,420.5,416,420.5,171,8395
910923,422.5,429,422.5,428.7,266,8400
910924,434.5,439.5,432,437,672,8623
910925,434,434.5,429,433.4,508,8418
910926,431.5,432.5,421,422.3,483,8520
910927,416.5,419.5,415.5,418.7,297,8544
910930,424.5,428.5,423.5,424,250,8555
911001,426,427.5,424.5,426.5,59,8557
911002,430.5,432.5,424.5,425,581,8600
911003,427.5,430,424.5,428.5,461,8712
911004,426,427,420,423.6,2144,10442
911007,422,422,419,421.3,369,10585
911008,414,416,413,414.9,563,10804
911009,415.5,418,414,417.7,150,10832
911010,420,421,413,414.1,676,10851
911011,412,422.5,411,421.2,507,11127
911014,419,419,414,416.2,408,11348
911015,414.5,417,414,414.6,186,11361
911016,413.5,420,413.5,419.1,411,11502
911017,421,422.5,415,419,589,11752
911018,420.5,423,416.5,422.5,1041,12104
911021,425,429.5,423.5,423.6,1013,12084
911022,423,423.5,421,422.7,160,12098
911023,420.5,421,417,418,323,12225
911024,415,420,415,419.7,417,12348
911025,421,421,416.9,416.9,160,12396
911028,415,415.5,410,414.8,1221,12563
911029,413,421,411.5,417.8,574,12650
911030,419.5,420,416.5,417.6,373,12838
911031,414,420.5,414,416.9,884,13289
911101,417.5,420,412,412.2,1432,13738
911104,413,416,410.5,414.3,405,13864
911105,415.5,417.5,412,412.3,614,14128
911106,412,415,411,412.7,1155,14790
911107,413,413.5,405,405.6,1997,15586
911108,406,408,404,406,2168,16073
911111,409,410,406.5,406.8,969,16474
911112,407,412.5,407,409.7,1108,16959
911113,411,412,407,410.7,2833,17143
911114,408.5,409.5,402.5,403.9,3700,18465
911115,405,415,404,408.7,4009,19990
911118,407,411.5,407,408.6,4779,22682
911119,409.5,418,409.5,413.2,6508,25480
911120,412,415,411,414.2,3938,27523
911121,412.5,419,412.5,418.6,4293,28814
911122,418.5,422,417,419.6,5720,30007
911125,419,423.5,412.5,413.6,10881,32929
911126,412,415.5,408.5,413.6,11989,38013
911127,414,415,411,412,12876,43984
911129,410,411.5,408.5,411.3,4962,44548
911202,412,414,410,410.5,5276,44686
911203,407,408.5,405,406.2,11642,44786
911204,407.5,408,404,405.7,8520,47032
911205,407.5,409,406.5,407.7,5200,47454
911206,408.5,412,406,407,9820,48219
911209,410,411,405.5,405.8,5045,47718
911210,404,406.5,400.5,402.3,23349,49571
911211,400,401,391.5,395.3,30761,53576
911212,394,395.5,383,386.3,26237,58150
911213,385,389.5,382.5,387.5,10088,59410
911216,387.5,389,385.5,386.3,4353,58598
911217,385.5,389,385.5,387,5379,58349
911218,387.5,388.5,384,386.8,6493,58889
911219,385,390,385,386.3,4767,59462
911220,382,392,381,387.8,14817,58290
911223,388,394.5,388,393.5,5312,58164
911224,393,395,392.5,393.8,2633,57971
911226,390,394.5,390,393.3,4753,57805
911227,391,392,385.5,388.8,6299,58174
911230,386,390.5,384,387.8,7416,56820
911231,388,392,386,391.2,4711,56664
920102,385.5,400.5,385.5,397.5,17338,53879
920103,399,404,396,397.2,13888,52100
920106,393.5,397,391,396.7,10450,51722
920107,395,397.5,393.5,394.2,4435,51954
920108,395,398.5,393,397,6905,52972
920109,398.5,418,397,415.3,20826,52918
920110,415,417,409,410.5,20826,52918
920113,406.5,409,406,408.7,7257,51989
920114,403.5,412.5,403.5,410,12420,50988
920115,414,420.5,413.5,416,16776,52294
920116,414.5,441,414.5,433.8,44062,55869
920117,434.5,437.5,428,429,24293,54155
920120,424,432.5,424,427.7,14609,55248
920121,426.5,434,426,428.5,14965,57489
920122,426,430,425,429.3,7715,56776
920123,426.5,432,421,422.5,17642,55907
920124,419,420,411,416.3,21045,52626
920127,419,421,413.5,416.8,8847,53123
920128,420,422,417.5,418.8,5646,52609
920129,415.5,428,415,424.8,15710,53556
920130,423,424.5,412,414.5,15918,50715
920131,412.5,421.5,411,418,11997,50161
920203,419,420,415,417,5202,50717
920204,417,420.5,416,417.3,5734,50281
920205,415.5,420,414.5,419.8,9756,50558
920206,423,424.5,420.5,421.8,10503,50412
920207,420,428.5,415,419.2,23462,48174
920210,418.5,421,417.5,419.8,4065,47911
920211,417.5,419.5,416.5,418.3,5850,47760
920212,419.5,423,419.5,421.3,7558,45758
920213,420,426.5,418,420.3,14469,46776
920214,418,419.5,413,415.8,14992,44175
920218,412.5,413.5,404,405.8,27448,37308
920219,405,407.5,404,405.5,7196,35630
920220,408.5,413,407,412.3,10813,31846
920221,408,411.5,408,409.8,6987,30516
920224,407,414,406,409.3,12069,27201
920225,411.5,413,406.5,406.8,10312,22628
920226,405.5,410,404.5,406.1,12516,17035
920227,407.5,412.5,407.5,410.3,14383,12308
920228,409,410.5,409,410,2329,3868
920302,407,413,407,411.4,1067,1744
920303,411.5,416.5,409.5,410.1,461,1148
920304,408.5,411,408.5,411,118,917
920305,410,415,410,413.3,251,923
920306,414,419.5,414,415.2,262,759
920309,415,416.5,413.5,415.7,143,722
920310,416,416.5,414.4,414.4,522,515
920311,413,415,413,414.7,265,471
920312,412,413,407,408.6,264,383
920313,409,411,409,409.9,41,216
920316,407,408,406,406.2,64,166
920317,404,405.5,400,404.7,63,158
920318,405,405,403,403,15,146
920319,400,412.1,400,412.1,66,158
920320,410,412.5,409,411.1,16,143
920323,411,412,408.7,408.7,20,140
920324,408.5,410,408.5,408.8,94,126
920325,408.5,411,408.4,408.4,98,52
920326,409,410.5,408.9,408.9,24,39
920327,408.5,414,408.5,413.9,164,163
