930729,610.2,610.2,610.2,610.2,0,0
930730,630.5,630.5,630.5,630.5,0,0
930802,635.4,635.4,635.4,635.4,0,0
930803,628.1,628.1,628.1,628.1,0,0
930804,616.1,616.1,616.1,616.1,0,0
930805,563.6,563.6,563.6,563.6,0,0
930806,539.9,539.9,539.9,539.9,0,0
930809,554.2,554.2,554.2,554.2,0,0
930810,557.3,557.3,557.3,557.3,0,0
930811,549.1,549.1,549.1,549.1,0,0
930812,533.1,533.1,533.1,533.1,0,0
930813,539.1,539.1,539.1,539.1,0,0
930816,555.4,555.4,555.4,555.4,0,0
930817,554,554,554,554,0,0
930818,554.4,554.4,554.4,554.4,0,0
930819,549.2,549.2,549.2,549.2,0,0
930820,563.1,563.1,563.1,563.1,0,0
930823,559.7,559.7,559.7,559.7,0,0
930824,556.4,556.4,556.4,556.4,0,0
930825,556.1,556.1,556.1,556.1,0,0
930826,547.1,547.1,547.1,547.1,0,0
930827,555.3,555.3,555.3,555.3,0,0
930830,563.8,563.8,563.8,563.8,0,0
930831,564.5,564.5,564.5,564.5,0,0
930902,533.7,533.7,533.7,533.7,0,0
930903,528.3,528.3,528.3,528.3,0,0
930907,496.3,496.3,496.3,496.3,0,0
930908,490,490,490,490,0,0
930909,494.5,494.5,494.5,494.5,0,0
930910,475.7,475.7,475.7,475.7,0,0
930913,455.7,455.7,455.7,455.7,0,0
930914,463.6,463.6,463.6,463.6,0,0
930915,465.2,465.2,465.2,465.2,0,0
930916,475,475,475,475,0,0
930917,472.6,472.6,472.6,472.6,0,0
930920,477.5,477.5,477.5,477.5,0,0
930921,486.8,486.8,486.8,486.8,0,0
930922,470,470,470,470,0,0
930923,482.1,482.1,482.1,482.1,0,0
930924,479.1,479.1,479.1,479.1,60,50
930927,469.7,469.7,469.7,469.7,50,100
930928,472.3,472.3,472.3,472.3,0,100
930929,465.8,465.8,465.8,465.8,0,100
930930,470.9,470.9,470.9,470.9,0,100
931001,468.9,468.9,468.9,468.9,0,100
931004,470.3,470.3,470.3,470.3,0,100
931005,471.5,471.5,471.5,471.5,0,100
931006,492.5,492.5,492.5,492.5,0,100
931007,504.1,504.1,504.1,504.1,0,100
931008,500.2,500.2,500.2,500.2,0,100
931011,497.2,497.2,497.2,497.2,0,100
931012,510.1,510.1,510.1,510.1,50,100
931013,509.4,509.4,509.4,509.4,0,100
931014,500.6,500.6,500.6,500.6,0,100
931015,501.1,501.1,501.1,501.1,0,100
931018,509.1,509.1,509.1,509.1,0,100
931019,509.6,509.6,509.6,509.6,0,100
931020,521,521,521,521,0,100
931021,519.8,519.8,519.8,519.8,0,100
931022,509.8,509.8,509.8,509.8,0,100
931025,509.1,509.1,509.1,509.1,0,100
931026,507.2,507.2,507.2,507.2,0,100
931027,514,514,514,514,0,100
931028,507.1,507.1,507.1,507.1,0,100
931029,505.1,505.1,505.1,505.1,0,100
931101,490.5,490.5,490.5,490.5,0,100
931102,487.6,487.6,487.6,487.6,0,100
931103,499.7,499.7,499.7,499.7,0,100
931104,507.4,507.4,507.4,507.4,0,100
931105,520.3,520.3,520.3,520.3,0,100
931108,519.3,519.3,519.3,519.3,0,100
931109,522.1,522.1,522.1,522.1,0,100
931110,527.3,527.3,527.3,527.3,0,100
931111,525.3,525.3,525.3,525.3,0,100
931112,521,521,521,521,0,100
931115,525.1,525.1,525.1,525.1,0,100
931116,525.6,525.6,525.6,525.6,0,100
931117,529.7,529.7,529.7,529.7,0,100
931118,537.7,537.7,537.7,537.7,0,100
931119,541.1,541.1,541.1,541.1,0,100
931122,541.1,541.1,541.1,541.1,0,100
931123,537.4,537.4,537.4,537.4,0,100
931124,535.6,535.6,535.6,535.6,0,100
931129,513.7,513.7,513.7,513.7,0,100
931130,511.2,511.2,511.2,511.2,0,100
931201,534,534,534,534,0,100
931202,530.4,530.4,530.4,530.4,0,100
931203,555.2,555.2,555.2,555.2,0,100
931206,555.9,555.9,555.9,555.9,0,100
931207,568.6,568.6,568.6,568.6,0,100
931208,576.3,576.3,576.3,576.3,0,100
931209,574.8,574.8,574.8,574.8,0,100
931210,582.2,582.2,582.2,582.2,0,100
931213,593.4,593.4,593.4,593.4,0,100
931214,592.1,592.1,592.1,592.1,0,100
931215,595,595,594.3,594.3,1,101
931216,586.2,586.2,586.2,586.2,0,101
931217,587.8,587.8,587.8,587.8,0,101
931220,597.4,597.4,597.4,597.4,0,101
931221,592.9,592.9,592.9,592.9,0,101
931222,590.1,590.1,590.1,590.1,0,101
931223,589.8,589.8,589.8,589.8,0,101
931227,595.8,595.8,595.8,595.8,0,101
931228,594.3,594.3,594.3,594.3,0,101
931229,596.9,596.9,596.9,596.9,0,101
931230,594.2,594.2,594.2,594.2,0,101
940103,613.3,613.3,613.3,613.3,50,101
940104,611.9,611.9,611.9,611.9,0,101
940105,596.9,596.9,596.9,596.9,0,101
940106,602.2,602.2,602.2,602.2,0,101
940107,587.7,587.7,587.7,587.7,0,101
940110,591.4,591.4,591.4,591.4,0,101
940111,598.8,598.8,598.8,598.8,0,101
940112,588,593.5,588,593.5,1,101
940113,604.2,604.2,604.2,604.2,0,101
940114,607.3,607.3,607.3,607.3,0,101
940117,617.8,617.8,617.8,617.8,0,101
940118,619.5,619.5,619.5,619.5,0,101
940119,619.6,619.6,619.6,619.6,0,101
940120,612.4,612.4,612.4,612.4,0,101
940121,597.1,597.1,597.1,597.1,0,101
940124,595.9,595.9,595.9,595.9,0,101
940125,594.1,594.1,594.1,594.1,0,101
940126,597.4,597.4,597.4,597.4,0,101
940127,581.3,581.3,581.3,581.3,0,101
940128,585.3,585.3,585.3,585.3,0,101
940131,596.8,596.8,596.8,596.8,0,101
940201,612.7,612.7,612.7,612.7,0,101
940202,618.4,618.4,618.4,618.4,0,101
940203,631.6,631.6,631.6,631.6,0,101
940204,628.7,628.7,628.7,628.7,0,101
940207,609.9,609.9,609.9,609.9,0,101
940208,614.8,614.8,614.8,614.8,0,101
940209,623.3,623.3,623.3,623.3,0,101
940210,622.1,622.1,622.1,622.1,0,101
940211,615.8,615.8,615.8,615.8,0,101
940214,625.8,625.8,625.8,625.8,0,101
940215,617.2,617.2,617.2,617.2,1,101
940216,619.8,619.8,619.8,619.8,0,101
940217,615.1,615.1,615.1,615.1,0,101
940218,609.5,609.5,609.5,609.5,0,101
940222,613.4,613.4,613.4,613.4,0,101
940223,615.1,615.1,615.1,615.1,0,101
940224,611.2,611.2,611.2,611.2,0,101
940225,618.4,618.4,618.4,618.4,0,101
940228,637.6,637.6,637.6,637.6,0,101
940301,627.5,627.5,627.5,627.5,0,101
940302,627.8,627.8,627.8,627.8,0,101
940303,624.3,624.3,624.3,624.3,0,101
940304,624.4,624.4,624.4,624.4,0,101
940307,617.9,617.9,617.9,617.9,0,101
940308,620.8,620.8,620.8,620.8,0,101
940309,633.6,633.6,633.6,633.6,0,101
940310,642,642,642,642,0,101
940311,641.8,641.8,641.8,641.8,0,101
940314,648.8,648.8,648.8,648.8,0,101
940315,650.3,650.3,650.3,650.3,0,101
940316,641.5,641.5,641.5,641.5,0,101
940317,638.9,638.9,638.9,638.9,0,101
940318,645.9,645.9,645.9,645.9,0,101
940321,646.9,646.9,646.9,646.9,0,101
940322,665.5,665.5,665.5,665.5,0,101
940323,669.2,669.2,669.2,669.2,0,101
940324,680.1,680.1,680.1,680.1,0,101
940325,686.6,686.6,686.6,686.6,0,101
940328,676.6,676.6,676.6,676.6,0,101
940329,672.7,672.7,672.7,672.7,0,101
940330,671.6,671.6,671.6,671.6,0,101
940331,688.8,688.8,688.8,688.8,0,101
940404,670.2,670.2,670.2,670.2,0,101
940405,667,667,667,667,0,101
940406,662.5,662.5,662.5,662.5,0,101
940407,657.2,657.2,657.2,657.2,0,101
940408,660.7,660.7,660.7,660.7,0,101
940411,637.9,637.9,637.9,637.9,0,101
940412,640.3,640.3,640.3,640.3,0,101
940413,641.1,641.1,641.1,641.1,0,101
940414,641.3,641.3,641.3,641.3,0,101
940415,634.3,634.3,634.3,634.3,0,101
940418,637.5,637.5,637.5,637.5,0,101
940419,632,632,632,632,0,101
940420,636.3,636.3,636.3,636.3,0,101
940421,634,634,634,634,0,101
940422,618,618,618,618,0,101
940425,621.1,621.1,621.1,621.1,0,101
940426,625.6,625.6,625.6,625.6,0,101
940428,632.4,632.4,632.4,632.4,0,101
940429,643.4,643.4,643.4,643.4,0,101
940502,639.6,639.6,639.6,639.6,0,101
940503,633.3,633.3,633.3,633.3,0,101
940504,627.1,627.1,627.1,627.1,0,101
940505,620,620,620,620,0,101
940506,657.7,657.7,657.7,657.7,0,101
940509,658.6,658.6,658.6,658.6,0,101
940510,655,655,645.8,645.8,1,102
940511,661.5,661.5,661.5,661.5,0,102
940512,653.2,653.2,653.2,653.2,0,102
940513,657.2,657.2,657.2,657.2,0,102
940516,673.4,673.4,673.4,673.4,27,128
940517,668.1,668.1,668.1,668.1,6,128
940518,670.4,670.4,670.4,670.4,0,128
940519,666.7,666.7,666.7,666.7,150,277
940520,680.9,680.9,680.9,680.9,0,277
940523,696.1,696.1,696.1,696.1,33,284
940524,678.5,678.5,678.5,678.5,0,284
940525,671.6,671.6,671.6,671.6,0,284
940526,662.4,662.4,662.4,662.4,0,284
940527,662.7,662.7,662.7,662.7,0,284
940531,671.4,671.4,671.4,671.4,0,284
940601,649.7,649.7,649.7,649.7,0,284
940602,653.2,653.2,653.2,653.2,0,284
940603,645.4,645.4,645.4,645.4,0,284
940606,639.1,639.1,639.1,639.1,0,284
940607,643,643,643,643,0,284
940608,648.3,648.3,648.3,648.3,0,284
940609,649.4,649.4,649.4,649.4,100,383
940610,648.6,648.6,648.6,648.6,0,383
940613,650.9,650.9,650.9,650.9,0,383
940614,651.6,651.6,651.6,651.6,0,383
940615,664.5,664.5,664.5,664.5,0,383
940616,659.4,659.4,659.4,659.4,0,383
940617,674.6,674.6,674.6,674.6,3,383
940620,662.7,662.7,662.7,662.7,0,383
940621,675.1,675.1,675.1,675.1,0,383
940622,652.3,652.3,652.3,652.3,0,383
940623,653.2,653.2,653.2,653.2,0,383
940624,656.2,656.2,656.2,656.2,0,383
940627,638.8,638.8,638.8,638.8,0,383
940628,643.7,643.7,643.7,643.7,0,383
940629,639.7,639.7,639.7,639.7,0,383
940630,653.8,653.8,653.8,653.8,0,383
940701,656.5,656.5,656.5,656.5,0,383
940705,648,648,648,648,0,383
940706,639,639,639,639,0,383
940707,635.9,635.9,635.9,635.9,0,383
940708,640.3,640.3,640.3,640.3,0,383
940711,646.8,646.8,646.8,646.8,0,383
940712,639.9,639.9,639.9,639.9,0,383
940713,628.3,628.3,628.3,628.3,0,383
940714,630.3,630.3,630.3,630.3,0,383
940715,637.4,637.4,637.4,637.4,0,383
940718,637,637,637,637,0,383
940719,642.8,642.8,642.8,642.8,0,383
940720,640.7,640.7,640.7,640.7,0,383
940721,634.7,634.7,634.7,634.7,100,483
940722,637.5,637.5,637.5,637.5,0,483
940725,640.5,640.5,640.5,640.5,0,483
940726,642,642,642,642,0,483
940727,646.7,646.7,646.7,646.7,0,483
940728,644.7,644.7,644.7,644.7,0,483
940729,642.5,642.5,642.5,642.5,0,483
940801,641,641,641,641,0,483
940802,627.3,627.3,627.3,627.3,0,483
940803,625,625,625,625,0,483
940804,624.1,624.1,624.1,624.1,0,483
940805,622.5,622.5,622.5,622.5,0,483
940808,618.5,618.5,618.5,618.5,0,483
940809,620.7,620.7,620.7,620.7,0,483
940810,620.8,620.8,620.8,620.8,0,483
940811,626.7,626.7,626.7,626.7,0,483
940812,613.4,613.4,613.4,613.4,0,483
940815,613.2,613.2,613.2,613.2,0,483
940816,616.8,616.8,616.8,616.8,0,483
940817,617.3,617.3,617.3,617.3,0,483
940818,622.2,622.2,622.2,622.2,0,483
940819,628.4,628.4,628.4,628.4,0,483
940822,628.3,628.3,628.3,628.3,0,483
940823,627.7,627.7,627.7,627.7,0,483
940824,632.4,632.4,632.4,632.4,0,483
940825,632.2,632.2,632.2,632.2,0,483
940826,628,628,628,628,0,483
940829,652.3,652.3,652.3,652.3,0,483
940830,646.3,646.3,646.3,646.3,0,483
940831,654.5,654.5,654.5,654.5,0,483
940901,653.2,653.2,653.2,653.2,0,483
940902,652.4,652.4,652.4,652.4,0,483
940906,657.5,657.5,657.5,657.5,0,483
940907,660.9,660.9,660.9,660.9,0,483
940908,655.9,655.9,655.9,655.9,0,483
940909,662.7,662.7,662.7,662.7,0,483
940912,659.7,659.7,659.7,659.7,0,483
940913,658.8,658.8,658.8,658.8,0,483
940914,655,655,655,655,0,483
940915,649.8,649.8,649.8,649.8,0,483
940916,655.2,655.2,655.2,655.2,0,483
940919,653.9,653.9,653.9,653.9,0,483
940920,675.9,675.9,675.9,675.9,0,433
940921,676.6,676.6,676.6,676.6,0,433
940922,684,684,684,684,0,433
940923,685.6,685.6,685.6,685.6,0,433
940926,678.8,678.8,678.8,678.8,0,433
940927,689,689,689,689,0,433
940928,678,678,678,678,0,433
940929,684,684,684,684,0,433
940930,680.5,680.5,680.5,680.5,0,433
941003,683.8,683.8,683.8,683.8,0,433
941004,678.3,678.3,678.3,678.3,0,433
941005,680.9,680.9,680.9,680.9,0,433
941006,682.3,682.3,682.3,682.3,0,433
941007,679.9,679.9,679.9,679.9,0,433
941010,676.7,676.7,676.7,676.7,0,433
941011,665.9,665.9,665.9,665.9,0,433
941012,664.4,664.4,664.4,664.4,0,433
941013,648.5,648.5,648.5,648.5,0,433
941014,648.7,648.7,648.7,648.7,0,433
941017,653.5,653.5,653.5,653.5,0,433
941018,648.2,648.2,648.2,648.2,0,433
941019,650.5,650.5,650.5,650.5,0,433
941020,655,655,655,655,0,433
941021,642.9,642.9,642.9,642.9,0,433
941024,644.6,644.6,644.6,644.6,0,433
941025,642.4,642.4,642.4,642.4,0,433
941026,652.8,652.8,652.8,652.8,0,433
941027,656.4,656.4,656.4,656.4,0,433
941028,647.2,647.2,647.2,647.2,0,433
941031,636.2,636.2,636.2,636.2,0,433
941101,641.1,641.1,641.1,641.1,0,433
941102,644.9,644.9,644.9,644.9,100,533
941103,640.3,640.3,640.3,640.3,0,533
941104,639.4,639.4,639.4,639.4,0,533
941107,632.6,632.6,632.6,632.6,0,533
941108,634.7,634.7,634.7,634.7,0,533
941109,623,623,623,623,0,533
941110,628.4,628.4,628.4,628.4,0,533
941111,627.9,627.9,627.9,627.9,0,533
941114,631,631,629,629,4,537
941115,633.6,633.6,633.6,633.6,0,537
941116,635.4,635.4,635.4,635.4,0,537
941117,637.9,637.9,637.9,637.9,0,537
941118,628.1,628.1,628.1,628.1,0,537
941121,629.1,629.1,629.1,629.1,0,537
941122,627.6,627.6,627.6,627.6,0,537
941123,627.7,627.7,627.7,627.7,0,537
941128,624,624,624,624,0,537
941129,618.7,618.7,618.7,618.7,0,537
941130,601.1,601.1,601.1,601.1,0,537
941201,602.1,602.1,602.1,602.1,0,537
941202,577.3,577.3,577.3,577.3,0,537
941205,565.3,565.3,565.3,565.3,0,537
941206,568.8,568.8,568.8,568.8,0,537
941207,567.8,567.8,567.8,567.8,0,537
941208,572.2,572.2,572.2,572.2,0,537
941209,575.2,575.2,575.2,575.2,0,537
941212,582.7,582.7,582.7,582.7,0,537
941213,579.7,579.7,579.7,579.7,0,537
941214,582.2,582.2,582.2,582.2,0,537
941215,585.5,585.5,585.5,585.5,0,537
941216,583.6,583.6,583.6,583.6,0,537
941219,582.2,582.2,582.2,582.2,0,537
941220,587.3,587.3,587.3,587.3,0,537
941221,584.6,584.6,584.6,584.6,0,537
941222,581.6,581.6,581.6,581.6,0,537
941223,581.3,581.3,581.3,581.3,0,537
941227,583.3,583.3,583.3,583.3,0,537
941228,594.7,594.7,594.7,594.7,0,537
941229,591.3,591.3,591.3,591.3,0,537
941230,591.7,591.7,591.7,591.7,0,537
950103,575.9,575.9,575.9,575.9,0,537
950104,559.9,559.9,559.9,559.9,0,537
950105,569.8,569.8,569.8,569.8,0,537
950106,560.7,560.7,560.7,560.7,0,537
950109,564.8,564.8,564.8,564.8,0,537
950110,564.4,564.4,564.4,564.4,0,537
950111,569.5,569.5,569.5,569.5,0,537
950112,584.3,584.3,584.3,584.3,0,537
950113,578.1,578.1,578.1,578.1,0,537
950116,578.6,578.6,578.6,578.6,0,537
950117,584.7,584.7,584.7,584.7,0,537
950118,587.4,587.4,587.4,587.4,0,537
950119,587.7,587.7,587.7,587.7,0,537
950120,589.9,589.9,589.9,589.9,0,537
950123,579.1,579.1,579.1,579.1,0,537
950124,580.6,580.6,580.6,580.6,0,537
950125,574.3,574.3,574.3,574.3,0,537
950126,574.5,574.5,574.5,574.5,0,537
950127,559.7,559.7,559.7,559.7,0,537
950130,565.2,565.2,565.2,565.2,0,537
950131,550,556.4,550,556.4,1,537
950201,557.2,557.2,557.2,557.2,0,537
950202,563.5,563.5,563.5,563.5,0,537
950203,555.9,555.9,555.9,555.9,0,537
950206,559.2,559.2,559.2,559.2,0,537
950207,554.8,554.8,554.8,554.8,0,537
950208,560.1,560.1,560.1,560.1,0,537
950209,563.8,563.8,563.8,563.8,0,537
950210,565.2,565.2,565.2,565.2,0,537
950213,562,562,562,562,0,537
950214,565,565,565,565,0,537
950215,561.8,561.8,561.8,561.8,0,537
950216,561.2,561.2,561.2,561.2,0,537
950217,564.6,564.6,564.6,564.6,0,537
950221,561.4,561.4,561.4,561.4,0,537
950222,570.2,570.2,570.2,570.2,0,537
950223,566.2,566.2,566.2,566.2,0,537
950224,546.9,546.9,546.9,546.9,0,537
950227,531,531,531,531,0,537
950228,533.6,533.6,533.6,533.6,0,537
950301,516.1,516.1,516.1,516.1,0,537
950302,518.8,518.8,518.8,518.8,0,537
950303,516.8,516.8,516.8,516.8,0,537
950306,525.1,525.1,525.1,525.1,0,537
950307,546.4,546.4,546.4,546.4,0,537
950308,532,532,532,532,0,537
950309,538.3,538.3,538.3,538.3,0,537
950310,536.6,536.6,536.6,536.6,0,537
950313,549.3,549.3,549.3,549.3,0,537
950314,547.8,547.8,547.8,547.8,0,537
950315,552,552,552,552,0,537
950316,550.3,550.3,550.3,550.3,0,537
950317,547.8,547.8,547.8,547.8,0,537
950320,544.5,544.5,544.5,544.5,0,537
950321,533.7,533.7,533.7,533.7,0,537
950322,540.7,540.7,540.7,540.7,0,537
950323,543.2,543.2,543.2,543.2,0,537
950324,534.7,534.7,534.7,534.7,0,537
950327,533.5,533.5,533.5,533.5,0,537
950328,548.6,548.6,548.6,548.6,0,537
950329,550.5,550.5,550.5,550.5,0,537
950330,601.8,601.8,601.8,601.8,0,537
950331,611.1,611.1,611.1,611.1,0,537
950403,612.3,612.3,612.3,612.3,0,537
950404,612.2,612.2,612.2,612.2,0,537
950405,624,624,624,624,0,537
950406,625.5,625.5,625.5,625.5,0,537
950407,623,623,623,623,0,537
950410,608.9,608.9,608.9,608.9,0,537
950411,617.9,617.9,617.9,617.9,0,537
950412,617.2,617.2,617.2,617.2,0,537
950413,620.5,620.5,620.5,620.5,0,537
950417,655.3,655.3,655.3,655.3,0,537
950418,670.7,670.7,670.7,670.7,0,537
950419,667.1,667.1,667.1,667.1,0,537
950420,655.3,655.3,655.3,655.3,0,537
950421,653.6,653.6,653.6,653.6,0,537
950424,650.5,650.5,650.5,650.5,0,537
950425,655.1,655.1,655.1,655.1,0,537
950426,639.9,639.9,639.9,639.9,0,537
950427,657.2,657.2,657.2,657.2,0,537
950428,656.8,656.8,656.8,656.8,0,537
950501,669.8,669.8,669.8,669.8,0,537
950502,674.7,674.7,674.7,674.7,0,537
950503,681,681,681,681,0,537
950504,695,695,695,695,0,537
950505,687.4,687.4,687.4,687.4,0,537
950508,682.8,682.8,682.8,682.8,0,537
950509,625.6,625.6,625.6,625.6,0,537
950510,617,617,617,617,0,537
950511,609.7,609.7,609.7,609.7,200,737
950512,607.1,607.1,607.1,607.1,0,737
950515,616.9,616.9,616.9,616.9,0,737
950516,615.6,615.6,615.6,615.6,0,737
950517,610.2,610.2,610.2,610.2,0,537
950518,610.4,610.4,610.4,610.4,0,537
950519,609.2,609.2,609.2,609.2,0,537
950522,601.2,601.2,601.2,601.2,0,537
950523,612.7,612.7,612.7,612.7,0,537
950524,623.9,623.9,623.9,623.9,0,537
950525,617.5,617.5,617.5,617.5,0,537
950526,616,616,616,616,0,537
950530,598.1,598.1,598.1,598.1,0,537
950531,599,599,599,599,0,537
950601,601.8,601.8,601.8,601.8,0,537
950602,584.5,584.5,584.5,584.5,0,537
950605,593.3,593.3,593.3,593.3,0,537
950606,591,591,591,591,0,537
950607,598.5,598.5,598.5,598.5,0,537
950608,595.7,595.7,595.7,595.7,0,537
950609,608.5,608.5,608.5,608.5,0,537
950612,603,603,603,603,0,537
950613,600.2,600.2,600.2,600.2,0,537
950614,596.1,596.1,596.1,596.1,0,537
950615,608.9,608.9,608.9,608.9,0,537
950616,605.8,605.8,605.8,605.8,0,537
950619,613.1,613.1,613.1,613.1,0,537
950620,611.3,611.3,611.3,611.3,0,537
950621,607.7,607.7,607.7,607.7,0,537
950622,599.6,599.6,599.6,599.6,0,537
950623,602,602,599.2,599.2,0,537
950626,595.9,595.9,595.9,595.9,0,539
950627,594.7,594.7,594.7,594.7,2,538
950628,585.4,585.4,585.4,585.4,0,538
950629,593.2,593.2,593.2,593.2,0,538
950630,563.5,563.5,563.5,563.5,0,538
950705,565,565,565,565,1,539
950706,567.5,567.5,567.5,567.5,0,539
950707,576.1,576.1,576.1,576.1,0,539
950710,573.7,573.7,573.7,573.7,0,539
950711,574.2,574.2,574.2,574.2,0,539
950712,588.2,588.2,588.2,588.2,0,539
950713,580.3,580.3,580.3,580.3,0,539
950714,583.7,583.7,583.7,583.7,0,539
950717,597.3,597.3,597.3,597.3,0,539
950718,594.3,594.3,594.3,594.3,0,539
950719,581.1,581.1,581.1,581.1,0,539
950720,573.8,573.8,573.8,573.8,0,539
950721,578,578,578,578,0,539
950724,576.5,576.5,576.5,576.5,0,539
950725,575,575,574.5,574.5,1,540
950726,577.5,577.5,577.5,577.5,0,540
950727,571.5,571.5,571.5,571.5,0,540
950728,565.6,565.6,565.6,565.6,0,540
950731,567,567,562.2,562.2,1,541
950801,572.9,572.9,572.9,572.9,0,541
950802,568.4,568.4,568.4,568.4,0,541
950803,574.1,574.1,574.1,574.1,0,541
950804,573.3,573.3,573.3,573.3,2,541
950807,574.8,574.8,574.8,574.8,0,541
950808,578.5,578.5,578.5,578.5,0,541
950809,580.9,580.9,580.9,580.9,0,541
950810,582.2,582.2,582.2,582.2,0,541
950811,575.3,575.3,575.3,575.3,0,541
950814,591,591,591,591,0,541
950815,592.6,592.6,592.6,592.6,0,541
950816,595.1,595.1,595.1,595.1,0,541
950817,617,617,616.5,616.5,34,571
950818,626.8,626.8,626.8,626.8,0,581
950821,636.1,636.1,636.1,636.1,0,581
950822,620.2,620.2,620.2,620.2,0,581
950823,616,618.6,616,618.6,0,581
950824,615.8,615.8,615.8,615.8,215,780
950825,614.4,614.4,614.4,614.4,0,780
950828,616.4,616.4,616.4,616.4,0,780
950829,616,616,607.3,607.3,3,783
950830,577.2,577.2,577.2,577.2,0,783
950831,584.5,584.5,583,583.1,2,785
950901,579.1,579.1,579.1,579.1,0,785
950905,570.1,570.1,570.1,570.1,0,785
950906,580,580,580,580,0,785
950907,588.1,588.1,588.1,588.1,0,785
950908,583.2,583.2,583.2,583.2,0,785
950911,596.2,596.2,596.2,596.2,0,785
950912,597.5,597.5,597.5,597.5,100,885
950913,584.8,584.8,584.8,584.8,200,1085
950914,590.9,590.9,590.9,590.9,200,1285
950915,586.9,586.9,586.9,586.9,0,1285
950918,594.4,594.4,594.4,594.4,0,1285
950919,590.1,590.1,590.1,590.1,0,1285
950920,582.4,582.4,582.4,582.4,0,1285
950921,590.1,590.1,590.1,590.1,0,1285
950922,583.1,583.1,583.1,583.1,0,1285
950925,584.1,584.1,584.1,584.1,0,1285
950926,587.9,587.9,587.9,587.9,0,1285
950927,586.7,586.7,586.7,586.7,0,1285
950928,591,591,591,591,0,1285
950929,587.9,587.9,587.9,587.9,0,1285
951002,570.4,570.4,570.4,570.4,0,1285
951003,570.2,570.2,570.2,570.2,0,1285
951004,573.9,573.9,573.9,573.9,0,1285
951005,570.4,570.4,570.4,570.4,45,1330
951006,576.9,576.9,576.9,576.9,0,1330
951009,584.7,584.7,584.7,584.7,0,1330
951010,585,585,585,585,6,1330
951011,585.5,585.5,585.5,585.5,0,1330
951012,580.8,580.8,580.8,580.8,0,1330
951013,581,581,581,581,0,1330
951016,577.3,577.3,577.3,577.3,0,1330
951017,576.6,576.6,576.6,576.6,9,1339
951018,577.6,577.6,577.6,577.6,10,1326
951019,572.9,572.9,572.9,572.9,0,1326
951020,576.7,576.7,576.7,576.7,0,1326
951023,576.4,576.4,576.4,576.4,0,1326
951024,577,577,577,577,0,1326
951025,585.9,585.9,585.9,585.9,0,1326
951026,584.4,584.4,584.4,584.4,0,1326
951027,573,573,573,573,0,1326
951030,575.3,575.3,575.3,575.3,0,1326
951031,577,577,577,577,0,1326
951101,572.2,572.2,572.2,572.2,0,1326
951102,574.1,574.1,574.1,574.1,0,1326
951103,570.3,570.3,570.3,570.3,0,1326
951106,568.3,568.3,568.3,568.3,0,1326
951107,577.4,577.4,577.4,577.4,0,1326
951108,576.1,576.1,576.1,576.1,0,1326
951109,578.9,578.9,578.9,578.9,2,1328
951110,584.2,584.2,584.2,584.2,0,1328
951113,571,571,571,571,1,1329
951114,572.3,572.3,572.3,572.3,0,1329
951115,574.9,574.9,574.9,574.9,0,1329
951116,570.9,570.9,570.9,570.9,0,1329
951117,574.9,574.9,574.9,574.9,0,1329
951120,574.4,574.4,574.4,574.4,0,1329
951121,568.6,568.6,568.6,568.6,0,1329
951122,556.4,556.4,556.4,556.4,100,1229
951127,560.5,561.9,560.5,561.9,3,1228
951128,563.4,563.4,563.4,563.4,0,1228
951129,563.5,563.5,556.5,556.5,16,1243
951130,556,561.5,556,561.5,1,1244
951201,558.7,558.7,558.7,558.7,1,1245
951204,557.8,557.8,557.8,557.8,0,1245
951205,561.6,561.6,561.6,561.6,0,1245
951206,563.9,563.9,563.9,563.9,0,1245
951207,561.3,561.3,561.3,561.3,0,1245
951208,560.3,560.3,560.3,560.3,0,1245
951211,559.7,559.7,559.7,559.7,0,1245
951212,554.2,554.2,554.2,554.2,0,1245
951213,549,549,549,549,0,1245
951214,550.7,550.7,550.7,550.7,0,1245
951215,550.5,550.5,550.5,550.5,0,1245
951218,554,554,554,554,0,1245
951219,550.8,550.8,550.8,550.8,0,1245
951220,553,553,553,553,100,1145
951221,552.3,552.3,552.3,552.3,0,1145
951222,553.3,553.3,553.3,553.3,0,1145
951226,553.8,553.8,553.8,553.8,0,1145
951227,551.5,551.5,551.5,551.5,0,1145
951228,550.9,550.9,550.9,550.9,0,1145
951229,554.4,554.4,554.4,554.4,0,1145
960102,572.9,572.9,572.9,572.9,0,1145
960103,573,573,573,573,0,1145
960104,575.3,575.3,575.3,575.3,0,1145
960105,589.9,589.9,589.9,589.9,0,1145
960109,590.6,590.6,590.6,590.6,0,1145
960110,597.1,597.1,597.1,597.1,0,1145
960111,593,593,588,588,1,1146
960112,582,582,582,582,0,1146
960115,579.1,579.1,579.1,579.1,0,1146
960116,581,583,581,583,1,1146
960117,585.3,585.3,585.3,585.3,0,1146
960118,579.1,579.1,579.1,579.1,0,1146
960119,579.9,579.9,579.9,579.9,0,1146
960122,589,592.5,589,592.5,2,1148
960123,590.9,590.9,590.9,590.9,0,1148
960124,586.1,586.1,586.1,586.1,0,1148
960125,591,591,591,591,2,1150
960126,586.9,586.9,586.9,586.9,1,1150
960129,586.9,586.9,586.9,586.9,0,1150
960130,588.7,588.7,588.7,588.7,0,1150
960131,590,591.5,590,591.5,1,1151
960201,612.5,612.9,612.5,612.9,10,1156
960202,617.7,617.7,617.7,617.7,10,1166
960205,623,623,615.7,615.7,2,1167
960206,611.9,611.9,611.9,611.9,0,1167
960207,615,615,605.5,605.5,6,1172
960208,607.3,607.3,607.3,607.3,0,1172
960209,601.3,601.3,601.3,601.3,0,1172
960212,601.2,601.2,601.2,601.2,0,1172
960213,606.1,606.1,606.1,606.1,1,1172
960214,608,608,608,608,0,1172
960215,607,607,598.8,598.8,0,1173
960216,606.6,606.6,606.6,606.6,0,1173
960220,587.3,587.3,587.3,587.3,0,1173
960221,592.4,592.4,592.4,592.4,0,1173
960222,587,587,587,587,0,1173
960223,579.7,579.7,579.7,579.7,2,1175
960226,582.4,582.4,582.4,582.4,0,1175
960227,580.3,580.3,580.3,580.3,0,1175
960228,584.2,584.2,584.2,584.2,0,1175
960229,585.5,585.5,585.5,585.5,0,1175
960301,585,585,585,585,0,1175
960304,572.4,572.4,572.4,572.4,0,1175
960305,569.6,569.6,569.6,569.6,0,1175
960306,571.3,571.3,571.3,571.3,0,1175
960307,576.1,576.1,576.1,576.1,0,1175
960308,585.7,585.7,585.7,585.7,0,1175
960311,587,587,586.4,586.4,2,1177
960312,593.8,593.8,593.8,593.8,0,1177
960313,597.2,597.2,597.2,597.2,0,1177
960314,591.5,591.5,591.5,591.5,2,1178
960315,595.5,595.5,595.5,595.5,0,1178
960318,591,591,591,591,0,1178
960319,587.2,587.2,587.2,587.2,0,1178
960320,592.1,592.1,592.1,592.1,0,1178
960321,597,597,597,597,0,1178
960322,599,599,599,599,0,1178
960325,598.8,598.8,598.8,598.8,0,1178
960326,604.7,604.7,604.7,604.7,0,1178
960327,602.2,602.2,602.2,602.2,0,1178
960328,586.5,586.5,586.5,586.5,0,1178
960329,587.5,587.5,587.5,587.5,0,1178
960401,588,588,588,588,0,1178
960402,584.4,584.4,584.4,584.4,0,1178
960403,585.1,585.1,585.1,585.1,0,1178
960404,576.8,576.8,576.8,576.8,0,1178
960408,592.1,592.1,592.1,592.1,0,1178
960409,581.9,581.9,581.9,581.9,0,1178
960410,584.3,584.3,584.3,584.3,0,1178
960411,591.3,591.3,591.3,591.3,9,1187
960412,586.9,586.9,586.9,586.9,0,1187
960415,580.5,582.6,580.5,582.6,1,1186
960416,577,577,563,563,112,1276
960417,565,567,564.5,564.5,6,1274
960418,560.9,560.9,560.9,560.9,10,1274
960419,560,560,560,560,57,1246
960422,568,568,566.8,566.8,2,1248
960423,569.5,569.5,566.3,566.3,29,1262
960424,566,566,563.9,563.9,9,1271
960425,571.4,571.4,571.4,571.4,0,1271
960426,562,562,560.7,560.7,1,1271
960429,562,562,555.7,555.7,35,1305
960430,563.7,563.7,563.7,563.7,0,1305
960501,572.3,572.3,572.3,572.3,0,1305
960502,571,572.4,571,572.4,21,1325
960503,578,578,577.5,577.5,45,1295
960506,580.5,581.5,577.5,579.5,86,1346
960507,581,582.5,581,582.5,26,1326
960508,583,583,577.3,577.3,6,1326
960509,575.3,575.3,575.3,575.3,0,1326
960510,567.5,567.5,567.5,567.5,5,1326
960513,569.5,569.5,569.5,569.5,0,1326
960514,570,570,570,570,9,1330
960515,571.2,571.2,571.2,571.2,0,1330
960516,568.3,568.3,568.3,568.3,1120,1975
960517,562,564.3,562,564.3,50,1935
960520,558,558,558,558,10,1928
960521,560.5,560.5,560.5,560.5,10,1928
960522,565.1,565.1,565.1,565.1,1100,2758
960523,564.3,564.3,564.3,564.3,0,2758
960524,563.1,563.1,563.1,563.1,1,2758
960528,566.9,566.9,566.9,566.9,0,2759
960529,564.6,564.6,564.6,564.6,17,2759
960530,566.5,566.5,566.1,566.1,1,2760
960531,573.1,573.1,573.1,573.1,0,2760
960603,571.2,571.2,571.2,571.2,0,2760
960604,551,551,551,551,10,2760
960605,545,550,545,546.8,10,2762
960606,553,554,550.9,550.9,51,2801
960607,551,551,549.9,549.9,221,2900
960610,550.5,550.5,550.5,550.5,3,2903
960611,549,549,536,542.3,5,2903
960612,543,544,541.2,541.2,207,2759
960613,540,540.5,537.2,537.2,47,2765
960614,526,549.4,526,549.4,315,2869
960617,550.8,550.8,550.8,550.8,461,3009
960618,550.2,550.2,550.2,550.2,0,3009
960619,543.9,543.9,543.9,543.9,42,3231
960620,544.9,544.9,544.9,544.9,0,3231
960621,543.3,543.3,543.3,543.3,23,3236
960624,546.1,546.1,546.1,546.1,1656,4163
960625,547.5,547.5,547.1,547.1,44,4164
960626,537.9,537.9,537.9,537.9,76,4128
960627,544,544,530.9,530.9,69,4073
960628,533,535,527,529.9,8,4075
960701,536,539,534.7,534.7,3,4089
960702,539.5,539.5,538,538,2,4089
960703,543,543,540,540,2,4092
960708,541,541,533.9,533.9,4,4092
960709,538.9,538.9,538.9,538.9,3,4092
960710,538.9,538.9,538.9,538.9,0,4092
960711,543,543,541.9,541.9,5,4094
960712,541.6,541.6,541.6,541.6,0,4094
960715,543.9,543.9,543.9,543.9,20,4103
960716,525,531,520.5,520.5,2,4098
960717,525.5,525.5,521.9,521.9,2,4099
960718,528,528,525,526,18,4110
960719,522.5,522.5,522.5,522.5,0,4115
960722,527.8,527.8,527.8,527.8,0,4115
960723,529.5,529.5,523.3,523.3,9,4120
960724,525,527.3,525,527.3,1,5119
960725,523.5,525,523,525,4,4117
960726,536.9,536.9,536.9,536.9,90,4117
960729,533.4,533.4,533.4,533.4,0,4117
960730,533.4,533.4,533.4,533.4,0,4117
960731,541.8,541.8,541.8,541.8,0,4117
960801,538,538,537.5,537.5,184,4115
960802,533.2,533.2,533.2,533.2,3,4116
960805,534.5,534.5,534.5,534.5,0,4120
960806,530,530,528.5,528.5,1,4120
960807,529.7,529.7,529.7,529.7,0,4120
960808,535.3,535.3,535.3,535.3,0,4120
960809,530,530,529.4,529.4,2,4120
960812,532,532,532,532,0,4120
960813,533.8,533.8,533.8,533.8,0,4120
960814,529.9,529.9,529.9,529.9,0,4120
960815,530,534.1,530,534.1,1,4120
960816,533.1,533.1,533.1,533.1,180,4223
960819,547,547,547,547,1,4224
960820,546,547,546,547,3,4221
960821,546,546,542.9,542.9,1,4221
960822,547.8,547.8,547.8,547.8,1,4221
960823,547.5,547.5,545.7,545.7,19,4210
960826,551.6,551.6,551.6,551.6,9,4222
960827,551,551,550,550,34,4206
960828,548,548,542,543.4,217,4209
960829,543.6,543.6,543.6,543.6,301,4380
960830,543.7,543.7,543.7,543.7,500,4414
960903,539,539.6,539,539.6,1,4415
960904,541.8,541.8,541.8,541.8,0,4415
960905,538.1,538.1,538.1,538.1,4,4415
960906,534.5,534.5,534.5,534.5,500,4415
960909,533,533,530,531.5,3,4416
960910,532,533,532,533,67,4454
960911,532.7,532.7,532.7,532.7,505,4430
960912,525.5,527,522,524.3,891,4360
960913,529,529,523.4,523.4,9,4361
960916,526.6,526.6,526.6,526.6,20,4343
960917,525.9,525.9,525.9,525.9,80,4394
960918,527.9,527.9,527.9,527.9,0,4394
960919,520,522,512,512.1,521,4903
960920,510,510,503,504,112,4922
960923,505,509.5,505,507.2,66,4907
960924,510,511.2,508,511.2,52,4904
960925,509,509.6,509,509.6,70,4906
960926,507,507,505.9,505.9,19,4905
960927,510.5,510.5,509.4,509.4,6,4902
960930,505.5,505.5,505.1,505.1,1,4911
961001,508.1,508.1,508.1,508.1,0,4911
961002,510.5,510.5,509.8,509.8,42,4929
961003,507.6,507.6,507.6,507.6,9,4920
961004,506,506,504,504.1,8,4919
961007,505.4,505.4,505.4,505.4,136,4962
961008,509.5,509.5,506.3,506.3,10,4966
961009,513.9,513.9,513.9,513.9,2,4966
961010,518,525,518,522.9,15,4967
961011,522.5,522.5,522.4,522.4,45,5000
961014,520.1,520.1,520.1,520.1,0,4992
961015,521,521,521,521,0,4992
961016,523,523.5,518.5,518.5,5,4995
961017,515,515,506,506.3,33,5007
961018,505.8,505.8,505.8,505.8,43,5032
961021,510,510,509.8,509.8,2,5034
961022,515.2,515.2,515.2,515.2,2,5033
961023,514,515,514,515,4,5031
961024,509,509,507,508,131,5124
961025,508.5,508.7,508.5,508.7,11,5130
961028,509.2,509.2,509.2,509.2,0,5130
961029,507,507,497.6,497.6,67,5151
961030,498,499.5,495,498.4,144,5166
961031,501.5,502.5,496.3,496.3,251,5236
961101,495,496.5,494,495.2,271,5259
961104,496,498,496,496.2,14,5269
961105,499,499,493.5,494.6,36,5284
961106,493,493,486.4,486.4,26,5289
961107,490,503,490,498.5,320,5503
961108,499.3,499.3,499.3,499.3,20,5508
961111,502,504.8,500,504.8,57,5532
961112,502.5,503.6,502.5,503.6,11,5543
961113,503,508.5,503,505.6,46,5557
961114,503,509,499.9,499.9,90,5587
961115,499.5,510,499.5,510,788,6046
961118,504,507.5,503.5,504.5,44,6045
961119,503.5,505,503,503.3,68,6063
961120,504,512,504,510.7,142,6103
961121,506.5,507,498,499.9,124,6155
961122,501,503,498,499.4,424,6499
961125,498,498,486,487.5,923,7001
961126,487,490.5,485,487.1,696,7424
961127,485.5,488.5,482,487,737,7102
961202,483.5,485,481,482.7,58,7107
961203,482,494,480.5,493,1073,7789
961204,492.5,496,490,494.8,674,8320
961205,490,500,490,497.8,111,8328
961206,500,502,488,489.1,30,8332
961209,491,491.5,489.3,489.3,30,8352
961210,494,495.8,491.5,495.8,17,8347
961211,497.5,500,490,494.7,50,8352
961212,494.7,494.7,494.7,494.7,0,8350
961213,494,494,491.5,493.7,4,8351
961216,493,493,491.5,492.2,59,8348
961217,493,505,493,498.3,89,8381
961218,500,500,496,498.3,12,8374
961219,499,499,497.5,497.6,7,8373
961220,497,497,493.5,494.9,25,8368
961223,495.5,496.5,495,495.4,152,8323
961224,494.5,496.4,494.5,496.4,7,8321
961226,497,501.9,497,501.9,11,8324
961227,502,503,500.4,500.4,45,8317
961230,490,495.2,490,490.6,146,8338
961231,490.5,491,480,487.9,162,8365
970102,488,488,481,482.3,40,8363
970103,480,482,476,477.3,166,8356
970106,476.5,478,472.5,474,131,8354
970107,478,484,478,479.9,263,8348
970108,475,477,472.5,474.8,287,8280
970109,476.5,485,476.5,482.4,332,8535
970110,487,487.5,482,485.6,183,8672
970113,488,488.5,477.5,480.8,93,8660
970114,482,482,476.6,476.6,20,8663
970115,475,480,471.5,477.6,201,8712
970116,480,486.5,480,483.1,145,8727
970117,484,489.5,484,486.3,239,8740
970120,480.5,483.5,480.5,482.3,72,8739
970121,485.5,488,480,480.5,88,8747
970122,479,482.5,479,481.4,129,8722
970123,481.5,498.5,481.5,496.8,255,8892
970124,507,510,499,507.1,268,8883
970127,506,515,504,514.1,226,8851
970128,511,513.5,504,505.5,318,8887
970129,503,506,499,503.2,392,8850
970130,499.5,504.7,495,504.7,170,8841
970131,506.5,506.5,490,501.1,225,8896
970203,498,501.5,494,499.3,112,8938
970204,500,501.5,494,494.8,67,8946
970205,495.5,498,493.5,496.3,55,8973
970206,497,497,491,494.8,236,9092
970207,490,506,488,503.3,358,9064
970210,502,506,501,505.2,287,9184
970211,503.5,504,490,493,357,9301
970212,492,531.5,491.5,523.2,675,9560
970213,522.5,527,520,523.9,400,9644
970214,526.5,537,522.5,534.9,668,9957
970218,534,535,529,531.2,749,10023
970219,531.5,531.5,525,528.6,585,10177
970220,527.5,535.5,523.5,532.6,1076,10634
970221,534,537.5,528.7,528.7,1779,9994
970224,530.5,532,528.5,529.9,1391,9654
970225,529.5,532.6,526.5,532.6,1215,10143
970226,532.5,542.5,525,529.7,1303,10687
970227,538,545,533,534.4,1151,11152
970228,537.5,543,530,540.9,1234,11598
970303,540,548.5,537.5,539,975,11927
970304,537,537,530.5,531.5,249,11955
970305,528,533,522.5,529,952,12317
970306,529.5,535,522.7,527.7,504,12523
970307,525.5,528.5,522,523.4,536,12521
970310,523,534,521,532.4,349,12630
970311,536,536,529,533.4,260,12701
970312,532,535,526.5,527.7,383,12764
970313,529.5,538.5,529.5,536.3,402,12765
970314,537,538.5,533,533.3,945,12911
970317,532,532.5,528,528.8,589,13138
970318,527.5,529,517,525.3,1937,13784
970319,525,533,524.5,529.1,3431,15810
970320,532,532.5,524,527.2,3165,17805
970321,527.5,528,520,521.7,782,18010
970324,519.5,526.5,517,524.9,1126,18186
970325,523.5,524.5,515,517.1,1190,18040
970326,516.5,523.5,515,521.6,978,17837
970327,521,523,517.5,519.8,996,18395
970331,522,522.5,507,512.5,4796,19777
970401,509,512.5,502,505.5,1579,19795
970402,503,508.5,491,492,1786,20151
970403,492,493.5,470,477.9,6865,22703
970404,477.5,482.5,476,479.1,2735,23311
970407,479,485.5,479,483.9,1922,24668
970408,485.5,487.5,480,482.9,1347,25152
970409,482,485.5,481,482.4,1666,25857
970410,482.5,484.5,481,483.1,1001,25889
970411,485,485,473,477,3559,26656
970414,478,479,475.5,477.3,770,26863
970415,475,477.5,471,475.7,3372,28499
970416,477,484.5,475.5,482,2875,29280
970417,485,486.5,472,474.5,4344,30724
970418,476.5,480,475,476.3,3206,31933
970421,477,480.5,477,478.3,8616,35208
970422,478.5,482,475,476.3,4958,36998
970423,475,479,472.5,477.3,4684,38125
970424,475.5,477,472.5,474.1,10522,41811
970425,477,478.5,475.5,476.8,8265,45999
970428,475,475,463,465.8,27376,52799
970429,466.5,469.5,465.5,467,18711,56494
970430,468.5,476,467,469.3,16957,57334
970501,469.5,480,467,476.8,16408,56358
970502,475.5,477,472,472.8,8623,57277
970505,475,479,474,476.8,5735,56946
970506,476,479,472,473.3,10094,57756
970507,475.5,478,474,475.8,3969,57797
970508,476.5,488,476.5,486,19071,56275
970509,487.5,492.5,484,488,15613,56322
970512,488,493,483,483.5,11708,56483
970513,484,490.5,482,487.8,10433,56282
970514,487.5,489.5,483,483.8,6357,55871
970515,485.5,487,483.5,485.8,5677,55257
970516,484.5,485,466.5,469.3,28862,59558
970519,468,472,462.5,471.3,13122,60044
970520,472.5,473,468,471.3,7063,60145
970521,468.5,471,467,469.5,7063,60053
970522,468.5,469,466,467.8,4278,59952
970523,466,478,465,473.8,11768,58989
970527,474.5,476,473,474.8,5481,58682
970528,477,478,464.5,473,13472,59720
970529,472,484.5,471,483.8,25800,58782
970530,485,485,467,467.5,20593,59134
970602,470,473,468.5,469.8,10208,57825
970603,470.5,474.5,469.5,472.8,8385,57569
970604,471,474,469,470,12561,54013
970605,470,482,469,477,18648,53517
970606,485,489.5,477,478.3,29168,52080
970609,479.5,482,469.5,474,12625,51985
970610,473.5,478.8,472.5,474.5,9459,49710
970611,476,477,472,474.5,4616,48859
970612,472.5,474,470.5,470.8,7249,46622
970613,469,474,465,467.5,18934,45802
970616,468,470,468,468.7,5837,44049
970617,468,480.5,468,476.2,22515,43102
970618,477.5,478,467.5,469.5,16437,40840
970619,470.5,478,470,474.5,25292,37687
970620,473.5,474,469,471.2,11651,35360
970623,471,482,470,481.2,25162,35952
970624,478.5,479,473,475,16341,27345
970625,475.5,478.5,474.5,475.5,14297,23230
970626,475,477.5,468,474,25603,14244
970627,472.5,473.5,466,467.6,11470,9428
970630,467.5,469.5,458,460,3004,3480
970701,462.5,466,462,463.3,2215,3730
970702,462.5,464.5,460.1,460.1,403,616
970703,463,463,451.5,452.8,96,426
970707,448,448,420,424.9,239,397
970708,424.5,435,424.5,430,70,257
970709,424.5,428.5,424.5,428.5,8,237
970710,434,434.9,430,434.9,46,229
970711,435,435,432.7,432.7,17,223
970714,429.5,430,424.3,424.3,15,216
970715,425,430.5,425,426.8,101,194
970716,428.5,430,415.5,415.5,29,146
970717,419.5,421.7,418.5,421.7,2717,2798
970718,425,425,424.2,424.2,10,149
970721,425.5,425.5,422.5,423,12,148
970722,430,431.5,427.5,427.5,11,142
970723,429,429,425.5,426.9,28,120
970724,425,425.4,425,425.4,4,118
970725,431,431,429.7,429.7,19,122
970728,434,434,432.5,433.2,16,145
970729,431.5,431.5,429.5,430.2,63,119
