810213,107.25,107.25,106.6,106.6,6,31
810217,107,108,106.25,106.25,4,33
810218,106,106.25,105.5,105.85,23,51
810219,106,107.5,106,107.5,36,87
810220,107.5,107.6,107.25,107.25,123,147
810223,107.5,107.5,107.05,107.15,54,177
810224,107.15,107.45,107.15,107.45,20,207
810225,108.5,108.5,107.7,107.85,8,214
810226,107.85,107.9,107.5,107.8,62,227
810227,107.8,107.8,107.8,107.8,0,227
810302,107.3,107.3,106.05,106.05,79,276
810303,106.75,106.75,106.25,106.5,14,283
810304,106.4,106.4,106.4,106.4,1,283
810305,106,106.25,106,106.01,24,293
810306,105.75,105.75,105.25,105.25,42,311
810309,105,105.25,104.85,104.9,31,327
810310,105,105.65,105,105,82,376
810311,104.95,104.95,104.7,104.7,50,376
810312,104.6,104.7,104.55,104.55,3,376
810313,104.5,104.5,103.8,104.1,240,399
810316,104,104,103.7,104,12,390
810317,105,105.4,104.4,104.8,117,437
810318,105.4,105.4,104.9,105.25,115,525
810319,104.8,105,104.55,104.55,82,570
810320,104.25,104.45,104,104,73,579
810323,103.75,104,103.75,103.75,94,612
810324,103.25,103.35,103,103.35,152,578
810325,103.4,103.65,103.25,103.65,159,585
810326,103.7,103.7,103.4,103.4,38,594
810327,104.25,104.25,103.5,103.5,3,595
810330,103,103.4,103,103.4,10,595
810331,103.5,103.6,103.1,103.1,5,595
810401,103.4,103.4,103.05,103.05,1,596
810402,103.05,103.25,103.05,103.25,15,597
810403,104.15,104.15,104.15,104.15,0,597
810406,105,106.15,104.75,106.15,113,647
810407,106,106,105.2,105.75,120,582
810408,105.5,106.1,105.3,106,32,588
810409,105.7,105.75,105.15,105.2,68,612
810410,104.5,104.75,104.3,104.3,7,613
810413,103.9,104,103.8,103.8,69,649
810414,103.6,104.1,103.5,103.65,74,640
810415,103.8,103.8,103.8,103.8,2,638
810416,103.75,103.75,103.5,103.75,16,637
810420,103.25,103.35,103.05,103.05,138,636
810421,103,103,102.3,102.3,86,637
810422,102.2,102.3,101.6,101.6,217,695
810423,101,101,100.4,100.4,82,710
810424,99.5,100.15,99.5,99.85,182,793
810427,99.3,99.3,99,99.08,172,850
810428,98.66,98.66,98,98.03,154,809
810429,97.5,97.55,97.15,97.15,222,825
810430,98,98.25,97.5,98.22,174,841
810501,97.95,97.95,96.8,97,166,892
810504,96.5,97.1,96.5,96.75,180,932
810505,96.6,96.7,96.4,96.6,42,933
810506,97,97.1,96.6,96.6,71,934
810507,97.6,98.6,97.6,98.6,510,1077
810508,99,99,98.3,98.3,93,1115
810511,98.2,98.35,98.1,98.35,48,1110
810512,98.5,99.2,98.5,99.2,54,1145
810513,99.9,99.9,99.2,99.2,117,1171
810514,98.5,98.8,98.3,98.8,71,1213
810515,99.25,99.3,99.1,99.1,93,1199
810518,99,99.15,98.8,98.8,39,1206
810519,99.5,100.1,99.5,99.8,81,1218
810520,99.3,99.4,99.05,99.05,239,1354
810521,99,99.1,98.45,98.45,156,1400
810522,98.3,98.8,98.3,98.63,67,1392
810526,98.45,98.6,98.3,98.6,34,1407
810527,97.4,97.55,97.25,97.3,220,1422
810528,97.5,97.9,97.3,97.6,134,1439
810529,97.25,97.3,96.95,96.95,151,1468
810601,96.6,97,96.6,96.9,140,1456
810602,96.7,97.2,96.7,97.1,66,1454
810603,97,97,96.4,96.48,443,1542
810604,95.9,96,95.65,95.75,230,1483
810605,95.5,95.6,94.25,94.59,366,1541
810608,95.2,95.25,94.4,94.49,297,1427
810609,94.8,95.25,94.8,95.25,263,1514
810610,95.05,95.05,94.65,95,265,1457
810611,94.55,95.8,94.55,95.49,225,1547
810612,95.9,96,95.2,95.25,256,1615
810615,95.05,95.5,95.05,95.35,53,1600
810616,94.9,95.2,94.85,95,72,1516
810617,94.85,94.9,94.6,94.7,168,1538
810618,94.5,95.25,94.5,95.25,28,1496
810619,95.5,96,95.4,95.6,43,1464
810622,96.1,96.7,96.1,96.45,128,1431
810623,96.39,96.45,95.9,96.34,269,1450
810624,95.9,95.9,95.5,95.62,205,1507
810625,95.97,96.3,95.75,96.08,278,1569
810626,95.85,96.75,95.85,96.4,158,1619
810629,96.4,96.8,96.4,96.67,171,1610
810630,96.75,96.75,96.35,96.5,245,1555
810701,96.3,96.3,96.1,96.12,182,1569
810702,96,96.5,96,96.5,28,1566
810706,96.5,97.25,96.5,97.1,237,1529
810707,97.2,97.4,96.8,96.8,458,1733
810708,96.6,96.8,96.55,96.75,271,1785
810709,96.85,97.15,96.8,96.85,200,1719
810710,97.4,97.75,97.15,97.75,481,1854
810713,98,98.35,97.9,98.35,160,1779
810714,98.45,98.49,97.9,97.9,554,1893
810715,97.75,98.5,97.6,98.2,487,1909
810716,98.15,98.7,97.95,98.3,302,1848
810717,98.5,99,98.5,99,68,1858
810720,99.5,100.7,99.5,100.5,1026,2014
810721,99.35,99.9,99.35,99.8,301,1793
810722,99.35,99.5,99.05,99.05,253,1749
810723,99.6,99.65,98.7,98.79,262,1778
810724,98.8,98.95,98.7,98.9,545,2157
810727,98.65,98.7,98,98.1,888,2069
810728,97.79,98.4,97.79,98.25,325,2169
810729,98.3,98.7,98.3,98.45,200,2234
810730,98.5,99,98.45,98.7,237,2208
810731,99,99.05,98.8,98.95,120,2256
810803,98.85,98.9,98.1,98.2,307,2272
810804,98.05,98.55,98.05,98.45,296,2375
810805,98.75,98.85,98.6,98.6,396,2394
810806,98.75,98.75,98.4,98.54,173,2393
810807,98.26,98.45,98.26,98.3,60,2396
810810,97.95,98,97.65,97.7,414,2364
810811,97.56,98.25,97.56,98.25,293,2528
810812,98.55,98.6,97.9,97.98,197,2469
810813,97.8,98.05,97.75,98,175,2473
810814,98.45,99,98.35,98.7,524,2661
810817,99.2,99.5,99.05,99.35,474,2386
810818,99,99.15,98.65,98.67,286,2414
810819,98.5,99.25,98.5,98.94,472,2505
810820,99.6,99.6,98.5,98.62,956,2776
810821,98.3,98.45,97.65,97.84,1081,3027
810824,97.4,97.45,97.05,97.12,938,3323
810825,96.75,96.8,96.25,96.45,1383,3708
810826,96.8,96.85,96.2,96.3,1435,4047
810827,96.05,96.05,95.75,95.95,558,3806
810828,96.5,96.5,96.1,96.11,646,4083
810831,95.8,95.85,95.3,95.4,583,4031
810901,95.6,95.65,95.25,95.3,677,3947
810902,95.3,95.9,95.3,95.75,559,3976
810903,95.95,96,95.45,96,490,4074
810904,96.25,96.25,95.9,95.9,189,4109
810908,95.7,95.7,95.05,95.08,899,4191
810909,94.75,95,94.5,94.67,957,4120
810910,94.85,95.25,94.75,94.75,582,4262
810911,94.85,95,94.6,94.73,413,4367
810914,94.99,95.3,94.99,95.15,359,4247
810915,95.5,95.95,95.5,95.93,503,4381
810916,95.8,95.8,95.45,95.61,533,4509
810917,95.35,95.5,95.25,95.47,202,4603
810918,95.5,95.55,95.2,95.33,323,4589
810921,95.6,95.6,95.1,95.1,643,4905
810922,95.2,95.35,95.05,95.07,800,5236
810923,95.25,96.1,95.15,96.04,553,5109
810924,96.45,96.75,96,96.74,861,5252
810925,96.4,96.4,95.9,96.06,524,5304
810928,95.5,96.2,95.5,96.15,442,5373
810929,96.4,96.55,96.3,96.53,445,5518
810930,96.6,96.75,96.3,96.45,404,5675
811001,96.75,96.9,96.65,96.83,365,5477
811002,96.98,97,96.7,96.89,249,5449
811005,97.1,97.35,97,97.25,695,5524
811006,97.25,97.8,97.2,97.58,1533,4830
811007,97.4,97.6,97.35,97.55,184,4888
811008,97.85,98.15,97.85,98.12,301,4722
811009,98.25,98.5,98.25,98.38,580,4506
811012,98.2,98.2,97.69,97.9,835,4781
811013,97.75,98.15,97.65,98.08,360,4692
811014,98.18,98.28,98.15,98.25,331,4678
811015,98.4,99,98.4,98.98,463,4726
811016,99,99.1,98.5,98.74,695,4615
811019,98.9,98.95,98.7,98.95,251,4374
811020,99.15,99.15,99,99.05,133,4346
811021,99.3,99.45,99.15,99.4,705,4086
811022,98.85,98.95,98,98.08,917,3692
811023,98.08,98.4,98,98.3,442,3544
811026,98.85,99.2,98.7,99,525,3347
811027,99.35,99.45,99.25,99.25,494,3005
811028,98.85,99.15,98.7,99.1,442,2807
811029,98.6,99.25,98.6,99.25,446,2634
811030,99.65,99.75,99.5,99.6,355,2439
