810304,113,113,113,113,0,2
810305,112.5,112.5,112.5,112.5,3,3
810306,111.5,111.5,111.5,111.5,0,3
810309,111.5,111.5,111.5,111.5,0,3
810310,111.5,111.5,111.5,111.5,0,3
810311,111.5,111.5,111.25,111.45,3,4
810312,111.45,111.45,111.45,111.45,0,4
810313,110.98,110.98,110.98,110.98,1,5
810316,110.1,110.15,110.1,110.15,1,6
810317,111.25,111.25,111.25,111.25,4,10
810318,112,112,112,112,0,10
810319,111.25,111.25,111.25,111.25,1,11
810320,110.75,110.75,110.75,110.75,5,16
810323,110.25,110.5,110,110,10,26
810324,109.5,109.5,109.5,109.5,1,26
810325,110,110,110,110,1,27
810326,109.5,109.5,109.5,109.5,0,27
810327,109.5,109.5,109.5,109.5,0,27
810330,109.7,109.85,109.7,109.85,1,28
810331,109.6,109.6,109.5,109.5,2,30
810401,109,109.7,109,109.7,2,32
810402,110.25,110.25,110.15,110.2,2,33
810403,110.45,110.85,110.45,110.85,10,41
810406,110.85,112.85,110.85,112.85,16,38
810407,111.75,111.75,111.75,111.75,1,39
810408,111.25,112.25,111.25,112.25,6,33
810409,111.3,111.3,111.3,111.3,0,33
810410,110.5,110.5,110.5,110.5,0,33
810413,109.75,109.9,109.75,109.9,25,44
810414,109.5,109.5,109.5,109.5,5,41
810415,109.5,110,109.5,110,1,41
810416,110,110,110,110,0,41
810420,108.2,108.5,108.2,108.5,1,42
810421,108.5,108.5,107,107.65,6,46
810422,107.25,107.5,107.25,107.25,20,65
810423,106.5,107,105.8,105.8,23,67
810424,104.5,104.85,104.5,104.85,2,69
810427,104.5,104.5,104.35,104.35,6,68
810428,103.75,103.75,103.75,103.75,6,71
810429,102.75,103,102.5,102.65,24,75
810430,103.15,103.4,102.85,103.4,109,113
810501,102.5,102.5,102.5,102.5,10,118
810504,102.5,102.5,102,102,1,119
810505,101.5,101.55,101.5,101.55,65,105
810506,102.6,102.6,102.1,102.15,11,102
810507,103.35,104.15,103.35,104.15,11,107
810508,104.65,104.65,103.75,103.75,22,122
810511,103.75,103.75,103.2,103.2,20,111
810512,103.5,104.25,103.5,104.25,7,113
810513,104.25,104.75,104.25,104.45,19,126
810514,104.35,104.35,103.5,103.5,44,162
810515,103.8,103.8,103.8,103.8,0,124
810518,104.1,104.1,104.1,104.1,0,124
810519,104.6,104.6,104.6,104.6,5,122
810520,104.65,104.65,104.6,104.6,13,123
810521,104.75,104.75,104.1,104.1,8,124
810522,104.5,104.5,104.5,104.5,0,124
810526,104.25,104.25,104.25,104.25,25,138
810527,103,103,102.75,103,35,141
810528,103.25,103.25,103.15,103.15,17,158
810529,102.95,103,102.5,102.75,18,164
810601,102.5,103.15,102.5,102.75,11,164
810602,102.75,102.75,102.75,102.75,0,164
810603,102.1,102.1,101.75,101.75,20,164
810604,100.75,100.8,100.55,100.55,173,276
810605,100.2,100.35,98.6,98.8,78,312
810608,99,99,98.55,98.85,12,315
810609,99.4,100.5,99.15,100.5,140,329
810610,100,100,99,99.2,105,417
810611,98.8,99.5,98.6,99.5,209,542
810612,99.35,99.5,99,99,4,545
810615,98.95,99.75,98.95,99,25,564
810616,98.85,98.95,98.55,98.72,191,616
810617,98.3,98.45,98.25,98.3,167,697
810618,98.05,98.8,98.05,98.8,11,682
810619,99.4,99.4,99.4,99.4,3,685
810622,100,100.75,100,100.75,74,676
810623,100.15,100.6,100,100.6,173,666
810624,100.35,100.35,100.2,100.25,30,664
810625,100.45,100.7,100.45,100.5,43,652
810626,100.4,101,100.4,101,7,659
810629,101.05,101.45,101.05,101.45,27,646
810630,101.25,101.25,101,101.2,54,655
810701,101,101.01,100.8,100.9,33,647
810702,101.1,101.25,101.1,101.25,1,647
810706,101.5,101.5,101.5,101.5,1,647
810707,102.1,102.1,101.6,101.6,31,649
810708,101.5,101.6,101.2,101.6,66,715
810709,101.75,102,101.7,101.7,113,726
810710,102.75,103,102.5,103,37,737
810713,103.2,103.5,102.9,103.5,271,844
810714,103.3,103.4,102.55,102.55,326,975
810715,102.2,103.05,102.1,102.22,570,1090
810716,102.7,103.3,102.7,103,237,1010
810717,103.25,103.7,103.2,103.6,266,1208
810720,104,105,103.9,104.6,316,1353
810721,103.7,104.35,103.6,104.3,278,1480
810722,104.1,104.25,103.6,103.72,331,1610
810723,104.1,104.1,103.4,103.6,174,1586
810724,103.6,103.75,103.45,103.75,102,1628
810727,103.6,103.6,102.8,102.85,317,1655
810728,102.7,103.3,102.65,103.26,254,1664
810729,103.5,103.5,103.35,103.35,89,1723
810730,103.55,103.7,103.25,103.7,54,1719
810731,104,104,103.8,104,14,1727
810803,103.85,103.85,102.85,103,474,1926
810804,102.7,103.35,102.7,103.35,138,1952
810805,103.65,103.65,103.5,103.5,369,2160
810806,103.2,103.5,103.2,103.46,13,2144
810807,103,103.2,102.9,102.9,101,2195
810810,102.7,102.7,102.3,102.44,439,2405
810811,102.3,102.95,102.3,102.95,121,2425
810812,103.4,103.5,102.8,102.84,83,2441
810813,102.6,103,102.6,103,268,2441
810814,103.5,104,103.5,103.9,251,2527
810817,104.15,104.65,104,104.61,525,2540
810818,104.4,104.4,103.6,103.74,248,2407
810819,103.8,104.1,103.7,103.93,281,2489
810820,104.3,104.5,103.5,103.6,185,2600
810821,103.35,103.35,102.5,102.67,444,2725
810824,101.75,102.25,101.4,101.47,811,3015
810825,101.25,101.3,100.9,101.13,784,3061
810826,101.45,101.46,100.7,100.76,322,3011
810827,100.5,100.55,100.22,100.4,300,3052
810828,100.65,101,100.35,100.63,446,3177
810831,100.15,100.2,99.65,99.75,589,3301
810901,99.6,99.7,99.3,99.46,1014,3589
810902,99.4,99.8,99.25,99.75,261,3675
810903,99.9,100,99.4,99.96,357,3793
810904,100.1,100.1,99.8,99.8,294,3885
810908,99.6,99.6,98.4,98.61,661,3715
810909,98.3,98.55,98,98.39,1378,4176
810910,98.5,99,98.35,98.5,867,4453
810911,98.45,98.8,98.2,98.5,435,4632
810914,98.5,99.05,98.4,98.96,1169,4904
810915,99.5,99.9,99.15,99.85,823,4863
810916,99.7,99.75,99.15,99.5,511,5032
810917,99.3,99.4,99.1,99.26,372,5384
810918,99.28,99.3,98.85,98.99,268,5472
810921,99.15,99.25,98.91,99.15,305,5531
810922,99.15,99.35,99,99.05,293,5652
810923,99.27,99.8,99.05,99.75,717,5765
810924,100.1,100.4,99.6,100.27,983,5576
810925,99.7,99.9,99.4,99.75,589,5721
810928,99.25,99.8,99.25,99.79,433,5766
810929,100.15,100.15,99.9,100.05,284,5894
810930,100.3,100.3,100,100.1,618,6016
811001,100.3,100.35,100.1,100.28,535,6024
811002,100.35,100.45,100.05,100.15,547,6026
811005,100.5,100.65,100.3,100.65,764,5974
811006,100.75,101.25,100.75,101.05,838,6151
811007,100.9,100.95,100.8,100.94,313,6107
811008,101.25,101.75,101.15,101.71,1046,6203
811009,101.85,102.05,101.85,102,586,6319
811012,101.45,101.65,101.4,101.41,437,6376
811013,101.25,101.5,100.45,101.45,353,6158
811014,101.6,101.89,101.6,101.85,398,6235
811015,102,102.6,102,102.6,1180,6742
811016,102.7,102.7,102,102.15,1012,6963
811019,102.5,102.5,102.22,102.45,1134,7218
811020,102.65,102.65,102.41,102.6,549,7373
811021,102.9,102.99,102.75,102.85,927,7605
811022,102.35,102.5,100.9,101.01,2333,7973
811023,101.1,101.6,101,101.45,1156,8242
811026,101.9,102.45,101.75,101.93,1153,8434
811027,102.75,102.75,102.25,102.3,920,8694
811028,101.9,102.3,101.75,102.26,1252,8780
811029,101.95,102.4,101.9,102.35,1592,9172
811030,102.75,103.15,102.7,102.85,1406,9195
811102,102.55,102.9,102.3,102.89,1038,9175
811103,102.99,103.1,102.8,103.05,845,9113
811104,103.16,103.25,103.05,103.2,795,9144
811105,103.4,103.4,102.6,102.68,1490,9580
811106,102.45,103.05,102.35,102.99,1327,9933
811109,103,103.2,102.6,103.19,908,9870
811110,103,103.2,102.95,103.18,1091,10182
811111,103.25,103.35,102.91,103.03,1085,10411
811112,102.85,103.05,102.8,102.97,715,10656
811113,102.9,103.05,102.85,102.98,959,10816
811116,102.7,102.9,102.6,102.69,813,10960
811117,102.55,102.7,102.45,102.7,1314,11323
811118,102.75,102.89,102.3,102.39,1174,11352
811119,102.75,102.8,102.52,102.78,918,11785
811120,102.9,103.03,102.85,103,1071,11878
811123,103.1,103.15,102.9,103.02,1064,12075
811124,102.95,103.08,102.9,103.04,693,12229
811125,103,103.25,102.95,103.03,910,12460
811127,103.05,103.1,102.6,102.68,1129,12496
811130,102.5,102.5,102.1,102.24,2158,12609
811201,102.1,102.1,101.36,101.51,3306,13708
811202,101.25,102.15,101.25,101.61,3857,13083
811203,101.85,102,101.7,101.85,1988,13492
811204,101.3,101.65,101.25,101.52,3126,14078
811207,101.75,101.8,101.1,101.17,1805,13656
811208,100.9,100.95,100.55,100.58,3042,13910
811209,100.25,100.5,100.15,100.21,2131,14120
811210,99.3,99.3,98.21,98.25,5252,14469
811211,98.7,99.25,98.25,98.5,3034,14625
811214,98.9,99.75,98.9,99.38,3464,15086
811215,99.8,99.9,99.3,99.59,1799,14859
811216,99.45,99.46,98.8,98.95,1939,14844
811217,99.35,99.39,98.91,99.14,1455,14526
811218,99.39,99.9,99.39,99.85,1732,14347
811221,100.2,100.3,99.9,100.06,1969,14596
811222,99.75,99.85,98.9,99.14,2553,14208
811223,99,99.5,98.66,99.24,2414,14221
811228,98.6,98.9,98.1,98.21,2923,13452
811229,97.8,97.8,97.35,97.39,2996,13696
811230,97.5,97.7,97.2,97.32,1726,13910
811231,97.2,97.35,96.6,96.7,2348,14026
820104,96.4,96.4,95,95.14,3655,12787
820105,95.35,95.9,94.85,95.13,3272,12848
820106,95.5,95.75,95.05,95.69,1899,13069
820107,96.1,96.4,95.5,95.73,2202,12440
820108,95.25,95.9,94.7,95.26,3914,11671
820111,96,96.1,95.3,95.44,2372,11361
820112,95.6,95.6,95.05,95.09,2127,10428
820113,94.8,95.7,94.55,95.68,2466,8972
820114,94.8,95.45,94.75,95.25,1857,9191
820115,96.15,97.2,95.9,97,2266,8260
820118,97.25,97.4,96.65,97.05,1124,8235
820119,96.35,96.4,95.5,95.55,1979,8341
820120,94.95,95.2,94.7,94.85,2221,8395
820121,94.65,94.65,92.95,93.08,1833,8290
820122,93,93.15,92.75,93.05,1971,7259
820125,93.4,94.75,93.25,94.62,1303,6881
820126,93.8,93.9,93.2,93.3,849,6407
820127,92.35,92.45,91.4,91.5,1542,6412
820128,91.1,91.2,90.2,90.48,2129,6352
820129,89.95,89.95,89.5,89.7,1975,5001
