911227,52,52.2,50,50,15,14
911230,49.46,49.46,49.46,49.46,0,12
911231,49.72,49.72,49.72,49.72,0,12
920102,51.6,51.6,51.06,51.06,4,12
920103,50.85,50.85,50.85,50.85,0,12
920106,51.05,51.05,51.05,51.05,0,12
920107,49.82,49.82,49.82,49.82,0,12
920108,49.01,49.01,49.01,49.01,0,12
920109,49.25,49.25,49.25,49.25,0,12
920110,50.25,50.25,50.25,50.25,0,12
920113,51.24,51.24,51.24,51.24,0,12
920114,50.45,50.45,50.45,50.45,0,12
920115,51.08,51.08,51.08,51.08,0,12
920116,51.31,51.31,51.31,51.31,0,12
920117,51.8,51.8,51.8,51.8,0,12
920120,51.73,51.73,51.73,51.73,0,12
920121,51.01,51.01,51.01,51.01,0,12
920122,51,51.4,51,51.15,34,46
920123,50.77,50.77,50.77,50.77,0,46
920124,51.5,51.5,51.5,51.5,0,46
920127,52.15,52.15,52.15,52.15,0,46
920128,51.65,51.65,51.65,51.65,0,46
920129,51.5,51.5,51.5,51.5,0,46
920130,51.59,51.59,51.59,51.59,0,46
920131,52.04,52.04,52.04,52.04,10,56
920203,51.95,51.95,51.95,51.95,0,46
920204,53.55,53.55,52.8,52.8,0,46
920205,52.45,52.45,52.45,52.45,0,46
920206,52.2,52.2,52.2,52.2,0,1
920207,52.5,52.5,52.5,52.5,1,46
920210,52.71,52.71,52.71,52.71,0,46
920211,51.9,51.9,51.9,51.9,0,46
920212,51.85,51.85,51.85,51.85,0,46
920213,52.8,52.8,52.8,52.8,0,46
920214,52.45,52.45,52.45,52.45,0,46
920218,50.37,50.37,50.37,50.37,0,46
920219,51.17,51.17,51.17,51.17,25,65
920220,51.39,51.39,51.39,51.39,0,65
920221,51.15,51.15,51.15,51.15,0,65
920224,50.81,50.81,50.81,50.81,0,65
920225,50.81,50.81,50.81,50.81,0,65
920226,50.72,50.72,50.72,50.72,0,65
920227,51.45,51.45,51.45,51.45,0,65
920228,50.96,50.96,50.96,50.96,0,65
920302,50.28,50.28,50.28,50.28,0,65
920303,50,50.93,49.5,50.93,12,73
920304,51.05,51.05,51.05,51.05,0,72
920305,50.85,50.85,50.85,50.85,0,72
920306,50.59,50.59,50.59,50.59,0,72
920309,50.91,50.91,50.91,50.91,0,69
920310,51.25,51.25,51.25,51.25,0,72
920311,51.25,51.45,51.25,51.45,30,86
920312,51.55,51.55,51.55,51.55,0,86
920313,52.25,52.25,52.25,52.25,0,86
920316,52.15,52.15,52.15,52.15,0,86
920317,52.15,52.19,52.15,52.19,1,85
920318,51.69,51.69,51.69,51.69,0,85
920319,52.35,52.35,52.35,52.35,0,85
920320,51.37,51.37,51.37,51.37,0,85
920323,51.61,51.61,51.61,51.61,0,85
920324,52.2,52.2,51.67,51.67,1,86
920325,51.67,51.7,51.67,51.7,1,86
920326,52.02,52.02,52.02,52.02,0,86
920327,51.85,51.85,51.85,51.85,0,86
920330,52,52.28,52,52.28,5,86
920331,52.3,52.55,52.3,52.55,9,84
920401,53.29,53.29,53.29,53.29,0,84
920402,53.11,53.11,53.11,53.11,0,84
920403,53.3,54.2,53.3,54.2,12,75
920406,54.5,54.5,54.3,54.3,2,75
920407,54.05,54.05,54.05,54.05,8,75
920408,54.49,54.49,54.49,54.49,0,75
920409,53.8,53.8,53.8,53.8,0,75
920410,54.3,54.3,54.3,54.3,0,75
920413,53.69,53.69,53.69,53.69,0,75
920414,52.95,52.95,52.95,52.95,0,75
920415,53,53.32,53,53.32,2,77
920416,53.9,53.9,53.67,53.67,6,77
920420,54.07,54.07,54.07,54.07,60,73
920421,54.22,54.22,54.22,54.22,0,73
920422,53.34,53.34,53.34,53.34,0,73
920423,52.92,52.92,52.92,52.92,0,73
920424,53.2,53.2,53.2,53.2,0,73
920427,53.35,53.35,53.35,53.35,0,73
920428,53.9,53.9,53.51,53.51,19,85
920429,54.53,54.53,54.53,54.53,0,85
920430,54.53,54.53,54.53,54.53,0,85
920501,54.49,54.49,54.49,54.49,0,85
920504,55.25,55.25,55.25,55.25,0,85
920505,54.47,54.47,54.47,54.47,0,85
920506,54.75,54.75,54.75,54.75,0,85
920507,54.6,54.6,54.6,54.6,0,85
920508,54.8,54.8,54.8,54.8,0,85
920511,55.5,55.5,55.5,55.5,0,85
920512,55.1,55.1,55.1,55.1,0,85
920513,54.85,54.85,54.85,54.85,0,85
920514,54.7,54.7,54.7,54.7,0,85
920515,55.02,55.02,55.02,55.02,0,85
920518,54.92,54.92,54.92,54.92,0,85
920519,55,55,54.1,54.1,9,93
920520,53.53,53.53,53.53,53.53,0,92
920521,54.77,54.77,54.77,54.77,0,92
920522,54.91,54.91,54.91,54.91,0,92
920526,57.2,57.2,57.2,57.2,0,92
920527,57.4,57.4,57.2,57.2,5,97
920528,57.13,57.13,57.13,57.13,0,97
920529,57.18,57.18,57.18,57.18,0,97
920601,57.15,57.15,57.15,57.15,62,126
920602,57.33,57.33,57.33,57.33,0,126
920603,57.84,57.84,57.84,57.84,0,126
920604,57.7,57.7,57.67,57.67,2,126
920605,57.91,57.91,57.91,57.91,0,126
920608,57.6,57.6,57.43,57.43,6,124
920609,57.3,57.3,57.09,57.09,2,120
920610,57.87,57.87,57.87,57.87,3,123
920611,58.2,58.2,57.38,57.38,42,142
920612,57.65,57.65,57.65,57.65,0,142
920615,58.25,58.25,57.37,57.37,3,145
920616,57.43,57.43,57.43,57.43,1,144
920617,57.45,57.45,57.45,57.45,0,144
920618,57.6,57.6,57.6,57.6,0,144
920619,57.85,57.85,57.82,57.82,44,136
920622,57.9,58.16,57.9,58.16,1,137
920623,58.63,58.63,58.63,58.63,0,134
920624,59,59.2,59,59.2,79,121
920625,59.1,59.1,58.76,58.76,5,121
920626,58.26,58.26,58.1,58.1,23,134
920629,57.51,57.51,57.51,57.51,0,134
920630,57.4,57.4,56.25,56.25,12,145
920701,56.69,56.69,56.69,56.69,35,180
920702,56.9,57.32,56.9,57.32,11,182
920706,56.71,56.71,56.71,56.71,17,189
920707,56.5,56.5,56.13,56.13,18,196
920708,56.35,56.6,56.35,56.6,1,196
920709,56.7,56.76,56.7,56.76,7,215
920710,57.2,57.2,56.6,56.77,17,192
920713,57.3,57.3,56.75,56.75,119,250
920714,57,57,56.85,56.85,160,283
920715,56.5,57.06,56.5,57.06,99,363
920716,56.8,57.01,56.8,57.01,7,363
920717,57.3,57.3,56.84,56.84,40,376
920720,56.6,57.15,56.6,57.15,32,375
920721,57.55,57.55,56.63,56.63,1,376
920722,57.3,57.3,57,57,7,383
920723,57.3,57.3,57.25,57.25,8,390
920724,57.35,57.58,57.3,57.58,10,396
920727,57,57.67,57,57.67,155,386
920728,57.57,57.57,57.57,57.57,0,373
920729,57.1,57.1,57.01,57.01,2,375
920730,56.9,57.15,56.58,56.58,51,395
920731,56.8,57.02,56.8,57.02,6,399
920803,57.4,57.4,56.43,56.43,15,401
920804,56.45,56.45,56.09,56.09,56,428
920805,56,56.6,56,56.11,86,460
920806,56.7,57,56.3,56.57,262,663
920807,56.5,56.55,56.33,56.33,67,716
920810,56.2,56.3,55.92,55.92,38,736
920811,55.92,56.12,55.79,55.79,80,808
920812,56,56.25,55.8,56.15,47,830
920813,56.5,56.65,56.41,56.41,117,752
920814,56.53,56.53,56.53,56.53,20,788
920817,56.8,56.85,56.8,56.85,2,789
920818,56.69,56.69,56.69,56.69,110,839
920819,56.6,56.6,56.5,56.5,245,779
920820,56.4,56.62,56.35,56.53,374,850
920821,56.55,56.55,56.25,56.25,38,833
920824,56.7,57.23,56.7,57.23,102,887
920825,57.3,57.3,56.56,56.56,214,1020
920826,56.2,56.5,56.2,56.49,17,970
920827,56.23,56.23,56.23,56.23,214,1128
920828,56.85,56.85,56.83,56.83,43,1088
920831,57,57.5,56.9,57.45,199,1190
920901,57.25,57.4,57,57.2,180,1351
920902,57.15,57.3,57.05,57.05,178,1379
920903,56.91,56.91,56.91,56.91,26,1396
920904,57.05,57.05,56.72,56.72,100,1399
920908,57.25,57.25,57,57.1,263,1377
920909,57.05,57.38,57.05,57.38,28,1365
920910,57.5,57.64,57.25,57.64,162,1423
920911,57.6,57.83,57.6,57.83,21,1377
920914,58.3,58.3,58,58.21,20,1377
920915,57.8,58.1,57.8,58.08,237,1483
920916,57.7,58.01,57.6,58.01,254,1501
920917,57.9,57.96,57.6,57.96,66,1526
920918,57.7,57.7,57.31,57.31,51,1525
920921,57.3,57.53,57.3,57.53,109,1562
920922,58,58.1,57.8,57.88,215,1638
920923,57.8,58.31,57.8,58.31,276,1676
920924,58.25,58.25,57.9,57.9,78,1659
920925,57.9,57.9,57.76,57.76,2,1634
920928,58.05,58.05,58.05,58.05,70,1677
920929,57.95,57.95,57.95,57.95,0,1677
920930,57.95,57.95,57.65,57.74,6,1678
921001,57.7,58.05,57.7,57.77,143,1694
921002,57.8,58.05,57.8,57.8,78,1673
921005,57.8,57.84,57.7,57.84,226,1589
921006,57.85,58,57.68,57.68,218,1608
921007,58,58,57.88,57.88,68,1597
921008,58.05,58.17,58.05,58.17,77,1581
921009,58.45,59.1,58.45,58.9,16,1571
921012,58.95,58.95,58.95,58.95,35,1583
921013,58.95,58.95,58.4,58.4,24,1577
921014,58.6,58.7,58.45,58.53,243,1707
921015,58.5,59.15,58.5,59.14,29,1698
921016,59.15,59.15,58.9,59,34,1701
921019,58.85,58.85,58.85,58.85,298,1698
921020,58.75,58.9,58.65,58.65,115,1730
921021,58.6,58.6,57.6,57.7,497,1826
921022,57.85,57.85,57.23,57.23,222,1759
921023,57.4,57.4,57,57.23,184,1786
921026,57.05,57.3,56.8,57.23,186,1830
921027,57.4,57.45,56.95,56.95,125,1824
921028,56.55,57.1,56.5,57.1,880,2038
921029,56.7,56.8,56.3,56.39,827,1828
921030,55.9,56.9,55.9,56.55,1947,3079
921102,56.8,56.8,56.45,56.6,1112,3232
921103,56.5,56.6,56.5,56.5,630,3232
921104,56,56.5,55.8,56.41,1400,3755
921105,56.2,56.8,56,56.72,1281,4287
921106,56.65,56.65,55.95,55.98,1216,4602
921109,56.25,56.56,56,56.56,403,4373
921110,56.65,56.7,56.35,56.47,467,4361
921111,56.25,56.5,56.25,56.44,263,4357
921112,56.2,56.25,55.9,55.95,285,4429
921113,55.6,55.65,55.2,55.2,93,4475
921116,55.5,55.9,55.5,55.72,420,4333
921117,55.7,55.7,55.41,55.41,426,4426
921118,55.1,55.4,55.1,55.12,804,4393
921119,55.4,56.3,55.4,56.11,664,4654
921120,56.1,56.1,56.04,56.04,983,4904
921123,55.6,55.7,55.25,55.25,874,4964
921124,55.35,55.35,55.2,55.23,632,4835
921125,55.4,55.4,55.25,55.37,999,4709
921130,55.2,55.35,54.41,54.41,611,4720
921201,54.1,54.4,53.7,53.87,1197,4780
921202,53.85,54,53.6,53.85,592,4760
921203,53.6,53.7,53.05,53.24,1393,5069
921204,53.55,53.75,53.2,53.23,464,5054
921207,53.1,53.85,53,53.85,427,5123
921208,53.95,54,53.3,53.44,939,5278
921209,53,53.65,52.9,53.22,862,5339
921210,53.5,54.12,53.5,54.12,483,5363
921211,54.1,54.1,53.49,53.49,663,5695
921214,53.1,53.8,53,53.63,522,5619
921215,53.5,53.6,53.25,53.29,757,5910
921216,53.7,54.77,53.7,54.77,909,5793
921217,54.8,55.68,54.5,55.68,658,5888
921218,55.4,55.65,55.35,55.65,512,6030
921221,55.65,55.9,55.5,55.81,580,6140
921222,55.65,55.7,55.25,55.39,477,6295
921223,55.7,55.86,55.35,55.86,1250,6589
921228,55.8,55.8,55.57,55.57,330,6397
921229,55.2,55.3,55.1,55.3,683,6812
921230,55.3,55.4,54.95,55.1,1309,7018
921231,54.8,54.9,54.75,54.88,273,7004
930104,54.4,54.55,53.65,53.76,1919,7203
930105,53.7,54.13,53.6,54.13,508,7146
930106,53.25,53.65,53.25,53.62,1336,7498
930107,54,54,53.5,53.61,2500,8656
930108,53.85,53.85,53.2,53.61,964,8380
930111,53.9,53.9,53.23,53.23,887,8273
930112,53.05,53.05,52.5,52.5,1471,8654
930113,52.6,53.15,52.1,52.74,1288,8798
930114,52.6,53.1,52.6,52.81,1177,9337
930115,53,53.5,53,53.09,442,9156
930118,53.4,53.5,53.11,53.11,1632,8869
930119,53,53,52.7,52.73,1013,8974
930120,52.35,52.65,52.05,52.05,2213,9369
930121,52.2,52.7,52.2,52.56,1061,9628
930122,52.8,52.95,52.6,52.89,1212,9970
930125,54,54.8,53.85,54.7,1216,10060
930126,54.6,54.85,54.4,54.71,2243,10145
930127,54.7,54.7,54.2,54.45,1686,10457
930128,54.7,57.15,54.7,56.28,5078,11280
930129,56.35,56.7,55.95,56.19,3893,11737
930201,56.7,56.9,56,56.24,1954,11970
930202,56.4,56.4,55.3,55.41,1899,11960
930203,55.45,55.55,55.1,55.3,2450,12240
930204,55.7,56.25,55.6,55.95,2997,12786
930205,55.9,56.35,55.55,55.95,2852,12549
930208,56,56,55.6,55.71,1569,13116
930209,55.5,55.5,55.3,55.32,835,13273
930210,56.2,56.2,55.55,55.55,3337,13355
930211,55.2,55.8,55.2,55.66,2110,13624
930212,55.7,55.7,54.8,54.82,3210,14723
930216,54.6,55,54,54.08,2191,14745
930217,54,54.5,53.45,53.88,1362,14687
930218,53.55,54.55,53.55,54.33,2399,15006
930219,54.55,55.25,54.55,55.13,2383,15549
930222,55.9,56.35,55.75,56.3,5151,15851
930223,57.05,57.1,56.65,56.72,4452,16252
930224,56.8,57.05,56.45,56.8,5236,17125
930225,57.7,57.7,56.9,57.63,9760,18259
930226,57.3,57.8,56.9,57.26,9370,20231
930302,56.7,57,56.65,56.92,4857,20076
930303,57.05,57.3,56.85,57.15,6382,19412
930304,57.75,58.55,57.65,58.45,6472,19494
930305,58.2,58.7,58,58.08,4048,19236
930308,57.75,57.75,57.1,57.36,7143,20095
930309,57.1,57.8,57.1,57.45,6754,21240
930310,58.1,58.4,56.75,57,6852,22236
930311,57.25,57.3,56.1,56.27,10213,23291
930312,56.7,57.3,56.6,57.22,10636,26432
930315,57.9,58,56.5,56.51,19092,32163
930316,56.3,57,56.2,56.95,9847,31971
930317,56.5,57.25,56.3,56.79,6876,33202
930318,57.1,57.3,56.85,57.12,9208,34518
930319,57.35,57.6,56.5,56.58,7901,34877
930322,56.7,56.75,55.4,55.61,11346,34261
930323,55.9,56.35,55.6,56.26,11369,34635
930324,56.1,56.6,56.1,56.45,10646,35754
930325,56.35,56.9,56.2,56.69,9767,35282
930326,56.05,56.7,56,56.63,11771,36529
930329,56.3,57.2,56.2,56.29,19267,37455
930330,55.95,56.35,55.6,55.87,19812,38935
930331,55.8,56.3,55.75,56.11,23838,42107
930401,56.2,57.1,56.2,56.65,14728,40734
930402,56.85,57.3,56.6,57.24,13542,41056
930405,57.35,57.55,56.7,56.95,10080,40911
930406,56.4,56.6,55.7,55.95,14969,39290
930407,56.15,56.6,55.9,56.55,11853,37728
930408,56.35,56.35,55,55.99,19920,36909
930412,55.7,56.85,55.6,56.52,12697,35285
930413,56.4,56.7,56.05,56.09,11456,34023
930414,55.45,56.3,55.4,56.01,14876,32449
930415,56.21,56.5,55.7,55.92,11934,31111
930416,55.9,55.95,55.6,55.87,9182,29891
930419,55.7,55.85,55.4,55.49,8725,29366
930420,55.3,55.6,55,55.13,14392,27379
930421,55.55,55.65,55.15,55.18,12442,24772
930422,55.05,55.1,54.5,54.84,11162,22781
930423,54.7,55.9,54.55,55.82,11928,21688
930426,55.95,56.1,55.4,55.71,9662,19861
930427,55.55,55.75,55.25,55.36,9657,17678
930428,55.2,55.4,54.95,55.14,10103,14780
930429,55.5,56.3,55.45,55.96,17894,9789
930430,55.8,56.15,55.25,55.49,13724,1224
