631011,7.82,7.82,7.82,7.82,2,0
631014,7.82,7.82,7.82,7.82,0,2
631015,8.11,8.11,8.11,8.11,0,2
631016,8.11,8.11,8.11,8.11,0,2
631017,8.5,8.5,8.5,8.5,7,2
631018,8.61,8.61,8.61,8.61,15,2
631021,9.11,9.11,9.1,9.1,4,9
631022,8.87,8.87,8.53,8.53,2,13
631023,9,9,9,9,0,12
631024,9,9.15,9,9,11,13
631025,8.95,8.99,8.84,8.84,8,12
631028,8.42,8.42,8.42,8.42,1,16
631029,8.5,8.82,8.5,8.82,9,17
631030,9,9,9,9,0,15
631031,8.95,8.95,8.95,8.95,5,15
631101,8.85,8.85,8.7,8.75,5,15
631104,8.75,8.75,8.75,8.75,0,15
631106,8.25,8.25,8.25,8.25,5,15
631107,8.18,8.25,8.18,8.18,9,17
631108,7.89,7.99,7.89,7.99,30,19
631112,8.25,8.4,8.25,8.34,8,37
631113,8.09,8.09,7.84,7.87,10,41
631114,7.95,8,7.95,8,6,41
631115,8,8,8,8,1,42
631118,7.5,7.69,7.5,7.5,30,42
631119,7.55,7.62,7.55,7.62,10,46
631120,7.85,7.9,7.15,7.15,22,49
631121,7.25,7.25,7.2,7.2,6,41
631122,7.02,7.2,7.02,7.02,35,44
631126,7.1,7.1,7.1,7.1,4,55
631127,7.32,7.9,7.32,7.9,5,54
631129,8,8.2,8,8.2,23,54
631202,8.25,8.25,8.25,8.25,0,66
631203,8.17,8.17,8.17,8.17,2,66
631204,7.87,8,7.66,8,6,67
631205,7.5,7.5,7.5,7.5,0,69
631206,7.1,7.2,7,7,33,69
631209,7.4,7.5,7.4,7.5,14,83
631210,7.7,7.85,7.55,7.85,14,78
631211,7.64,7.75,7.55,7.55,20,79
631212,7.3,7.3,7.02,7.15,7,80
631213,7,7.2,6.92,6.92,13,78
631216,6.97,7.42,6.97,7.42,5,80
631217,7.7,7.91,7.7,7.91,5,80
631218,7.7,7.87,7.7,7.7,6,80
631219,7.35,7.35,7.1,7.15,5,83
631220,7.43,7.43,7.43,7.43,1,82
631223,7,7,7,7,0,83
631224,7,7,7,7,0,83
631226,7.41,7.41,7.41,7.41,13,83
631227,7.45,7.65,7.45,7.5,2,89
631230,7.5,7.5,7.5,7.5,1,88
631231,7.65,7.65,7.65,7.65,40,89
640102,7.6,7.6,7.48,7.48,2,113
640103,7.4,7.45,7.39,7.45,4,114
640106,7.25,7.35,7.25,7.35,8,116
640107,7.34,7.34,7.34,7.34,0,118
640108,7.4,7.4,7.4,7.4,0,118
640109,7.45,7.7,7.44,7.7,20,118
640110,7.71,7.8,7.71,7.78,15,131
640113,7.8,7.87,7.56,7.56,19,135
640114,7.7,7.7,7.35,7.5,10,130
640115,7.28,7.28,7.28,7.28,0,135
640116,7.33,7.34,7.33,7.34,3,136
640117,7.54,7.6,7.54,7.55,4,136
640120,7.35,7.35,7.35,7.35,2,134
640121,7.22,7.29,7.15,7.27,22,135
640122,7.1,7.35,7.01,7.2,18,138
640123,7.29,7.29,7.2,7.2,3,138
640124,7.1,7.15,7.1,7.15,15,140
640127,7.25,7.3,7.25,7.29,17,134
640128,7.17,7.18,7.17,7.17,6,130
640129,7.15,7.19,7.15,7.15,5,127
640130,7.04,7.04,6.65,6.7,8,128
640131,6.35,6.61,6.35,6.5,33,131
640203,6.2,6.95,6.18,6.6,28,119
640204,6.4,6.63,6.4,6.42,59,123
640205,6.38,6.51,6.38,6.51,9,145
640206,6.35,6.55,6.25,6.25,22,143
640207,6.4,6.57,6.35,6.57,13,150
640210,6.83,7.07,6.83,7.07,59,152
640211,7.15,7.45,7.1,7.33,64,164
640213,7.3,7.3,7.28,7.28,8,191
640214,7.1,7.3,7.1,7.2,21,194
640217,7,7.1,7,7.07,21,190
640218,6.98,7.15,6.91,7.15,34,172
640219,7.11,7.12,6.9,6.9,14,176
640220,6.98,7.25,6.98,7.25,35,183
640224,7,7.09,6.95,6.95,36,183
640225,6.85,6.85,6.75,6.78,30,190
640226,6.83,7,6.83,6.9,15,208
640227,6.79,6.79,6.79,6.79,0,198
640228,6.5,6.64,6.5,6.5,9,198
640302,6.22,6.34,5.98,5.98,139,200
640303,5.8,6.16,5.8,6.02,68,238
640304,5.95,6.06,5.84,5.84,212,274
640305,5.95,6.2,5.95,6.2,85,326
640306,6.03,6.08,5.78,5.9,76,340
640309,5.9,5.92,5.75,5.8,94,366
640310,5.93,5.93,5.78,5.9,44,389
640311,6,6.04,5.9,6.04,25,410
640312,6.09,6.54,6,6.54,70,418
640313,6.25,6.46,6.19,6.21,35,451
640316,5.86,5.91,5.8,5.88,32,454
640317,6,6.22,5.83,5.85,38,470
640318,6,6,5.83,5.93,47,474
640319,5.84,6.01,5.76,5.9,75,498
640320,6.06,6.1,5.94,5.95,73,529
640323,5.84,5.86,5.75,5.75,38,549
640324,5.8,5.88,5.77,5.81,65,551
640325,5.88,5.93,5.88,5.9,70,577
640326,5.99,6.22,5.99,6.02,64,585
640330,5.97,6.06,5.95,5.99,62,599
640331,6.08,6.28,6.05,6.18,95,608
640401,6.48,6.55,6.2,6.2,97,653
640402,6.19,6.2,5.9,5.95,91,658
640403,6.08,6.11,5.75,5.85,107,692
640406,6.06,6.07,5.83,5.83,67,710
640407,5.9,6.1,5.9,6.08,37,721
640408,6.14,6.33,6.14,6.27,120,739
640409,6.14,6.15,5.9,5.95,140,744
640410,5.93,6.07,5.93,6.04,57,766
640413,6.06,6.07,6.01,6.04,68,763
640414,5.97,5.99,5.85,5.88,87,751
640415,5.9,5.98,5.64,5.64,74,777
640416,5.65,5.75,5.65,5.67,108,797
640417,5.72,5.9,5.72,5.75,45,840
640420,5.72,5.85,5.72,5.77,27,854
640421,5.87,5.94,5.8,5.88,187,865
640422,5.88,5.97,5.88,5.95,88,909
640423,5.98,5.99,5.8,5.85,90,940
640424,6.01,6.1,5.98,6.07,159,930
640427,5.99,6.05,5.93,6.01,53,940
640428,5.97,5.98,5.88,5.96,125,971
640429,5.93,6,5.88,5.88,105,999
640430,5.93,5.96,5.73,5.73,157,1019
640501,5.76,5.98,5.76,5.81,130,1038
640504,5.85,5.9,5.8,5.83,43,992
640505,5.76,5.78,5.63,5.66,134,997
640506,5.72,5.77,5.55,5.55,116,1009
640507,5.52,5.79,5.52,5.75,144,999
640508,5.82,5.85,5.74,5.75,97,982
640511,5.66,5.77,5.5,5.55,210,972
640512,5.58,5.65,5.51,5.63,117,972
640513,5.7,5.75,5.61,5.62,74,972
640514,5.68,5.68,5.56,5.68,55,975
640515,5.64,5.66,5.53,5.61,100,1001
640518,5.5,5.52,5.41,5.41,133,1005
640519,5.3,5.36,5.2,5.29,169,1049
640520,5.23,5.3,5.15,5.16,150,1054
640521,5.19,5.34,5.19,5.3,250,1030
640522,5.38,5.42,5.13,5.13,110,1029
640525,5.06,5.1,4.9,4.9,138,1049
640526,4.88,4.92,4.77,4.89,191,1068
640527,4.86,4.88,4.74,4.77,171,1024
640528,4.79,4.87,4.69,4.7,109,1022
640601,4.63,4.65,4.42,4.48,158,1055
640602,4.69,4.72,4.54,4.7,103,1077
640603,4.67,4.82,4.62,4.8,99,1072
640604,4.7,4.93,4.7,4.9,107,1084
640605,4.85,4.9,4.79,4.84,81,1103
640608,4.8,4.83,4.61,4.61,117,1089
640609,4.53,4.75,4.51,4.58,85,1115
640610,4.63,4.68,4.49,4.53,120,1130
640611,4.6,4.67,4.54,4.58,103,1154
640612,4.58,4.7,4.58,4.61,89,1149
640615,4.57,4.7,4.57,4.67,57,1147
640616,4.77,4.88,4.77,4.86,130,1156
640617,4.84,4.85,4.73,4.77,86,1172
640618,4.81,4.86,4.7,4.76,181,1202
640619,4.79,4.8,4.76,4.76,20,1262
640622,4.71,4.75,4.63,4.63,87,1261
640623,4.58,4.63,4.56,4.6,206,1375
640624,4.65,4.75,4.62,4.74,150,1338
640625,4.64,4.65,4.53,4.55,189,1367
640626,4.59,4.77,4.56,4.7,128,1377
640629,4.65,4.67,4.59,4.64,32,1423
640630,4.63,4.66,4.58,4.65,74,1441
640701,4.6,4.7,4.6,4.68,175,1461
640702,4.74,4.77,4.69,4.73,205,1585
640706,4.73,4.73,4.61,4.61,62,1675
640707,4.6,4.61,4.55,4.56,145,1667
640708,4.49,4.53,4.48,4.51,119,1692
640709,4.45,4.48,4.37,4.37,170,1732
640710,4.26,4.35,4.26,4.32,295,1742
640713,4.3,4.42,4.28,4.38,175,1712
640714,4.31,4.4,4.31,4.39,119,1645
640715,4.49,4.5,4.4,4.43,140,1653
640716,4.39,4.4,4.29,4.32,70,1671
640717,4.27,4.27,4.2,4.21,211,1663
640720,4.2,4.2,4.16,4.17,68,1683
640721,4.14,4.15,4.1,4.1,70,1684
640722,4.06,4.08,3.96,4.01,197,1693
640723,4,4.14,3.98,4.11,148,1647
640724,4.12,4.19,4.12,4.13,145,1634
640727,4.03,4.05,3.98,3.98,168,1627
640728,3.96,4.05,3.94,4.02,130,1561
640729,4.07,4.12,4.04,4.07,153,1539
640730,4.15,4.22,4.14,4.19,187,1529
640731,4.2,4.3,4.17,4.17,180,1553
640803,4.15,4.15,4.05,4.11,100,1584
640804,4.09,4.17,4.08,4.17,66,1566
640805,4.5,4.62,4.33,4.42,483,1603
640806,4.29,4.37,4.28,4.34,204,1589
640807,4.29,4.45,4.29,4.43,232,1577
640810,4.37,4.37,4.21,4.21,98,1607
640811,4.13,4.26,4.13,4.24,115,1601
640812,4.24,4.27,4.18,4.27,89,1570
640813,4.17,4.19,4.11,4.11,186,1571
640814,4.11,4.12,4.05,4.08,165,1547
640817,4.18,4.2,4.12,4.14,59,1543
640818,4.12,4.15,4.11,4.14,37,1551
640819,4.14,4.15,4.13,4.13,60,1557
640820,4.15,4.17,4.09,4.09,97,1561
640821,4.02,4.07,4,4.03,140,1575
640824,4.03,4.09,4,4,165,1621
640825,4,4.08,4,4.07,148,1671
640826,4.04,4.06,3.92,3.93,212,1708
640827,3.85,3.89,3.8,3.84,196,1710
640828,3.81,3.83,3.78,3.82,112,1710
640831,3.85,3.86,3.81,3.86,291,1727
640901,3.79,3.82,3.77,3.79,199,1754
640902,3.75,3.76,3.72,3.73,130,1797
640903,3.67,3.69,3.61,3.61,307,1797
640904,3.6,3.65,3.59,3.63,152,1883
640908,3.6,3.64,3.59,3.63,220,1897
640909,3.6,3.61,3.55,3.6,237,1830
640910,3.57,3.62,3.54,3.55,199,1852
640911,3.52,3.54,3.51,3.53,139,1862
640914,3.6,3.65,3.58,3.64,293,1890
640915,3.6,3.62,3.53,3.53,229,1958
640916,3.51,3.55,3.48,3.48,137,1969
640917,3.46,3.51,3.43,3.49,170,1960
640918,3.44,3.63,3.44,3.56,364,1942
640921,3.47,3.56,3.47,3.53,140,1978
640922,3.55,3.6,3.55,3.59,108,1958
640923,3.61,3.77,3.61,3.77,251,1942
640924,3.69,3.74,3.65,3.7,235,1951
640925,3.72,3.75,3.64,3.66,250,2021
640928,3.64,3.64,3.55,3.56,202,2054
640929,3.56,3.69,3.55,3.68,132,2085
640930,3.65,3.69,3.58,3.58,202,2078
641001,3.52,3.56,3.49,3.56,186,2121
641002,3.56,3.64,3.56,3.63,79,2090
641005,3.62,3.65,3.57,3.57,96,2092
641006,3.58,3.68,3.58,3.67,189,2130
641007,3.66,3.68,3.63,3.66,77,2140
641008,3.65,3.7,3.65,3.66,98,2157
641009,3.69,3.74,3.69,3.71,144,2168
641013,3.71,3.74,3.66,3.66,35,2170
641014,3.62,3.63,3.6,3.61,40,2165
641015,3.59,3.69,3.58,3.61,139,2157
641016,3.63,3.64,3.58,3.58,132,2171
641019,3.61,3.61,3.59,3.59,32,2162
641020,3.63,3.7,3.63,3.64,153,2171
641021,3.65,3.66,3.61,3.62,54,2213
641022,3.61,3.63,3.61,3.62,56,2213
641023,3.63,3.63,3.62,3.63,38,2220
641026,3.6,3.61,3.59,3.59,43,2195
641027,3.57,3.58,3.53,3.54,193,2188
641028,3.54,3.54,3.53,3.53,73,2162
641029,3.54,3.57,3.53,3.57,33,2159
641030,3.58,3.58,3.56,3.56,21,2148
641102,3.57,3.6,3.57,3.59,15,2146
641104,3.6,3.6,3.56,3.57,19,2140
641105,3.55,3.55,3.52,3.52,65,2137
641106,3.51,3.52,3.48,3.49,93,2173
641109,3.47,3.48,3.43,3.45,126,2164
641110,3.41,3.42,3.34,3.36,207,2189
641112,3.25,3.31,3.25,3.28,145,2134
641113,3.27,3.3,3.27,3.28,89,2099
641116,3.24,3.25,3.15,3.15,227,2095
641117,3.15,3.18,3.08,3.12,148,2148
641118,3.1,3.13,3.09,3.1,127,2139
641119,3.08,3.1,3.02,3.02,156,2142
641120,3.05,3.06,2.98,3.01,100,2160
641123,3,3.03,3,3.01,36,2167
641124,3.04,3.13,3.04,3.1,132,2155
641125,3.19,3.21,3.04,3.04,121,2156
641127,3.04,3.04,2.99,3,109,2155
641130,2.97,2.99,2.96,2.96,106,2178
641201,2.96,2.98,2.9,2.9,95,2163
641202,2.87,2.91,2.86,2.91,77,2155
641203,2.88,2.95,2.88,2.93,86,2145
641204,2.93,2.98,2.9,2.91,138,2154
641207,2.88,2.9,2.85,2.87,129,2153
641208,2.83,2.84,2.81,2.81,93,2158
641209,2.8,2.81,2.75,2.77,133,2144
641210,2.76,2.8,2.76,2.78,255,2102
641211,2.78,2.81,2.78,2.78,112,2013
641214,2.74,2.76,2.71,2.74,120,1988
641215,2.7,2.79,2.7,2.79,38,1956
641216,2.75,2.82,2.74,2.74,113,1939
641217,2.72,2.75,2.7,2.71,80,1948
641218,2.75,2.77,2.73,2.76,54,1971
641221,2.74,2.75,2.71,2.73,52,1972
641222,2.7,2.71,2.64,2.65,114,1962
641223,2.57,2.61,2.55,2.55,112,1959
641224,2.53,2.55,2.52,2.53,36,1968
641228,2.5,2.51,2.46,2.47,126,1963
641229,2.45,2.47,2.42,2.45,137,1941
641230,2.45,2.52,2.45,2.51,126,1878
641231,2.48,2.51,2.48,2.5,72,1901
650104,2.45,2.47,2.43,2.43,95,1881
650105,2.38,2.43,2.38,2.4,117,1864
650106,2.39,2.55,2.39,2.49,119,1826
650107,2.43,2.55,2.43,2.5,148,1751
650108,2.55,2.66,2.55,2.62,334,1735
650111,2.61,2.63,2.56,2.6,129,1698
650112,2.58,2.58,2.55,2.57,119,1682
650113,2.51,2.53,2.5,2.52,85,1613
650114,2.48,2.49,2.35,2.37,200,1592
650115,2.29,2.3,2.25,2.25,187,1532
650118,2.29,2.3,2.25,2.25,187,1532
650119,2.23,2.29,2.17,2.27,171,1482
650120,2.28,2.32,2.21,2.31,141,1426
650121,2.36,2.38,2.32,2.34,298,1380
650122,2.3,2.32,2.27,2.28,119,1183
650125,2.24,2.24,2.2,2.22,66,1141
650126,2.2,2.22,2.2,2.2,42,1115
650127,2.2,2.25,2.17,2.23,122,1112
650128,2.2,2.72,2.19,2.2,75,1057
650129,2.19,2.23,2.18,2.22,105,1020
650201,2.18,2.21,2.18,2.19,58,932
650202,2.19,2.19,2.15,2.15,87,900
650203,2.13,2.15,2.11,2.14,105,837
650204,2.1,2.11,2.07,2.08,75,772
650205,2.06,2.08,2.05,2.07,102,728
650208,2.19,2.25,2.15,2.22,172,670
650209,2.17,2.18,2.11,2.11,101,586
650210,2.02,2.27,2,2.25,365,512
650211,2.21,2.25,2.03,2.03,200,261
