660511,2.68,2.68,2.65,2.66,5,0
660512,2.63,2.63,2.63,2.63,0,3
660513,2.62,2.62,2.62,2.62,1,3
660516,2.62,2.62,2.62,2.62,0,3
660517,2.65,2.65,2.65,2.65,0,3
660518,2.7,2.7,2.7,2.7,0,3
660519,2.7,2.7,2.7,2.7,0,3
660520,2.64,2.64,2.64,2.64,0,3
660523,2.62,2.62,2.57,2.58,7,3
660524,2.52,2.53,2.5,2.5,22,7
660525,2.5,2.52,2.5,2.52,18,25
660526,2.54,2.54,2.54,2.54,1,38
660527,2.54,2.54,2.54,2.54,0,37
660531,2.53,2.54,2.5,2.5,13,37
660601,2.5,2.52,2.5,2.51,30,37
660602,2.53,2.59,2.53,2.59,41,63
660603,2.62,2.62,2.56,2.56,30,78
660606,2.5,2.5,2.46,2.46,27,94
660607,2.48,2.52,2.48,2.5,49,111
660608,2.46,2.51,2.46,2.5,13,127
660609,2.5,2.5,2.5,2.5,12,135
660610,2.49,2.49,2.47,2.47,12,137
660613,2.48,2.52,2.48,2.52,11,140
660614,2.5,2.53,2.48,2.48,21,150
660615,2.54,2.55,2.54,2.55,10,160
660616,2.55,2.55,2.54,2.54,2,165
660617,2.5,2.5,2.5,2.5,4,166
660620,2.49,2.5,2.48,2.49,15,168
660621,2.47,2.49,2.47,2.48,21,179
660622,2.5,2.54,2.49,2.54,19,191
660623,2.52,2.53,2.52,2.53,7,205
660624,2.58,2.61,2.58,2.59,31,208
660627,2.58,2.58,2.56,2.57,7,224
660628,2.57,2.57,2.54,2.54,15,226
660629,2.52,2.54,2.52,2.53,29,235
660630,2.52,2.52,2.5,2.51,48,236
660701,2.53,2.54,2.53,2.53,25,259
660705,2.52,2.58,2.52,2.57,5,274
660706,2.56,2.59,2.56,2.59,18,276
660707,2.58,2.63,2.58,2.62,24,285
660708,2.6,2.64,2.6,2.61,16,297
660711,2.59,2.59,2.56,2.58,70,308
660712,2.55,2.56,2.55,2.55,17,372
660713,2.57,2.63,2.56,2.62,74,376
660714,2.59,2.65,2.59,2.65,51,394
660715,2.65,2.66,2.62,2.62,78,430
660718,2.65,2.69,2.65,2.68,66,483
660719,2.68,2.72,2.67,2.71,69,496
660720,2.71,2.71,2.68,2.69,70,522
660721,2.64,2.64,2.63,2.63,42,546
660722,2.62,2.63,2.6,2.6,23,555
660725,2.58,2.61,2.58,2.59,26,572
660726,2.6,2.61,2.56,2.56,65,585
660727,2.54,2.59,2.52,2.58,114,610
660728,2.58,2.68,2.58,2.63,53,639
660729,2.62,2.64,2.62,2.64,26,673
660801,2.58,2.6,2.58,2.58,20,692
660802,2.6,2.6,2.59,2.59,4,695
660803,2.61,2.63,2.61,2.62,9,670
660804,2.59,2.62,2.59,2.59,36,673
660805,2.56,2.57,2.56,2.57,15,685
660808,2.54,2.57,2.54,2.56,29,693
660809,2.56,2.58,2.55,2.56,38,708
660810,2.58,2.58,2.56,2.56,9,716
660811,2.56,2.57,2.55,2.57,12,722
660812,2.55,2.57,2.55,2.57,13,722
660815,2.55,2.55,2.52,2.52,16,728
660816,2.52,2.52,2.51,2.51,46,733
660817,2.51,2.53,2.51,2.51,42,742
660818,2.51,2.51,2.48,2.5,17,762
660819,2.48,2.48,2.41,2.41,84,773
660822,2.42,2.43,2.4,2.4,62,790
660823,2.42,2.42,2.33,2.33,51,784
660824,2.31,2.33,2.31,2.31,40,774
660825,2.31,2.32,2.26,2.29,65,766
660826,2.32,2.34,2.27,2.28,35,771
660829,2.27,2.27,2.18,2.18,94,770
660830,2.2,2.2,2.15,2.16,135,763
660831,2.15,2.18,2.15,2.17,134,810
660901,2.16,2.18,2.12,2.12,68,880
660902,2.1,2.11,2.06,2.06,64,851
660906,2.03,2.06,2.03,2.04,212,857
660907,2.06,2.09,2.04,2.04,14,853
660908,2.03,2.05,2.02,2.02,82,853
660909,2.06,2.13,2.06,2.13,42,888
660912,2.22,2.22,2.17,2.17,42,889
660913,2.11,2.18,2.11,2.17,72,897
660914,2.19,2.24,2.19,2.21,44,939
660915,2.14,2.15,2.13,2.13,34,921
660916,2.11,2.15,2.09,2.1,16,929
660919,2.06,2.07,2.03,2.03,33,923
660920,2.01,2.04,2.01,2.01,37,933
660921,2,2.06,2,2.03,30,939
660922,2,2.06,1.98,2.02,88,944
660923,2.05,2.07,2.03,2.05,22,921
660926,2.07,2.07,2.02,2.02,31,930
660927,2,2.04,1.99,2.03,29,937
660928,2.04,2.1,2.04,2.09,28,949
660929,2.13,2.17,2.13,2.16,114,964
660930,2.17,2.18,2.1,2.13,57,1005
661003,2.11,2.13,2.07,2.11,38,1000
661004,2.1,2.1,2.07,2.07,34,1009
661005,2.1,2.12,2.08,2.1,70,1015
661006,2.12,2.13,2.09,2.1,29,1018
661007,2.1,2.11,2.02,2.04,70,1011
661010,2.04,2.04,2.02,2.02,20,1019
661011,2,2.01,1.99,1.99,69,1019
661013,1.99,2.02,1.99,2,35,1044
661014,2.04,2.04,2.01,2.01,35,1057
661017,2.03,2.05,2.03,2.04,70,1036
661018,2.01,2.02,2.01,2.01,33,1050
661019,2.01,2.01,1.93,1.94,161,1050
661020,1.95,1.96,1.94,1.96,52,1079
661021,1.95,1.97,1.91,1.92,49,1073
661024,1.91,1.92,1.83,1.83,91,1075
661025,1.83,1.85,1.82,1.83,93,1075
661026,1.85,1.86,1.85,1.85,42,1059
661027,1.89,1.9,1.83,1.83,73,1053
661028,1.82,1.88,1.81,1.88,56,1077
661031,1.89,1.89,1.84,1.85,60,1096
661101,1.84,1.84,1.83,1.84,19,1084
661102,1.82,1.84,1.81,1.84,27,1084
661103,1.81,1.82,1.8,1.81,62,1083
661104,1.8,1.82,1.79,1.81,49,1105
661107,1.78,1.79,1.77,1.77,63,1115
661109,1.73,1.75,1.71,1.71,142,1136
661110,1.72,1.73,1.7,1.72,126,1146
661114,1.72,1.78,1.72,1.77,36,1183
661115,1.8,1.82,1.78,1.81,92,1180
661116,1.78,1.84,1.78,1.82,72,1170
661117,1.81,1.86,1.81,1.81,58,1185
661118,1.8,1.81,1.77,1.77,44,1213
661121,1.79,1.8,1.78,1.78,33,1221
661122,1.75,1.81,1.75,1.79,38,1209
661123,1.79,1.83,1.79,1.82,34,1216
661125,1.79,1.81,1.79,1.8,66,1217
661128,1.78,1.78,1.76,1.76,21,1257
661129,1.76,1.81,1.74,1.8,61,1259
661130,1.84,1.86,1.82,1.82,105,1262
661201,1.81,1.81,1.79,1.81,11,1234
661202,1.8,1.82,1.8,1.8,43,1234
661205,1.79,1.83,1.79,1.82,27,1256
661206,1.82,1.83,1.81,1.81,82,1264
661207,1.78,1.78,1.77,1.77,34,1276
661208,1.77,1.78,1.76,1.77,22,1270
661209,1.76,1.78,1.76,1.76,48,1265
661212,1.76,1.76,1.73,1.74,92,1257
661213,1.72,1.73,1.7,1.72,108,1280
661214,1.73,1.74,1.73,1.73,48,1316
661215,1.72,1.72,1.71,1.71,38,1327
661216,1.69,1.69,1.68,1.68,105,1340
661219,1.65,1.66,1.63,1.63,128,1387
661220,1.63,1.66,1.63,1.66,109,1422
661221,1.68,1.71,1.67,1.67,133,1442
661222,1.64,1.67,1.64,1.67,26,1463
661223,1.67,1.68,1.66,1.68,22,1476
661227,1.67,1.67,1.64,1.64,100,1483
661228,1.62,1.63,1.61,1.62,46,1479
661229,1.61,1.61,1.6,1.6,95,1472
661230,1.58,1.59,1.58,1.58,80,1501
670103,1.59,1.59,1.54,1.55,64,1522
670104,1.53,1.53,1.49,1.5,70,1538
670105,1.46,1.47,1.43,1.43,134,1551
670106,1.46,1.48,1.45,1.46,105,1610
670109,1.5,1.59,1.49,1.56,130,1546
670110,1.54,1.54,1.51,1.51,65,1531
670111,1.52,1.52,1.49,1.5,89,1529
670112,1.51,1.57,1.5,1.56,103,1569
670113,1.58,1.62,1.58,1.6,117,1569
670116,1.58,1.59,1.55,1.57,44,1569
670117,1.53,1.55,1.52,1.55,57,1569
670118,1.55,1.6,1.55,1.6,77,1570
670119,1.62,1.64,1.61,1.64,109,1593
670120,1.64,1.68,1.64,1.65,201,1596
670123,1.74,1.82,1.74,1.82,260,1626
670124,1.78,1.89,1.77,1.87,345,1617
670125,1.89,1.98,1.8,1.8,264,1663
670126,1.91,1.92,1.84,1.88,240,1653
670127,1.94,1.97,1.92,1.96,206,1616
670130,2.09,2.1,1.98,1.98,344,1637
670131,1.93,1.98,1.9,1.9,369,1690
670201,1.96,2.12,1.96,2.09,419,1653
670202,2.23,2.25,2.15,2.2,486,1630
670203,2.16,2.25,2.14,2.15,358,1646
670206,2.03,2.09,1.97,1.97,400,1626
670207,2.01,2.04,1.96,1.96,175,1617
670208,1.98,2.02,1.93,1.97,309,1604
670209,1.96,1.98,1.93,1.95,138,1678
670210,2,2.08,2,2.08,129,1682
670214,2.12,2.16,2.11,2.14,80,1689
670215,2.11,2.17,2.09,2.13,41,1708
670216,2.18,2.2,2.15,2.15,158,1714
670217,2.15,2.19,2.15,2.18,73,1747
670220,2.19,2.19,2.06,2.06,330,1761
670221,2.04,2.08,2.02,2.06,225,1693
670223,2,2.05,1.98,2.05,211,1703
670224,2.07,2.08,1.97,1.97,159,1768
670227,1.98,2.08,1.96,2.06,173,1690
670228,2.11,2.12,2.07,2.12,291,1711
670301,2.05,2.1,2,2,141,1758
670302,1.98,1.98,1.94,1.97,187,1775
670303,1.98,2.02,1.94,1.95,136,1755
670306,1.94,2,1.94,2,60,1761
670307,1.98,2,1.92,1.92,125,1779
670308,1.9,1.92,1.87,1.91,210,1772
670309,1.85,1.89,1.85,1.88,148,1737
670310,1.86,1.86,1.81,1.82,342,1771
670313,1.81,1.85,1.81,1.84,62,1801
670314,1.85,1.9,1.82,1.9,105,1787
670315,1.9,1.91,1.86,1.88,100,1793
670316,1.86,1.92,1.86,1.87,140,1782
670317,1.88,1.91,1.88,1.89,39,1763
670320,1.9,1.95,1.89,1.93,86,1754
670321,1.95,1.96,1.93,1.93,60,1762
670322,1.88,1.9,1.87,1.87,66,1763
670323,1.86,1.88,1.85,1.86,86,1765
670327,1.88,1.91,1.88,1.88,30,1736
670328,1.91,1.96,1.91,1.95,89,1731
670329,1.99,2.01,1.98,1.98,123,1756
670330,1.96,2.09,1.95,2.09,312,1755
670331,2.09,2.1,2.06,2.06,172,1709
670403,2.05,2.16,2.05,2.16,238,1768
670404,2.18,2.19,2.1,2.1,239,1744
670405,2.16,2.18,2.12,2.15,160,1754
670406,2.19,2.2,2.14,2.14,146,1781
670407,2.11,2.12,2.06,2.06,144,1803
670410,2.09,2.11,2.07,2.07,198,1810
670411,2.11,2.16,2.11,2.14,138,1781
670412,2.18,2.27,2.18,2.25,339,1832
670413,2.33,2.46,2.32,2.42,512,1882
670414,2.39,2.44,2.36,2.4,268,1945
670417,2.41,2.55,2.4,2.54,319,1964
670418,2.53,2.54,2.45,2.47,468,1940
670419,2.5,2.64,2.5,2.61,692,1901
670420,2.63,2.69,2.55,2.55,606,1864
670421,2.68,2.75,2.67,2.75,459,1830
670424,2.9,2.92,2.76,2.78,535,1770
670425,2.76,2.9,2.76,2.89,668,1880
670426,3.03,3.05,2.85,2.87,677,1983
670427,2.97,3,2.82,2.87,808,2061
670428,2.79,2.94,2.78,2.87,618,2136
670501,2.81,2.87,2.79,2.86,336,2227
670502,2.95,2.97,2.76,2.79,649,2307
670503,2.91,2.97,2.82,2.95,674,2422
670504,2.88,2.9,2.84,2.87,306,2414
670505,2.79,2.87,2.79,2.83,331,2479
670508,2.96,3.2,2.94,3.18,842,2451
670509,3.08,3.16,3.03,3.04,806,2656
670510,2.97,3.05,2.95,3.01,577,2771
670511,2.92,2.96,2.8,2.81,1073,2682
670512,2.87,2.89,2.68,2.7,651,2765
670515,2.8,2.88,2.75,2.84,589,2605
670516,2.86,2.92,2.84,2.87,517,2685
670517,2.83,2.86,2.78,2.79,429,2691
670518,2.79,2.89,2.79,2.79,364,2754
670519,2.86,2.89,2.79,2.88,371,2782
670522,2.97,2.98,2.87,2.88,593,2810
670523,2.97,2.98,2.92,2.95,543,2854
670524,2.98,2.99,2.93,2.95,483,2954
670525,2.88,2.94,2.87,2.87,415,2914
670526,2.89,2.94,2.88,2.92,196,2829
670531,2.94,3.1,2.94,3.08,592,2901
670601,3.12,3.3,3.12,3.18,760,2889
670602,3.24,3.28,3.21,3.23,572,2869
670605,3.59,3.65,3.42,3.55,516,2912
670606,3.54,3.54,3.12,3.14,1077,2779
670607,3.14,3.24,3.08,3.13,649,2812
670608,3.3,3.3,3.23,3.25,513,2868
670609,3.29,3.29,3.17,3.17,535,2855
670612,3.08,3.1,2.85,2.85,751,2941
670613,2.92,2.93,2.76,2.84,513,2874
670614,2.72,2.77,2.65,2.73,735,2815
670615,2.69,2.72,2.65,2.66,433,2830
670616,2.6,2.76,2.6,2.64,520,2794
670619,2.49,2.54,2.3,2.31,875,2854
670620,2.42,2.48,2.32,2.45,599,2892
670621,2.4,2.49,2.32,2.32,481,2859
670622,2.27,2.4,2.27,2.35,336,2970
670623,2.41,2.48,2.37,2.47,257,2935
670626,2.47,2.48,2.41,2.41,171,2977
670627,2.36,2.37,2.29,2.32,320,3014
670628,2.33,2.37,2.31,2.31,161,3045
670629,2.31,2.31,2.17,2.18,489,3055
670630,2.16,2.25,2.16,2.2,259,3036
670705,2.03,2.09,1.95,1.97,313,3061
670706,1.94,2.05,1.92,1.99,527,2987
670707,2.07,2.16,2.03,2.14,321,2987
670710,2.17,2.18,2.03,2.04,214,3010
670711,2.04,2.06,1.97,1.99,143,3003
670712,1.97,2.29,1.97,2.25,378,2974
670713,2.16,2.23,2.07,2.11,820,2930
670714,2.11,2.2,2.09,2.1,181,2760
670717,2.15,2.25,2.14,2.22,287,2615
670718,2.29,2.31,2.22,2.22,379,2865
670719,2.17,2.22,2.13,2.2,252,2876
670720,2.13,2.18,2.1,2.13,286,2898
670721,2.07,2.09,2.02,2.02,236,2896
670724,2,2,1.94,1.98,201,2687
670725,1.97,2.05,1.97,2.01,108,2884
670726,1.97,1.99,1.95,1.95,260,2871
670727,1.95,2.03,1.95,1.99,161,2860
670728,1.97,2.01,1.97,2,43,2843
670731,1.99,2.07,1.99,2.06,127,2847
670801,2.06,2.11,2.04,2.06,146,2822
670802,2.02,2.04,1.95,1.96,176,2834
670803,1.92,1.93,1.87,1.87,342,2821
670804,1.88,1.91,1.88,1.9,97,2720
670807,1.81,1.84,1.77,1.77,354,2706
670808,1.73,1.82,1.73,1.73,177,2523
670809,1.81,1.83,1.77,1.77,104,2470
670810,1.76,1.76,1.69,1.73,527,2465
670811,1.73,1.76,1.69,1.73,117,2406
670814,1.76,1.79,1.73,1.74,141,2380
670815,1.72,1.74,1.71,1.74,133,2380
670816,1.7,1.7,1.63,1.64,217,2342
670817,1.63,1.75,1.63,1.72,308,2279
670818,1.73,1.74,1.67,1.67,133,2182
670821,1.63,1.69,1.63,1.68,74,2166
670822,1.7,1.79,1.7,1.77,179,2134
670823,1.81,1.83,1.78,1.8,152,2077
670824,1.75,1.8,1.74,1.76,125,2053
670825,1.72,1.72,1.7,1.7,56,2028
670828,1.7,1.72,1.69,1.69,96,2030
670829,1.67,1.68,1.64,1.64,125,1977
670830,1.63,1.68,1.63,1.67,128,1915
670831,1.66,1.67,1.64,1.66,70,1870
670901,1.63,1.64,1.61,1.62,66,1829
670905,1.61,1.61,1.57,1.59,159,1807
670906,1.59,1.64,1.58,1.61,431,1742
670907,1.62,1.76,1.62,1.76,312,1532
670908,1.8,1.82,1.72,1.72,389,1381
670911,1.75,1.82,1.74,1.82,463,1365
670912,1.85,1.88,1.84,1.86,354,1063
670913,1.79,1.85,1.79,1.82,223,874
670914,1.85,1.88,1.82,1.82,331,740
