661013,2.27,2.3,2.27,2.27,3,0
661014,2.25,2.25,2.25,2.25,100,2
661017,2.26,2.27,2.26,2.27,7,102
661018,2.25,2.25,2.25,2.25,0,109
661019,2.2,2.2,2.2,2.2,0,109
661020,2.2,2.2,2.2,2.2,0,109
661021,2.17,2.18,2.17,2.17,15,109
661024,2.1,2.1,2.03,2.03,6,119
661025,2.01,2.05,2,2.05,27,120
661026,2.07,2.08,2.07,2.07,7,133
661027,2.13,2.13,2.07,2.08,9,138
661028,2.05,2.05,2.05,2.05,10,141
661031,2.1,2.1,2.08,2.09,14,146
661101,2.09,2.09,2.09,2.09,1,153
661102,2.07,2.07,2.07,2.07,1,153
661103,2.05,2.07,2.05,2.06,20,154
661104,2.03,2.04,2.03,2.03,26,163
661107,2,2.01,1.99,2,28,183
661109,1.92,1.92,1.92,1.92,60,201
661110,1.93,1.93,1.91,1.92,30,242
661114,1.93,1.97,1.93,1.96,69,262
661115,1.98,2.01,1.97,1.99,98,296
661116,1.97,2.02,1.97,2.02,53,337
661117,2.04,2.06,2.02,2.02,64,371
661118,1.99,2,1.98,1.98,31,404
661121,1.98,2,1.98,1.98,8,406
661122,1.96,2.01,1.96,1.98,19,412
661123,2,2.02,2,2.01,29,422
661125,1.99,2.01,1.99,2,38,441
661128,1.96,1.98,1.96,1.96,42,467
661129,1.95,2,1.94,2,103,499
661130,2.01,2.03,2,2,81,534
661201,2,2,1.98,1.99,21,553
661202,2,2.01,2,2,16,553
661205,1.98,2,1.98,2,26,567
661206,2.01,2.01,1.99,1.99,33,578
661207,1.97,1.97,1.97,1.97,14,603
661208,1.97,1.97,1.97,1.97,2,600
661209,1.97,2,1.97,1.98,30,600
661212,1.96,1.96,1.94,1.95,96,617
661213,1.91,1.93,1.91,1.92,170,694
661214,1.93,1.94,1.92,1.93,62,807
661215,1.91,1.92,1.89,1.89,41,834
661216,1.88,1.88,1.87,1.87,102,847
661219,1.83,1.84,1.79,1.79,180,913
661220,1.8,1.85,1.8,1.84,85,1016
661221,1.86,1.89,1.85,1.85,93,1052
661222,1.84,1.85,1.82,1.85,89,1064
661223,1.84,1.85,1.84,1.85,16,1083
661227,1.83,1.84,1.83,1.83,30,1101
661228,1.81,1.82,1.8,1.8,205,1122
661229,1.78,1.79,1.76,1.76,117,1260
661230,1.74,1.77,1.73,1.77,121,1298
670103,1.75,1.75,1.71,1.71,81,1347
670104,1.68,1.7,1.67,1.68,181,1348
670105,1.64,1.65,1.61,1.61,400,1344
670106,1.63,1.66,1.63,1.63,149,1571
670109,1.67,1.75,1.67,1.75,112,1604
670110,1.72,1.72,1.67,1.69,107,1635
670111,1.7,1.7,1.67,1.67,55,1653
670112,1.67,1.78,1.67,1.77,35,1681
670113,1.77,1.8,1.77,1.79,118,1688
670116,1.77,1.77,1.73,1.75,57,1700
670117,1.72,1.72,1.68,1.72,55,1723
670118,1.74,1.79,1.74,1.79,44,1719
670119,1.82,1.84,1.8,1.83,126,1737
670120,1.83,1.88,1.83,1.84,102,1723
670123,1.92,2,1.92,1.99,200,1732
670124,1.94,2.06,1.94,2.06,218,1715
670125,2.08,2.14,1.97,1.97,325,1735
670126,2.07,2.1,2,2.01,223,1718
670127,2.08,2.13,2.07,2.13,129,1735
670130,2.26,2.26,2.12,2.12,230,1749
670131,2.09,2.14,2.08,2.09,206,1721
670201,2.12,2.29,2.12,2.27,249,1739
670202,2.4,2.41,2.29,2.35,419,1799
670203,2.33,2.43,2.28,2.3,150,1854
670206,2.17,2.27,2.14,2.14,450,1887
670207,2.2,2.21,2.16,2.16,101,1969
670208,2.17,2.2,2.13,2.15,132,1965
670209,2.14,2.16,2.12,2.13,72,1957
670210,2.19,2.26,2.19,2.26,233,1940
670214,2.31,2.35,2.31,2.34,255,1984
670215,2.32,2.36,2.26,2.32,170,2023
670216,2.38,2.42,2.33,2.35,209,1999
670217,2.34,2.39,2.34,2.38,93,2113
670220,2.37,2.37,2.28,2.28,102,2124
670221,2.27,2.28,2.21,2.25,181,2163
670223,2.21,2.25,2.18,2.25,211,2159
670224,2.25,2.29,2.18,2.18,378,2148
670227,2.18,2.25,2.17,2.25,174,2064
670228,2.29,2.33,2.27,2.33,193,2075
670301,2.28,2.3,2.26,2.26,76,2094
670302,2.21,2.23,2.18,2.19,110,2124
670303,2.2,2.23,2.13,2.17,134,2130
670306,2.16,2.21,2.16,2.21,71,2129
670307,2.21,2.21,2.15,2.16,179,2169
670308,2.14,2.15,2.1,2.14,162,2246
670309,2.09,2.14,2.08,2.13,118,2241
670310,2.1,2.11,2.06,2.06,149,2215
670313,2.03,2.08,2.03,2.08,46,2205
670314,2.07,2.11,2.05,2.11,44,2198
670315,2.12,2.13,2.09,2.1,56,2200
670316,2.06,2.15,2.06,2.1,91,2205
670317,2.12,2.15,2.12,2.14,61,2195
670320,2.14,2.17,2.13,2.16,67,2214
670321,2.17,2.2,2.13,2.13,49,2258
670322,2.13,2.14,2.09,2.09,42,2242
670323,2.1,2.13,2.09,2.11,25,2230
670327,2.13,2.15,2.12,2.14,65,2234
670328,2.15,2.2,2.15,2.19,109,2256
670329,2.24,2.24,2.21,2.21,126,2272
670330,2.21,2.35,2.2,2.33,479,2295
670331,2.32,2.34,2.3,2.3,245,2278
670403,2.29,2.41,2.29,2.41,268,2464
670404,2.44,2.45,2.37,2.37,367,2522
670405,2.42,2.49,2.39,2.41,256,2617
670406,2.46,2.47,2.39,2.39,349,2720
670407,2.35,2.38,2.32,2.32,139,2793
670410,2.36,2.37,2.3,2.32,159,2929
670411,2.35,2.38,2.35,2.37,197,3006
670412,2.43,2.5,2.41,2.49,412,3061
670413,2.56,2.69,2.55,2.68,623,3290
670414,2.64,2.68,2.61,2.63,382,3235
670417,2.64,2.8,2.64,2.78,664,3224
670418,2.74,2.78,2.7,2.7,384,3433
670419,2.74,2.88,2.74,2.82,602,3543
670420,2.85,2.89,2.72,2.72,919,3652
670421,2.85,2.96,2.85,2.95,883,3697
670424,3.1,3.12,2.96,2.96,1088,3844
670425,2.94,3.13,2.93,3.11,675,3902
670426,3.22,3.23,3.04,3.07,905,4239
670427,3.15,3.2,3.03,3.12,1407,4321
670428,3.07,3.17,3.04,3.12,843,4543
670501,3.04,3.09,2.99,3.08,713,4600
670502,3.16,3.17,2.99,3,1104,4678
670503,3.07,3.15,3.07,3.14,1031,4891
670504,3.07,3.11,3.02,3.05,536,4849
670505,2.96,3.05,2.96,2.96,563,4935
670508,3.13,3.38,3.11,3.3,1228,4935
670509,3.25,3.3,3.18,3.18,1058,5215
670510,3.15,3.22,3.1,3.16,747,5463
670511,3.09,3.11,2.92,2.96,1451,5404
670512,2.99,3.02,2.86,2.88,907,5450
670515,2.96,3.06,2.91,3.01,696,5220
670516,3.03,3.1,3.01,3.05,692,5384
670517,3.01,3.06,2.96,2.97,553,5404
670518,2.97,3.06,2.96,2.96,695,5474
670519,3.02,3.07,2.97,3.01,705,5586
670522,3.09,3.13,3.03,3.03,756,5782
670523,3.12,3.15,3.09,3.13,701,5799
670524,3.16,3.17,3.11,3.15,819,5878
670525,3.06,3.12,3.05,3.05,636,5841
670526,3.07,3.09,3.06,3.08,235,5835
670531,3.11,3.28,3.11,3.27,1168,5809
670601,3.29,3.49,3.29,3.33,1562,6053
670602,3.36,3.43,3.36,3.38,948,6531
670605,3.7,3.75,3.45,3.65,904,6757
670606,3.6,3.62,3.21,3.26,1771,6773
670607,3.27,3.38,3.18,3.25,1189,6700
670608,3.38,3.41,3.34,3.37,731,6771
670609,3.4,3.41,3.3,3.3,814,6755
670612,3.21,3.23,3.02,3.03,1544,6696
670613,3.1,3.12,2.96,3.04,1977,6669
670614,2.93,3.02,2.9,2.97,1850,6714
670615,2.95,2.96,2.89,2.92,858,6738
670616,2.88,3,2.88,2.89,808,6715
670619,2.7,2.75,2.51,2.55,1861,6926
670620,2.66,2.72,2.57,2.68,1163,6920
670621,2.67,2.75,2.65,2.66,702,7097
670622,2.58,2.67,2.57,2.62,749,7180
670623,2.67,2.77,2.66,2.76,700,7141
670626,2.77,2.77,2.7,2.7,339,7183
670627,2.62,2.64,2.52,2.58,1326,7309
670628,2.58,2.64,2.56,2.56,574,7244
670629,2.56,2.57,2.45,2.45,903,7270
670630,2.42,2.53,2.42,2.47,612,7043
670705,2.36,2.38,2.22,2.23,996,7024
670706,2.2,2.35,2.2,2.3,1152,7111
670707,2.39,2.46,2.35,2.43,820,7044
670710,2.45,2.45,2.33,2.33,613,7039
670711,2.33,2.35,2.29,2.3,471,7070
670712,2.3,2.6,2.3,2.58,982,7188
670713,2.48,2.54,2.38,2.4,1383,7368
670714,2.41,2.49,2.39,2.44,355,7524
670717,2.49,2.58,2.46,2.55,795,7546
670718,2.63,2.66,2.56,2.56,1026,7693
670719,2.48,2.56,2.44,2.51,781,7906
670720,2.44,2.5,2.4,2.44,1244,7888
670721,2.35,2.39,2.33,2.33,854,7710
670724,2.28,2.31,2.25,2.27,789,7626
670725,2.3,2.36,2.3,2.32,416,7678
670726,2.28,2.31,2.27,2.3,457,7697
670727,2.29,2.38,2.29,2.33,518,7711
670728,2.31,2.35,2.3,2.33,149,7785
670731,2.31,2.43,2.31,2.42,714,7808
670801,2.42,2.47,2.39,2.42,736,7860
670802,2.39,2.4,2.31,2.31,605,7940
670803,2.22,2.28,2.22,2.22,1056,8038
670804,2.2,2.27,2.2,2.24,417,7987
670807,2.14,2.19,2.1,2.1,920,8031
670808,2.08,2.17,2.08,2.15,732,7601
670809,2.17,2.19,2.12,2.12,282,7804
670810,2.07,2.1,2.02,2.06,687,7789
670811,2.08,2.09,2.01,2.06,525,7681
670814,2.09,2.12,2.07,2.08,419,7705
670815,2.05,2.09,2.05,2.05,253,7742
670816,2.02,2.03,2,2.01,607,7746
670817,2,2.1,2,2.09,591,7747
670818,2.1,2.11,2.04,2.04,225,7664
670821,2.01,2.05,2.01,2.04,274,7670
670822,2.05,2.13,2.05,2.11,624,7648
670823,2.14,2.17,2.11,2.14,499,7737
670824,2.09,2.15,2.08,2.11,493,7749
670825,2.08,2.1,2.05,2.05,352,7793
670828,2.05,2.09,2.05,2.05,158,7806
670829,2.04,2.05,1.95,1.95,1076,7816
670830,1.95,1.99,1.95,1.98,383,7700
670831,1.97,1.98,1.94,1.95,235,7658
670901,1.92,1.94,1.91,1.93,258,7615
670905,1.91,1.91,1.88,1.89,444,7594
670906,1.89,1.98,1.87,1.94,737,7555
670907,1.96,2.1,1.96,2.09,931,7307
670908,2.14,2.15,2.03,2.04,911,7270
670911,2.1,2.17,2.08,2.16,936,7384
670912,2.2,2.22,2.15,2.16,780,7538
670913,2.11,2.15,2.09,2.12,642,7534
670914,2.17,2.2,2.16,2.17,700,7576
670915,2.13,2.16,2.11,2.13,597,7782
670918,2.1,2.29,2.08,2.27,1197,7946
670919,2.26,2.3,2.23,2.26,1009,8325
670920,2.23,2.31,2.23,2.23,764,8339
670921,2.32,2.46,2.32,2.43,2009,8341
670922,2.47,2.49,2.39,2.4,1360,8068
670925,2.46,2.51,2.38,2.41,1331,8106
670926,2.35,2.39,2.34,2.35,872,8256
670927,2.29,2.35,2.29,2.31,889,8436
670928,2.31,2.41,2.31,2.4,924,8429
670929,2.46,2.48,2.39,2.39,893,8660
671002,2.48,2.56,2.43,2.55,1043,8579
671003,2.51,2.53,2.46,2.46,1130,8515
671004,2.45,2.51,2.36,2.36,1313,8620
671005,2.42,2.53,2.4,2.51,873,8543
671006,2.51,2.55,2.48,2.48,1268,8540
671009,2.45,2.52,2.45,2.51,885,8486
671010,2.55,2.63,2.52,2.54,1904,8652
671011,2.54,2.63,2.51,2.62,1116,8487
671013,2.66,2.7,2.63,2.68,1364,8457
671016,2.7,2.73,2.65,2.65,1140,8348
671017,2.6,2.62,2.55,2.6,1519,8183
671018,2.64,2.66,2.45,2.51,1580,8561
671019,2.45,2.52,2.37,2.39,1528,8576
671020,2.45,2.53,2.41,2.5,1076,8462
671023,2.53,2.55,2.48,2.52,573,8261
671024,2.49,2.55,2.49,2.52,693,8126
671025,2.56,2.61,2.54,2.57,1219,8183
671026,2.53,2.58,2.52,2.52,599,7987
671027,2.5,2.52,2.45,2.48,1053,8034
671030,2.54,2.59,2.54,2.57,684,7686
671031,2.56,2.58,2.52,2.52,459,7683
671101,2.49,2.55,2.49,2.52,340,7713
671102,2.53,2.65,2.53,2.63,1238,7678
671103,2.65,2.75,2.65,2.74,1449,7657
671106,2.75,2.8,2.73,2.77,1266,7615
671108,2.83,2.85,2.73,2.74,1064,7685
671109,2.75,2.78,2.7,2.73,728,7679
671110,2.71,2.73,2.67,2.72,758,7595
671113,2.67,2.87,2.67,2.85,1217,7714
671114,2.88,2.91,2.81,2.81,1221,7889
671115,2.76,2.79,2.7,2.74,1527,8052
671116,2.73,2.78,2.71,2.73,996,8299
671117,2.73,2.75,2.61,2.63,2241,8511
671120,2.6,2.69,2.56,2.6,1769,8328
671121,2.55,2.64,2.53,2.53,1179,8257
671122,2.47,2.53,2.43,2.43,1224,8221
671124,2.5,2.58,2.5,2.54,993,8018
671127,2.48,2.51,2.46,2.47,622,7977
671128,2.48,2.58,2.42,2.42,801,8118
671129,2.36,2.41,2.26,2.27,1784,8103
671130,2.28,2.33,2.23,2.24,973,7682
671201,2.3,2.33,2.28,2.29,571,7627
671204,2.29,2.3,2.22,2.23,621,7600
671205,2.2,2.25,2.2,2.24,607,7522
671206,2.27,2.36,2.27,2.35,692,7422
671207,2.38,2.46,2.35,2.44,1237,7390
671208,2.45,2.47,2.4,2.41,561,7269
671211,2.4,2.54,2.4,2.52,817,7193
671212,2.55,2.58,2.49,2.52,622,7089
671213,2.55,2.6,2.53,2.54,585,7024
671214,2.5,2.57,2.46,2.47,735,7078
671215,2.47,2.58,2.47,2.56,486,7176
671218,2.53,2.54,2.48,2.49,302,7224
671219,2.5,2.55,2.5,2.53,392,7257
671220,2.51,2.64,2.51,2.61,762,7341
671221,2.62,2.63,2.58,2.58,649,7265
671222,2.59,2.59,2.55,2.55,227,7316
671226,2.56,2.63,2.55,2.6,288,7294
671227,2.62,2.67,2.62,2.66,547,7340
671228,2.64,2.65,2.58,2.58,519,7334
671229,2.53,2.55,2.47,2.52,535,7268
680102,2.55,2.59,2.54,2.54,617,7185
680103,2.56,2.61,2.48,2.48,674,7037
680104,2.41,2.46,2.38,2.39,1059,6902
680105,2.4,2.44,2.35,2.38,790,6608
680108,2.32,2.36,2.29,2.33,500,6598
680109,2.37,2.38,2.28,2.3,450,6474
680110,2.31,2.37,2.31,2.33,276,6371
680111,2.34,2.44,2.33,2.42,561,6322
680112,2.44,2.47,2.37,2.38,607,6257
680115,2.38,2.39,2.31,2.31,311,6150
680116,2.25,2.36,2.25,2.34,667,6096
680117,2.32,2.44,2.32,2.42,368,6084
680118,2.42,2.47,2.37,2.45,580,6051
680119,2.45,2.49,2.43,2.47,392,5972
680122,2.45,2.48,2.43,2.45,411,5828
680123,2.43,2.5,2.41,2.47,492,5866
680124,2.52,2.55,2.5,2.5,659,5534
680125,2.48,2.58,2.48,2.55,556,5658
680126,2.54,2.59,2.52,2.52,331,5045
680129,2.48,2.51,2.42,2.43,369,5067
680130,2.44,2.45,2.38,2.44,470,4868
680131,2.44,2.47,2.43,2.43,315,4734
680201,2.47,2.5,2.46,2.47,234,4648
680202,2.43,2.43,2.42,2.42,372,4618
680205,2.4,2.41,2.36,2.37,434,4509
680206,2.35,2.37,2.33,2.36,432,4325
680207,2.38,2.4,2.35,2.36,328,4051
680208,2.34,2.42,2.34,2.39,306,3946
680209,2.38,2.39,2.35,2.35,405,3786
680213,2.3,2.32,2.23,2.23,1142,3491
680214,2.21,2.25,2.18,2.18,1273,2819
680215,2.18,2.2,2.16,2.16,1130,1887
