780201,10.99,11.05,10.99,11.05,50,50
780202,10.99,10.99,10.92,10.96,28,76
780203,10.9,10.9,10.89,10.89,2,78
780206,10.82,10.88,10.81,10.88,2,78
780208,10.85,10.85,10.7,10.7,0,78
780209,10.7,10.7,10.7,10.7,0,79
780210,10.74,10.75,10.74,10.75,1,80
780214,10.72,10.72,10.72,10.72,0,80
780215,10.7,10.7,10.7,10.7,0,80
780216,10.65,10.65,10.54,10.54,2,82
780217,10.6,10.76,10.6,10.76,1,83
780221,10.7,10.74,10.65,10.65,2,83
780222,10.58,10.6,10.52,10.52,16,96
780223,10.55,10.62,10.55,10.6,2,96
780224,10.7,10.7,10.7,10.7,0,96
780227,10.65,10.65,10.6,10.6,1,96
780228,10.55,10.55,10.5,10.51,28,99
780301,10.51,10.52,10.48,10.49,12,104
780302,10.52,10.52,10.48,10.49,6,106
780303,10.5,10.51,10.4,10.43,10,108
780306,10.35,10.38,10.3,10.34,39,131
780307,10.25,10.25,10.25,10.25,7,132
780308,10.1,10.12,10.09,10.09,3,134
780309,10.08,10.08,9.97,9.97,9,139
780310,10,10,9.82,9.82,19,138
780313,9.69,9.7,9.3,9.3,11,159
780314,9.32,9.57,9.32,9.57,92,189
780315,9.54,9.67,9.54,9.67,1,190
780316,9.7,9.73,9.69,9.7,8,195
780317,9.73,9.73,9.64,9.64,6,197
780320,9.61,9.62,9.53,9.53,0,201
780321,9.65,9.65,9.53,9.53,1,204
780322,9.52,9.66,9.52,9.63,18,204
780323,9.8,9.95,9.8,9.95,16,209
780327,9.85,10.02,9.85,9.97,4,207
780328,9.99,10.03,9.98,10.03,13,213
780329,10.08,10.08,9.95,9.95,1,213
780330,9.95,9.95,9.78,9.78,4,216
780331,9.8,9.9,9.8,9.86,35,231
780403,9.85,9.9,9.75,9.75,110,250
780404,9.67,9.67,9.52,9.62,135,365
780405,9.55,9.7,9.47,9.67,38,389
780406,9.73,9.75,9.73,9.74,16,396
780407,9.7,9.7,9.67,9.67,2,397
780410,9.83,9.83,9.83,9.83,0,397
780411,9.9,9.93,9.72,9.72,21,407
780412,9.68,9.75,9.68,9.71,15,416
780413,9.7,9.77,9.67,9.67,20,423
780414,9.61,9.63,9.51,9.51,17,429
780417,9.44,9.49,9.42,9.42,20,445
780418,9.35,9.41,9.35,9.41,29,438
780419,9.38,9.39,9.29,9.32,23,449
780420,9.32,9.43,9.3,9.31,49,483
780421,9.39,9.47,9.39,9.45,18,485
780424,9.47,9.5,9.42,9.42,9,488
780425,9.28,9.3,9.18,9.23,17,495
780426,9.12,9.41,9.08,9.4,73,539
780427,9.41,9.41,9.31,9.31,26,551
780428,9.4,9.41,9.34,9.34,81,577
780501,9.38,9.43,9.38,9.38,3,577
780502,9.22,9.22,9.22,9.22,0,576
780503,9.2,9.2,9.12,9.12,7,580
780504,9.11,9.11,9.11,9.11,0,580
780505,9.11,9.13,9.09,9.09,2,577
780508,9.15,9.17,9.15,9.17,4,580
780509,9.11,9.11,9.08,9.09,32,614
780510,9.03,9.05,9,9,22,621
780511,8.95,9.02,8.95,8.97,23,634
780512,8.97,8.97,8.74,8.74,18,651
780515,8.78,8.84,8.78,8.82,29,658
780516,8.86,8.86,8.75,8.76,19,663
780517,8.7,8.75,8.65,8.75,6,663
780518,8.81,8.81,8.81,8.81,0,663
780519,8.76,8.83,8.76,8.83,9,673
780522,8.8,8.8,8.8,8.8,3,673
780523,8.94,8.97,8.8,8.8,79,717
780524,8.85,8.92,8.83,8.87,70,763
780525,8.9,8.95,8.87,8.93,31,768
780526,8.95,8.99,8.94,8.97,33,782
780530,9.04,9.09,9,9,56,796
780531,8.94,9.08,8.92,9.08,28,817
780601,9.2,9.2,9.12,9.2,75,867
780602,9.16,9.2,9.16,9.17,28,879
780605,9.13,9.13,9.03,9.04,21,878
780606,9.01,9.03,8.79,8.8,37,882
780607,8.8,8.86,8.7,8.86,37,875
780608,8.83,8.89,8.76,8.89,10,875
780609,8.91,8.91,8.76,8.76,4,874
780612,8.67,8.7,8.63,8.66,20,881
780613,8.54,8.57,8.49,8.51,71,875
780614,8.5,8.5,8.42,8.42,49,883
780615,8.49,8.49,8.35,8.35,126,984
780616,8.33,8.41,8.32,8.41,25,973
780619,8.33,8.35,8.32,8.34,100,910
780620,8.3,8.37,8.28,8.35,105,959
780621,8.38,8.44,8.37,8.44,99,1045
780622,8.44,8.44,8.35,8.36,5,1048
780623,8.36,8.44,8.35,8.38,6,1042
780626,8.38,8.38,8.34,8.35,13,1037
780627,8.42,8.45,8.41,8.41,17,1030
780628,8.41,8.42,8.35,8.35,19,1040
780629,8.26,8.27,8.26,8.27,0,1044
780630,8.24,8.24,8.13,8.13,27,1044
780703,8.05,8.08,8,8,15,1045
780705,7.9,7.9,7.81,7.81,13,1049
780706,7.94,7.94,7.91,7.91,5,1050
780707,7.99,7.99,7.89,7.89,12,1049
780710,7.79,7.8,7.74,7.74,19,1044
780711,7.72,7.82,7.71,7.82,248,1059
780712,7.78,7.78,7.67,7.69,14,1059
780713,7.61,7.66,7.6,7.61,40,1074
780714,7.55,7.56,7.45,7.49,21,1074
780717,7.46,7.48,7.31,7.31,55,1078
780718,7.23,7.33,7.23,7.25,27,1089
780719,7.24,7.39,7.24,7.39,111,1119
780720,7.35,7.46,7.35,7.43,59,1134
780721,7.39,7.4,7.17,7.18,107,1091
780724,7.03,7.06,6.95,6.96,123,1138
780725,6.94,6.97,6.87,6.95,59,1132
780726,6.93,6.98,6.91,6.95,58,1113
780727,7.06,7.23,7.06,7.19,225,1180
780728,7.4,7.6,7.34,7.59,83,1213
780731,7.7,7.71,7.28,7.28,85,1231
780801,7.27,7.36,7.25,7.27,74,1267
780802,7.44,7.58,7.44,7.5,56,1283
780803,7.79,7.8,7.7,7.8,127,1299
780804,7.79,7.98,7.75,7.94,67,1301
780807,8,8.05,7.96,7.97,76,1359
780808,7.85,7.96,7.75,7.96,148,1312
780809,8.04,8.1,8.04,8.05,31,1340
780810,8.14,8.28,8.14,8.22,101,1317
780811,8.15,8.33,8.05,8.33,137,1337
780814,8.36,8.4,8.09,8.1,45,1376
780815,7.95,8.14,7.9,8.14,52,1384
780816,8.19,8.22,8,8.05,44,1397
780817,7.93,8.08,7.9,7.95,29,1404
780818,7.9,7.92,7.81,7.84,48,1399
780821,7.76,7.89,7.73,7.89,49,1363
780822,7.94,8.04,7.91,8.03,90,1412
780823,8.04,8.04,7.94,7.94,118,1449
780824,7.9,8.1,7.9,8.07,158,1473
780825,8.17,8.21,8.17,8.18,149,1500
780828,8.25,8.28,8.14,8.23,113,1536
780829,8.21,8.23,8.18,8.23,20,1547
780830,8.21,8.23,8.16,8.22,48,1562
780831,8.25,8.55,8.25,8.48,182,1620
780901,8.64,8.96,8.64,8.95,217,1678
780905,8.85,8.9,8.8,8.81,131,1716
780906,8.74,9.1,8.72,9.04,143,1749
780907,9.16,9.17,8.91,8.92,142,1802
780908,9.1,9.2,9.07,9.19,65,1837
780911,9.21,9.21,9.05,9.06,82,1854
780912,9.16,9.19,8.94,8.94,65,1846
780913,8.9,9.07,8.89,8.97,128,1888
780914,9.13,9.24,9.13,9.23,82,1909
780915,9.24,9.31,9.17,9.17,54,1924
780918,9.16,9.21,9.13,9.13,27,1941
780919,9.05,9.23,9.01,9.22,366,2038
780920,9.1,9.12,9.03,9.03,198,2127
780921,9.08,9.17,9.01,9.16,390,2333
780922,9.08,9.22,9.06,9.22,187,2365
780925,9.38,9.53,9.38,9.53,336,2488
780926,9.5,9.62,9.38,9.38,701,2484
780927,9.43,9.5,9.42,9.45,153,2494
780928,9.49,9.61,9.42,9.61,383,2660
780929,9.54,9.66,9.5,9.5,441,2730
781002,9.64,9.67,9.58,9.64,104,2727
781003,9.64,9.8,9.64,9.78,180,2769
781004,9.75,9.76,9.6,9.68,571,2992
781005,9.53,9.64,9.51,9.6,218,2993
781006,9.62,9.82,9.62,9.79,171,3000
781010,9.95,10.04,9.94,10.01,527,3153
781011,9.91,9.95,9.85,9.9,234,3244
781012,9.96,10.15,9.96,9.96,333,3355
781013,10.09,10.1,9.88,9.96,214,3371
781016,9.46,9.46,9.46,9.46,740,3471
781017,9.22,9.5,9.22,9.29,716,3458
781018,9.38,9.45,9.23,9.23,363,3375
781019,9.11,9.24,9.03,9.23,412,3348
781020,9.3,9.38,9.3,9.33,200,3222
781023,9.45,9.52,9.36,9.39,347,3466
781024,9.32,9.47,9.28,9.45,452,3314
781025,9.54,9.8,9.52,9.78,276,3269
781026,9.9,10.01,9.8,9.85,196,3279
781027,9.8,10.03,9.8,10.01,194,3254
781030,10.15,10.17,10.04,10.04,355,3372
781031,9.88,9.9,9.68,9.76,376,3332
781101,9.43,9.59,9.43,9.54,305,3261
781102,9.4,9.68,9.4,9.64,112,3227
781103,9.55,9.67,9.55,9.65,154,3239
781106,9.62,9.65,9.43,9.44,134,3253
781108,9.3,9.33,9,9.06,515,3149
781109,9.12,9.15,8.93,8.95,865,3288
781110,8.98,9.24,8.98,9.13,265,3289
781113,9.07,9.16,9.03,9.05,145,3344
781114,8.98,9.14,8.98,9.06,226,3232
781115,9.03,9.35,9.03,9.34,85,3228
781116,9.23,9.38,9.23,9.32,174,3312
781117,9.25,9.27,9.2,9.21,214,3354
781120,9.13,9.14,9.03,9.07,259,3482
781121,9.01,9.05,8.93,8.99,523,3434
781122,9.1,9.14,9.03,9.06,180,3446
781124,9.16,9.16,9.08,9.1,123,3440
781127,9,9.02,8.87,8.9,328,3427
781128,8.98,8.99,8.91,8.92,185,3498
781129,9,9.08,8.97,9.04,105,3460
781130,9.1,9.12,8.96,8.98,189,3445
781201,8.93,8.97,8.82,8.97,406,3461
781204,9.02,9.03,8.9,8.91,135,3424
781205,8.84,8.9,8.83,8.86,204,3392
781206,8.84,8.96,8.82,8.96,252,3471
781207,8.95,9.22,8.95,9.2,415,3417
781208,9.19,9.22,9.11,9.13,309,3480
781211,9.12,9.34,9.12,9.34,409,3642
781212,9.31,9.32,9.19,9.2,469,3910
781213,9.1,9.13,9.07,9.09,201,3860
781214,9.06,9.12,9.06,9.11,122,3831
781215,9.14,9.2,9.14,9.18,155,3770
781218,9.33,9.44,9.28,9.42,515,3835
781219,9.39,9.4,9.32,9.35,483,3845
781220,9.25,9.26,9.13,9.13,305,3753
781221,9.1,9.16,9.08,9.15,180,3724
781222,9.07,9.07,8.92,8.93,280,3705
781226,8.85,8.89,8.75,8.78,625,3717
781227,8.88,8.91,8.82,8.83,373,3732
781228,8.75,8.81,8.75,8.78,280,3913
781229,8.76,8.84,8.76,8.83,184,3960
790102,8.79,8.83,8.77,8.83,114,3999
790103,8.77,8.95,8.74,8.92,335,4102
790104,8.94,8.98,8.9,8.9,234,4198
790105,8.84,8.91,8.8,8.84,143,4172
790108,8.82,8.88,8.81,8.87,212,4194
790109,8.8,8.84,8.63,8.63,441,4308
790110,8.64,8.66,8.57,8.58,565,4436
790111,8.55,8.6,8.48,8.5,316,4438
790112,8.58,8.69,8.55,8.68,238,4424
790115,8.65,8.67,8.49,8.52,354,4453
790116,8.51,8.6,8.49,8.52,229,4462
790117,8.53,8.6,8.47,8.6,228,4487
790118,8.65,8.7,8.6,8.67,183,4524
790119,8.68,8.71,8.61,8.71,204,4546
790122,8.6,8.62,8.56,8.57,142,4597
790123,8.53,8.61,8.53,8.58,178,4602
790124,8.56,8.58,8.49,8.52,579,4672
790125,8.49,8.54,8.47,8.49,373,4649
790126,8.52,8.56,8.48,8.55,218,4636
790129,8.48,8.54,8.45,8.53,296,4655
790130,8.53,8.66,8.53,8.66,409,4856
790131,8.67,8.79,8.67,8.78,536,4969
790201,8.85,8.86,8.73,8.79,698,5045
790202,8.81,8.88,8.76,8.88,602,5158
790205,8.92,8.96,8.87,8.89,804,5254
790206,8.8,8.85,8.79,8.8,693,5514
790207,8.76,8.83,8.73,8.83,516,5486
790208,8.87,9.04,8.87,9.03,1363,5993
790209,9.03,9.09,8.97,9.08,1210,6660
790212,9.06,9.15,9.02,9.03,988,6965
790213,8.98,9.03,8.86,8.88,1059,7329
790214,8.85,9.1,8.84,9.07,837,7646
790215,9.1,9.27,9.06,9.15,1444,7944
790216,9.2,9.26,9.16,9.2,654,8038
790220,9.21,9.31,9.21,9.25,895,8206
790221,9.33,9.34,9.18,9.19,948,8285
790222,9.21,9.3,9.12,9.13,944,8447
790223,9.15,9.3,9.15,9.25,597,8585
790226,9.27,9.29,9,9.01,1016,8591
790227,8.99,9.03,8.9,8.98,1074,8624
790228,9.03,9.18,9.03,9.18,1145,9003
790301,9.17,9.22,9.01,9.03,858,9174
790302,8.88,8.94,8.78,8.83,2711,9001
790305,8.85,8.93,8.8,8.89,1244,9238
790306,8.95,9.02,8.87,9.01,1080,9188
790307,8.95,9,8.84,8.95,1275,9323
790308,8.99,9.09,8.97,9.08,1530,9577
790309,9.1,9.13,8.94,8.94,923,9481
790312,8.9,8.94,8.87,8.92,388,9410
790313,8.97,9.05,8.97,9.02,443,9405
790314,9.02,9.15,9.01,9.03,1367,9572
790315,8.97,9.02,8.92,9.02,862,9810
790316,8.96,9.01,8.93,8.94,804,9893
790319,8.87,8.9,8.82,8.86,1407,9964
790320,8.84,8.89,8.79,8.8,1629,10010
790321,8.84,9.02,8.84,8.98,1809,10324
790322,9,9.02,8.95,8.98,1389,10400
790323,8.99,9,8.91,8.94,908,10493
790326,8.94,9.04,8.92,8.95,1227,10691
790327,8.88,8.91,8.86,8.87,810,10706
790328,8.91,8.98,8.9,8.9,1208,10766
790329,8.86,8.89,8.85,8.86,658,11009
790330,8.86,8.88,8.74,8.76,2511,10869
790402,8.61,8.65,8.53,8.57,2305,11166
790403,8.58,8.67,8.55,8.66,1436,11326
790404,8.67,8.7,8.61,8.63,934,11309
790405,8.68,8.75,8.66,8.68,1492,11286
790406,8.64,8.67,8.61,8.65,512,11386
790409,8.59,8.6,8.57,8.58,592,11375
790410,8.51,8.61,8.5,8.58,1113,11345
790411,8.51,8.54,8.4,8.42,1358,11832
790412,8.42,8.46,8.33,8.34,1563,12044
790416,8.31,8.32,8.22,8.25,1151,12001
790417,8.17,8.21,8.11,8.2,1431,11997
790418,8.26,8.36,8.26,8.33,1581,11917
790419,8.33,8.36,8.2,8.24,1182,12027
790420,8.14,8.15,8.03,8.05,1577,12495
790423,7.96,8,7.92,7.92,1496,12798
790424,7.86,8.08,7.86,8.05,2144,12931
790425,8.05,8.09,7.9,7.91,1602,13183
790426,7.95,8.41,7.93,8.19,3253,13338
790427,8.25,8.37,8.09,8.1,2508,13469
790430,8.1,8.25,8.1,8.2,1321,13704
790501,8.21,8.3,8.16,8.2,1454,13398
790502,8.24,8.4,8.23,8.38,820,13536
790503,8.45,8.53,8.41,8.52,2836,13044
790504,8.54,8.56,8.41,8.43,1259,13180
790507,8.46,8.48,8.33,8.38,657,13211
790508,8.31,8.34,8.21,8.25,1070,12867
790509,8.25,8.33,8.22,8.28,1497,12970
790510,8.28,8.37,8.16,8.17,2517,13270
790511,8.19,8.23,8.13,8.13,1160,13183
790514,8.14,8.15,8.02,8.02,1243,13273
790515,8.04,8.18,8.04,8.17,1343,13370
790516,8.15,8.15,8.08,8.09,768,13464
790517,8.14,8.17,8.05,8.06,960,13477
790518,7.98,8.04,7.86,7.88,1565,12674
790521,7.88,7.88,7.75,7.75,1148,13257
790522,7.75,7.82,7.72,7.8,716,13057
790523,7.83,7.96,7.83,7.95,1530,12422
790524,8,8.08,7.98,8.05,1518,11946
790525,8.01,8.02,7.9,7.91,1097,11898
790529,7.86,7.93,7.83,7.85,1027,11947
790530,7.76,7.87,7.64,7.8,1574,11883
790531,7.85,7.89,7.82,7.88,502,11653
790601,7.85,8.03,7.81,8.02,1333,11364
790604,8.07,8.5,8.07,8.42,3058,11298
790605,8.3,8.43,8.3,8.35,2641,9929
790606,8.38,8.5,8.25,8.27,1871,9560
790607,8.23,8.37,8.1,8.13,1757,9457
790608,8.18,8.29,8.13,8.29,807,9365
790611,8.38,8.48,8.36,8.47,918,9081
790612,8.41,8.42,8.3,8.35,825,8730
790613,8.38,8.47,8.3,8.46,1257,8995
790614,8.29,8.33,8.2,8.26,781,8733
790615,8.21,8.32,8.2,8.27,879,8877
790618,8.24,8.26,7.9,7.93,1344,8125
790619,8.03,8.25,8.01,8.12,987,7843
790620,8.2,8.25,8.12,8.25,1266,7468
790621,8.3,8.35,8.21,8.32,1551,6483
790622,8.34,8.44,8.34,8.43,1011,6087
790625,8.51,8.55,8.25,8.35,1549,5647
790626,8.28,8.4,8.26,8.36,1154,5485
790627,8.42,8.54,8.38,8.51,979,4963
790628,8.57,8.59,8.35,8.41,917,4685
790629,8.29,8.5,8.2,8.49,1540,0
