810109,26.81,26.81,26.81,26.81,60,114
810112,25.81,25.81,25.81,25.81,0,114
810113,26.1,26.1,26.1,26.1,1,114
810114,26.1,26.5,26.1,26.5,8,122
810115,26.1,26.1,25.5,25.5,14,134
810116,24.5,24.5,24.5,24.5,42,133
810119,24,24.5,24,24.5,22,127
810120,24.6,24.7,24.6,24.7,3,130
810121,24.93,24.93,24.93,24.93,0,130
810122,24.05,25.15,24.05,25.13,13,137
810123,25.4,26.13,25.4,26.13,42,151
810126,26.15,26.15,26.15,26.15,5,156
810127,25.55,25.55,25.43,25.43,2,158
810128,25.75,25.75,25.43,25.43,1,158
810129,24.7,24.7,24.43,24.43,7,162
810130,24.45,24.45,24.45,24.45,0,162
810202,23.75,23.75,23.6,23.75,6,158
810203,24,24.4,24,24.4,26,180
810204,23.8,23.8,23.8,23.8,2,182
810205,23.7,23.95,23.3,23.95,2,184
810206,24.95,24.95,24.95,24.95,0,184
810209,24.4,24.4,24.4,24.4,0,184
810210,24.4,24.45,24.4,24.45,20,197
810211,24.78,24.78,24.78,24.78,10,199
810212,23.79,24.4,23.79,23.79,32,226
810213,23.85,23.85,23.85,23.85,10,231
810217,23.25,23.25,22.85,22.85,46,257
810218,23.2,23.3,23.1,23.1,9,263
810219,23,23.4,22.7,23.4,71,281
810220,23.75,23.75,22.85,22.85,39,285
810223,22.85,23.25,22.45,23.25,75,268
810224,22.75,22.75,22.75,22.75,0,268
810225,22.5,22.6,22.3,22.6,3,268
810226,22.35,22.4,22.3,22.3,28,278
810227,22.6,22.6,22.3,22.3,58,315
810302,21.8,22.15,21.8,22,60,357
810303,21.95,22,21.95,22,4,361
810304,21.8,21.8,21.5,21.5,25,377
810305,21,21,21,21,29,394
810306,20.95,21.1,20.9,20.9,83,381
810309,20.4,20.45,20.4,20.4,26,407
810310,20,20,19.9,19.9,33,383
810311,19.4,19.8,19.4,19.45,75,396
810312,20.15,20.15,20.1,20.15,3,406
810313,20.75,20.75,19.65,19.65,137,494
810316,20.2,20.2,20.2,20.2,0,494
810317,21.15,21.15,21.15,21.15,26,499
810318,20.58,20.58,20.58,20.58,0,499
810319,20.25,20.25,20.25,20.25,0,499
810320,20.3,20.58,20.2,20.58,59,518
810323,20.6,20.6,20.38,20.38,2,520
810324,20.75,21.03,20.65,21.03,90,555
810325,21.1,21.1,20.5,20.58,82,613
810326,20.7,20.9,20.7,20.88,43,610
810327,20.8,20.8,20.6,20.6,3,645
810330,20.3,20.3,19.9,19.9,195,805
810331,19.85,20.1,19.85,20.1,18,823
810401,19.7,20.15,19.7,20.1,78,851
810402,19.75,20,19.7,19.7,50,887
810403,19.7,19.85,19.55,19.85,316,1340
810406,19.4,19.6,19.3,19.36,104,1466
810407,19.25,19.25,18.95,19.06,678,1223
810408,18.8,19.05,18.75,18.78,189,1314
810409,18.55,18.75,18.55,18.7,192,1401
810410,18.6,19.07,18.6,19.07,69,1392
810413,18.57,18.72,18.57,18.61,125,1420
810414,18.4,18.57,18.4,18.4,350,1519
810415,18,18.1,17.9,17.9,419,1707
810416,17.6,17.8,17.45,17.72,401,1796
810420,17.6,17.75,17.6,17.75,151,1872
810421,17.7,18.25,17.6,18.23,254,1976
810422,18.1,18.5,18.05,18.48,644,2334
810423,18.7,18.98,18.7,18.95,202,2432
810424,18.8,18.95,18.45,18.45,104,2461
810427,17.95,17.95,17.95,17.95,36,2482
810428,17.45,17.45,17.45,17.45,124,2475
810429,17.2,17.25,16.85,17.09,423,2514
810430,17.5,17.6,17.4,17.55,113,2567
810501,17.09,17.7,16.65,17.68,156,2602
810504,17.2,17.4,16.68,16.76,154,2601
810505,16.15,16.3,15.9,16.03,299,2667
810506,16.25,16.8,16.15,16.18,154,2734
810507,16.45,16.8,16.25,16.27,303,2803
810508,16.75,17.05,16.75,17.05,296,2905
810511,17,17,16.15,16.15,204,2997
810512,15.8,15.85,15.7,15.71,255,3092
810513,15.95,16.1,15.8,16.05,213,3168
810514,15.7,15.85,15.7,15.83,71,3172
810515,16,16.2,16,16.15,387,3203
810518,16.3,16.45,16,16.39,117,3226
810519,16.4,16.4,15.89,15.99,207,3280
810520,16.15,16.49,16,16.49,1200,4322
810521,16.3,16.95,16.25,16.94,296,4399
810522,16.99,17,16.6,16.63,301,4531
810526,16.7,17.13,16.53,17.13,457,4448
810527,17.15,17.63,17.15,17.49,810,4685
810528,17.75,17.8,17.4,17.5,368,4722
810529,17.85,18,17.85,18,405,4625
810601,18.5,18.5,18.5,18.5,49,4628
810602,18.9,19,18.7,19,640,4564
810603,18.75,18.75,18,18.05,516,4557
810604,17.5,17.7,17.05,17.66,838,4622
810605,17.25,18,17.05,17.83,192,4582
810608,17.85,18.4,17.85,17.9,346,4641
810609,17.55,17.7,17.4,17.7,190,4568
810610,17.9,18.15,17.43,17.43,191,4608
810611,17.07,17.1,16.93,16.93,236,4561
810612,16.7,16.77,16.63,16.7,134,4580
810615,17.1,17.2,16.4,16.43,141,4610
810616,16.6,16.93,16.5,16.93,211,4608
810617,16.85,17.2,16.7,17.16,84,4650
810618,17.1,17.5,16.94,17.48,200,4759
810619,17.4,17.63,17.2,17.61,264,4749
810622,17.5,17.55,17.11,17.11,185,4762
810623,17.05,17.2,16.95,17.1,160,4748
810624,16.7,16.7,16.68,16.7,67,4752
810625,16.6,16.95,16.5,16.95,180,4768
810626,17,17.1,16.8,16.85,96,4753
810629,16.5,16.7,16.5,16.55,319,4736
810630,16.45,16.75,16.35,16.37,328,4687
810701,16.3,16.35,16.1,16.15,489,4837
810702,16.05,16.5,16.05,16.46,245,4850
810706,16.4,16.83,16.35,16.8,193,4943
810707,16.98,17.1,16.83,16.83,211,4983
810708,16.7,16.8,16.38,16.64,168,4991
810709,16.55,17,16.5,16.99,329,4999
810710,17.3,17.49,17.25,17.48,375,5179
810713,17.7,17.98,17.52,17.98,505,5300
810714,17.95,18,17.48,17.6,891,5277
810715,17.35,17.45,17.1,17.4,705,5533
810716,17.32,17.36,17.2,17.23,265,5579
810717,17.05,17.12,16.75,16.78,294,5528
810720,16.55,16.75,16.4,16.72,427,5557
810721,16.73,17.1,16.71,17.1,170,5483
810722,17,17.08,16.86,16.86,206,5604
810723,17.1,17.3,17.05,17.11,222,5606
810724,17.3,17.5,17.25,17.5,385,5707
810727,17.3,17.5,17,17.03,280,5824
810728,17,17.25,17,17.21,216,5899
810729,17.25,17.35,17.2,17.28,255,5898
810730,17.2,17.28,17,17,338,5897
810731,16.88,17.14,16.85,17.12,336,5853
810803,16.9,16.9,16.62,16.62,661,5921
810804,16.6,16.73,16.35,16.37,576,6105
810805,16.3,16.5,16.21,16.5,255,6160
810806,16.2,16.55,16.15,16.4,473,6351
810807,16.4,16.48,16.33,16.38,185,6415
810810,16.15,16.56,16.15,16.56,226,6481
810811,16.6,16.6,16.12,16.12,182,6550
810812,16.2,16.39,15.95,15.98,561,6543
810813,16.1,16.12,15.82,15.89,372,6566
810814,15.99,16.15,15.86,15.86,164,6548
810817,15.73,15.83,15.66,15.82,587,6389
810818,15.8,16,15.75,15.99,336,6460
810819,16.03,16.15,15.49,15.49,228,6492
810820,15.4,15.55,15.25,15.35,778,6498
810821,15.29,15.3,14.85,14.85,809,6596
810824,14.62,14.68,14.35,14.35,439,6732
810825,14.2,14.35,13.9,14.33,539,6787
810826,13.95,14.05,13.83,13.83,857,6856
810827,13.56,14.2,13.55,14.04,904,6995
810828,14.08,14.3,14.02,14.03,379,6974
810831,13.84,14,13.6,13.62,627,6981
810901,13.35,13.4,13.12,13.12,713,7034
810902,12.8,13.55,12.8,13.15,614,7018
810903,13.1,13.3,12.67,12.69,828,7066
810904,12.6,12.8,12.4,12.59,285,7466
810908,12.55,12.55,12.23,12.4,384,7138
810909,12.22,12.45,12.15,12.41,721,7220
810910,12.54,12.9,12.54,12.9,706,7197
810911,12.93,13.05,12.5,13.03,931,7085
810914,13.35,13.51,13.25,13.26,1022,7195
810915,13.11,13.45,12.97,13.21,972,7153
810916,12.89,13.05,12.75,12.8,788,7202
810917,12.62,12.9,12.45,12.8,1004,7423
810918,13.06,13.1,12.82,12.93,699,7390
810921,13.08,13.28,13.05,13.26,496,7427
810922,13.32,13.5,13.2,13.2,489,7500
810923,13.35,13.7,13.23,13.7,903,7710
810924,13.55,13.9,13.33,13.36,962,7728
810925,13.32,13.42,13.15,13.33,698,7520
810928,13.19,13.8,13.19,13.7,581,7565
810929,13.75,13.75,13.2,13.33,656,7603
810930,13.3,13.41,13.13,13.41,891,7938
811001,13.28,13.48,13.2,13.48,852,8040
811002,13.38,13.55,13.32,13.5,572,8071
811005,13.35,13.55,13.3,13.41,260,8093
811006,13.4,13.62,13.1,13.15,804,8140
811007,13.04,13.2,12.94,13.02,1160,8465
811008,12.9,13,12.8,12.81,705,8462
811009,12.82,12.86,12.75,12.81,484,8479
811012,12.8,12.82,12.71,12.79,266,8468
811013,12.73,13.17,12.73,13.16,738,8636
811014,13.08,13.24,13.05,13.21,384,8673
811015,13.15,13.15,12.76,12.77,919,8718
811016,12.6,12.73,12.6,12.72,1060,8863
811019,12.57,12.65,12.35,12.38,729,9029
811020,12.35,12.48,12.15,12.17,669,9126
811021,12.1,12.4,12.07,12.4,667,9235
811022,12.46,12.53,12.21,12.26,536,9246
811023,12.2,12.25,12.1,12.24,235,9168
811026,11.95,12,11.85,11.95,846,9091
811027,11.95,12.1,11.86,12.09,480,9275
811028,12.32,12.59,12.32,12.59,635,9242
811029,12.72,13.03,12.58,12.76,1837,9701
811030,12.63,12.89,12.56,12.79,1097,9898
811102,12.77,12.86,12.67,12.74,937,10136
811103,12.89,13,12.74,12.75,828,10219
811104,12.8,12.83,12.46,12.57,942,10308
811105,12.48,12.65,12.45,12.56,590,10418
811106,12.62,12.66,12.48,12.64,456,10436
811109,12.75,12.95,12.72,12.84,647,10436
811110,12.77,12.8,12.5,12.55,721,10434
811111,12.53,12.6,12.45,12.6,329,10492
811112,12.69,12.7,12.6,12.69,358,10556
811113,12.73,12.73,12.53,12.67,420,10662
811116,12.6,12.75,12.39,12.45,792,10817
811117,12.32,12.35,12.03,12.05,1246,10652
811118,11.97,12.08,11.95,12.06,892,10594
811119,12.15,12.37,12.13,12.34,1723,10859
811120,12.38,12.5,12.32,12.39,1078,10871
811123,12.44,12.47,12.2,12.27,646,10916
811124,12.22,12.54,12.22,12.45,928,11002
811125,12.68,12.95,12.63,12.95,1944,11031
811127,13.15,13.45,13.1,13.45,2634,11371
811130,13.35,13.4,13.08,13.21,2151,11939
811201,13.1,13.18,13.02,13.15,1626,12212
811202,13.04,13.05,12.75,12.96,958,12395
811203,12.77,12.92,12.7,12.76,1599,12583
811204,12.97,13.17,12.96,13.11,1296,12456
811207,13,13.41,12.93,13.4,1581,12925
811208,13.29,13.46,13.25,13.26,1522,13126
811209,13.15,13.16,12.96,12.96,1809,13376
811210,12.98,13.46,12.97,13.17,2111,13765
811211,13.4,13.6,13.2,13.3,2696,13835
811214,13.26,13.49,13.24,13.3,1255,13952
811215,13.32,13.4,13.27,13.28,896,13860
811216,13.28,13.76,13.22,13.74,2292,13912
811217,13.79,13.9,13.51,13.58,1906,13925
811218,13.5,13.65,13.46,13.56,1021,14157
811221,13.62,13.82,13.54,13.81,2338,14691
811222,13.91,14.09,13.87,14.06,2224,14496
811223,13.96,14,13.7,13.81,1673,14878
811228,13.78,14.01,13.73,13.89,1295,15178
811229,13.8,13.81,13.39,13.39,2624,15755
811230,13.27,13.46,13.26,13.3,1331,15793
811231,13.36,13.45,13.35,13.43,515,15725
820104,13.3,13.32,12.9,12.9,1887,15854
820105,12.9,12.97,12.8,12.95,1296,16024
820106,12.95,13.46,12.95,13.22,1977,16128
820107,12.97,13.25,12.93,13.23,1514,16361
820108,13.18,13.42,13.1,13.18,1647,16363
820111,13.02,13.27,13,13.23,1174,16332
820112,13.32,13.39,13.25,13.37,1303,16362
820113,13.49,13.55,13.38,13.54,2667,17434
820114,13.45,13.66,13.42,13.64,2845,18162
820115,13.58,13.7,13.54,13.59,2690,18595
820118,13.56,13.59,13.45,13.54,1685,19380
820119,13.54,13.59,13.5,13.56,1486,19681
820120,13.52,13.67,13.52,13.56,2683,20486
820121,13.67,13.81,13.66,13.8,2776,20556
820122,13.86,13.86,13.67,13.68,2072,20981
820125,13.87,13.94,13.71,13.72,1529,21339
820126,13.85,13.95,13.84,13.91,1619,21438
820127,14.04,14.13,14.01,14.1,4198,21677
820128,13.98,14,13.83,13.83,3218,21582
820129,13.8,13.89,13.67,13.77,2678,21576
820201,13.68,13.85,13.64,13.83,2558,21826
820202,13.91,13.95,13.8,13.81,2303,22036
820203,13.71,13.72,13.54,13.61,3730,22371
820204,13.63,13.74,13.52,13.73,3039,22337
820205,13.8,13.82,13.67,13.71,2090,22561
820208,13.63,13.65,13.57,13.59,1518,22511
820209,13.4,13.56,13.39,13.51,2577,22420
820210,13.57,13.6,13.49,13.56,2235,22487
820211,13.67,13.76,13.61,13.65,2596,22434
820212,13.65,13.73,13.61,13.64,2407,23123
820216,13.8,13.99,13.8,13.9,3694,24133
820217,13.99,13.99,13.78,13.82,4492,25341
820218,13.68,13.83,13.63,13.81,5197,26457
820219,13.7,13.75,13.61,13.62,4652,28102
820222,13.4,13.5,13.05,13.1,11032,28964
820223,12.93,13,12.54,12.61,10249,28529
820224,12.65,12.65,12.26,12.33,9306,29374
820225,12.4,12.74,12.4,12.69,10403,30238
820226,12.52,12.73,12.46,12.58,5815,30859
820301,12.6,12.64,12.45,12.46,2102,30701
820302,12.4,12.4,12.13,12.24,6238,30806
820303,12.06,12.1,11.92,12.06,6506,31028
820304,11.85,12.06,11.83,11.99,4841,30782
820305,12.1,12.2,11.89,11.91,4106,30513
820308,11.75,11.78,11.41,11.42,4775,30370
820309,11.46,11.55,11.35,11.42,4121,30024
820310,11.4,11.62,11.4,11.58,3992,29671
820311,11.67,11.73,11.6,11.65,3772,29421
820312,11.32,11.35,11.1,11.14,5336,29850
820315,10.98,11.18,10.93,11.16,6243,27404
820316,11.32,11.34,11.09,11.18,4224,26928
820317,11.12,11.35,11.12,11.22,4511,25970
820318,11.35,11.61,11.35,11.58,6427,24515
820319,11.4,11.46,11.32,11.45,4035,24164
820322,11.45,11.5,11.4,11.4,2421,24076
820323,11.55,11.65,11.53,11.58,3448,23861
820324,11.67,11.71,11.37,11.37,4014,24142
820325,11.23,11.27,11.06,11.15,5888,23984
820326,10.98,11.06,10.85,10.86,5262,22810
820329,10.8,11.22,10.8,11.04,5653,22792
820330,11.2,11.24,10.95,11.07,4900,22161
820331,10.86,10.98,10.81,10.97,4902,22319
820401,11.08,11.1,10.95,11,2420,22004
820402,10.93,10.95,10.85,10.88,2193,22452
820405,10.87,10.89,10.65,10.65,2971,22451
820406,10.55,10.64,10.5,10.54,3313,22426
820407,10.56,10.63,10.38,10.5,4090,22169
820408,10.46,10.5,10.36,10.44,2579,22046
820412,10.36,10.39,10.27,10.29,1910,21701
820413,10.18,10.35,10.18,10.27,4571,20631
820414,10.35,10.42,10.28,10.31,3972,19850
820415,10.31,10.42,10.2,10.23,4371,19190
820416,10,10.07,9.93,9.94,4463,18469
820419,9.55,9.59,9.19,9.2,5817,17430
820420,8.85,8.99,8.73,8.92,6869,16032
820421,8.98,9.17,8.95,9.07,6502,14786
820422,8.96,9,8.58,8.69,4040,13460
820423,9.06,9.06,8.72,8.88,5147,12097
820426,9.01,9.06,8.87,9.05,3352,11176
820427,9,9.01,8.81,8.97,3438,10397
820428,9,9.38,8.97,9.3,4918,9024
820429,9.3,9.45,9.16,9.21,5028,4161
820430,9.25,9.3,8.9,9.08,2945,0
