830214,9.99,9.99,9.7,9.7,1,3
830215,9.66,9.73,9.66,9.73,1,3
830216,9.89,9.89,9.71,9.71,5,6
830217,9.68,9.68,9.68,9.68,0,6
830218,9.7,9.75,9.5,9.5,3,7
830222,9.52,9.52,9.1,9.1,3,8
830223,9.2,9.2,9.15,9.15,14,13
830224,9.25,9.3,9.15,9.15,4,22
830225,9.12,9.12,8.99,8.99,8,23
830228,8.85,8.85,8.65,8.65,12,25
830301,8.67,8.69,8.63,8.63,14,32
830302,8.7,8.71,8.7,8.71,2,32
830303,8.85,8.85,8.7,8.75,5,37
830304,8.74,8.75,8.68,8.68,13,50
830307,8.81,8.81,8.73,8.73,4,52
830308,8.76,8.8,8.6,8.6,5,54
830309,8.7,8.73,8.7,8.73,5,54
830310,8.85,8.85,8.8,8.8,14,56
830311,8.88,8.88,8.88,8.88,0,56
830314,8.95,9.2,8.85,9.2,9,59
830315,9.03,9.1,8.95,9.01,49,78
830316,8.93,9,8.85,8.85,19,91
830317,8.93,8.96,8.93,8.96,6,92
830318,9.09,9.1,8.85,8.85,39,116
830321,8.98,8.98,8.98,8.98,0,116
830322,9.08,9.08,9,9.05,8,116
830323,9.03,9.17,9.03,9.03,3,118
830324,9.15,9.2,9,9,18,118
830325,9.25,9.25,9.05,9.05,3,119
830328,9.23,9.25,9.2,9.2,5,121
830329,9.35,9.35,9.35,9.35,0,121
830330,9.4,9.4,9.31,9.31,3,120
830331,9.3,9.53,9.3,9.41,5,123
830404,9.5,9.61,9.5,9.61,3,123
830405,9.61,9.65,9.61,9.61,12,125
830406,9.5,9.55,9.38,9.38,51,158
830407,9.35,9.49,9.35,9.49,10,156
830408,9.7,9.7,9.43,9.43,20,160
830411,9.55,9.6,9.5,9.52,66,211
830412,9.62,9.65,9.45,9.45,91,164
830413,9.55,9.55,9.3,9.33,116,165
830414,9.32,9.46,9.32,9.46,10,163
830415,9.5,9.55,9.5,9.55,1,163
830418,9.55,9.75,9.55,9.75,39,185
830419,9.85,9.98,9.85,9.98,160,200
830420,9.85,9.95,9.83,9.93,67,249
830421,9.81,9.85,9.81,9.85,34,248
830422,9.83,10.01,9.83,10.01,4,237
830425,10.18,10.25,10.18,10.25,177,210
830426,10.2,10.25,10.12,10.25,80,263
830427,9.97,10.07,9.97,9.99,98,290
830428,10,10.05,10,10.03,27,313
830429,10.05,10.07,10,10.06,26,340
830502,10.02,10.29,10.02,10.29,11,336
830503,10.46,10.5,10.35,10.48,184,355
830504,10.49,10.5,10.4,10.5,62,410
830505,10.4,10.5,10.35,10.5,61,461
830506,10.62,10.75,10.6,10.75,69,486
830509,10.7,11,10.7,11,59,504
830510,10.95,10.95,10.75,10.79,77,527
830511,10.7,11.1,10.7,11.09,129,552
830512,11.33,11.43,11.33,11.33,57,550
830513,11.39,11.45,11.35,11.45,69,554
830516,11.67,11.94,11.56,11.92,218,645
830517,12.02,12.42,12.02,12.38,311,843
830518,12.33,12.77,12.23,12.74,430,1103
830519,12.65,12.7,12.35,12.36,372,1240
830520,12.15,12.86,12.15,12.86,188,1293
830523,12.98,13.36,12.98,13.36,324,1361
830524,13.53,13.82,13.35,13.39,473,1683
830525,13.61,13.75,13.45,13.74,344,1739
830526,14.08,14.24,13.95,14.24,425,1825
830527,14.5,14.55,14.1,14.45,336,1945
830531,14.77,14.95,14.5,14.95,253,1958
830601,13.95,13.95,13.95,13.95,69,2020
830602,13.08,13.25,12.95,13.18,389,1908
830603,13.58,13.95,13.3,13.37,206,1906
830606,13.3,13.32,12.4,12.41,194,1882
830607,12.51,12.8,12.51,12.75,100,1888
830608,12.47,12.8,12.4,12.8,81,1968
830609,13.4,13.63,13.4,13.58,134,1985
830610,13.69,13.75,13.35,13.45,97,1990
830613,12.9,12.93,12.9,12.93,8,1981
830614,12.81,13.17,12.81,13.17,20,1988
830615,12.9,12.93,12.6,12.63,87,1968
830616,12.55,12.78,11.98,11.98,58,1970
830617,12.16,12.17,11.85,11.96,81,1965
830620,12.2,12.33,12.15,12.22,44,1953
830621,12.3,12.33,12.05,12.19,80,1936
830622,12.53,12.69,12.53,12.69,55,1944
830623,12.99,13.1,12.99,13.1,61,1955
830624,13.18,13.2,12.97,12.97,90,1980
830627,13.07,13.2,12.68,13.15,63,1982
830628,13.26,13.26,12.68,12.69,126,1968
830629,12.76,13,12.6,12.95,186,1968
830630,13.09,13.1,12.85,12.85,21,1953
830701,12.85,13.03,12.85,13.03,4,1951
830705,12.91,13,12.53,12.53,103,1949
830706,12.44,12.63,12.2,12.28,127,1951
830707,12.15,12.78,12.13,12.78,52,1981
830708,12.56,12.6,12.4,12.4,20,1986
830711,12.62,12.62,12.52,12.52,5,1981
830712,12.6,12.6,12.54,12.54,21,1972
830713,12.49,12.55,12.49,12.52,68,1977
830714,12.53,12.54,12.2,12.2,36,1961
830715,12.22,12.22,11.8,11.83,201,2036
830718,11.7,11.7,11.4,11.5,263,2097
830719,11.65,11.75,11.65,11.7,75,2124
830720,11.88,12.04,11.88,11.98,203,2215
830721,11.95,12.27,11.86,12.26,170,2261
830722,12.4,12.76,12.3,12.76,98,2317
830725,13,13.26,12.86,13.26,162,2405
830726,13.08,13.4,13.06,13.2,108,2426
830727,13.14,13.22,13,13.08,47,2444
830728,13.05,13.38,12.95,13.38,118,2517
830729,13.45,13.45,13,13.26,93,2521
830801,13.03,13.36,13,13.36,76,2522
830802,13.55,13.86,13.5,13.7,311,2501
830803,13.64,13.76,13.54,13.55,422,2479
830804,13.4,13.45,13.15,13.44,341,2588
830805,13.28,13.5,13.2,13.29,200,2741
830808,13.36,13.54,13.25,13.53,72,2728
830809,13.59,13.61,13.03,13.03,232,2756
830810,12.8,12.95,12.68,12.71,125,2750
830811,12.9,12.9,12.85,12.85,18,2744
830812,12.85,12.89,12.55,12.55,33,2726
830815,12.55,13.05,12.55,13.05,153,2834
830816,13.2,13.43,12.9,13.12,160,2892
830817,13.17,13.2,12.9,12.91,263,3065
830818,13.06,13.13,13.02,13.02,248,3137
830819,13.1,13.1,12.65,12.67,57,3178
830822,12.94,13.17,12.94,13.16,94,3202
830823,13.2,13.2,12.94,12.94,263,3294
830824,12.85,12.88,12.74,12.76,83,3294
830825,12.96,12.98,12.65,12.69,109,3350
830826,12.6,12.6,12.5,12.5,110,3383
830829,12.38,12.42,12.33,12.39,292,3574
830830,12.52,12.54,12.47,12.54,48,3569
830831,12.49,12.52,12.25,12.27,148,3554
830901,12.35,12.38,12.24,12.35,313,3748
830902,12.32,12.35,12.28,12.32,31,3742
830906,12.52,12.52,12.1,12.1,419,4055
830907,12.03,12.05,11.92,12.05,156,4095
830908,12.05,12.1,11.95,11.96,181,4112
830909,12.04,12.06,11.96,12.06,63,4119
830912,12.2,12.34,12.05,12.15,80,4109
830913,12.18,12.21,11.9,11.92,337,4290
830914,11.75,11.79,11.6,11.77,845,4806
830915,11.65,11.8,11.65,11.66,432,5084
830916,11.58,11.61,11.42,11.43,421,5312
830919,11.65,11.93,11.65,11.93,258,5298
830920,11.89,11.92,11.44,11.44,588,5297
830921,11.3,11.37,11.2,11.22,274,5302
830922,11.4,11.45,11.25,11.45,196,5290
830923,11.45,11.53,11.22,11.26,122,5282
830926,11.13,11.48,11.13,11.45,563,5250
830927,11.57,11.87,11.5,11.68,232,5264
830928,11.85,12.11,11.83,11.95,282,5378
830929,11.96,11.97,11.5,11.5,832,5361
830930,11.56,11.75,11.5,11.5,334,5389
831003,11.46,11.91,11.46,11.91,363,5361
831004,11.98,12.18,11.98,12.08,385,5555
831005,12.12,12.16,11.9,12.06,251,5534
831006,12.08,12.39,11.96,12.37,235,5622
831007,12.42,12.54,12.35,12.53,495,5869
831010,12.51,12.6,12.29,12.29,146,5928
831011,12.23,12.27,11.94,11.96,474,5898
831012,11.88,12.09,11.59,11.61,277,5963
831013,11.7,11.86,11.57,11.85,299,5940
831014,11.88,12,11.8,11.98,103,5964
831017,11.84,11.94,11.8,11.86,301,5889
831018,11.79,11.87,11.64,11.68,490,5828
831019,11.59,11.6,11.37,11.39,429,5902
831020,11.4,11.44,11.25,11.26,534,6091
831021,11.33,11.4,11.26,11.4,283,6227
831024,11.41,11.45,10.9,10.9,189,6270
831025,10.61,10.7,10.49,10.54,885,6571
831026,10.6,10.75,10.52,10.64,600,6630
831027,10.43,10.48,10.14,10.3,712,6658
831028,10.33,10.42,10.3,10.35,956,6591
831031,10.11,10.18,10.02,10.05,346,6639
831101,9.93,10.04,9.82,10.04,930,6534
831102,10.07,10.2,9.75,9.76,390,6504
831103,9.71,10.12,9.68,10.1,605,6619
831104,10.03,10.2,9.95,10.08,1685,6732
831107,10.43,10.58,10.41,10.43,770,7084
831108,10.58,10.6,10.45,10.47,363,6930
831109,10.3,10.39,10.21,10.22,542,7122
831110,10.28,10.65,10.28,10.55,358,6995
831111,10.6,10.64,10.05,10.05,542,7043
831114,9.85,10.02,9.79,10.01,207,7104
831115,9.97,10.04,9.85,9.85,247,7237
831116,9.86,9.98,9.75,9.89,251,7022
831117,9.73,10.09,9.55,10.08,585,7253
831118,9.97,10.08,9.91,9.93,176,7213
831121,9.95,10.43,9.95,10.43,171,7203
831122,10.54,10.56,10.25,10.25,316,7135
831123,10.21,10.25,9.97,10.08,219,7121
831125,10.27,10.45,10.27,10.4,311,7076
831128,10.53,10.62,10.13,10.14,851,6979
831129,10.16,10.25,9.99,10.22,308,6934
831130,10.31,10.33,10.02,10.13,298,6895
831201,10.03,10.09,9.92,9.94,194,6847
831202,9.95,10.01,9.85,9.85,161,6876
831205,9.79,10.18,9.79,10.16,510,6739
831206,10.11,10.23,9.96,9.97,447,6815
831207,9.89,9.94,9.81,9.81,625,7073
831208,9.84,9.97,9.72,9.73,529,7130
831209,9.72,9.88,9.72,9.85,98,7149
831212,9.92,9.96,9.7,9.76,229,7100
831213,9.72,9.72,9.26,9.26,687,7243
831214,9.2,9.28,9.13,9.2,968,7154
831215,9.18,9.32,9.13,9.23,349,7194
831216,9.27,9.36,9.26,9.32,278,7303
831219,9.33,9.34,9.16,9.18,224,7404
831220,9.19,9.19,8.78,8.95,377,7335
831221,9,9.11,8.93,9.11,318,7337
831222,9.05,9.05,8.92,8.95,262,7316
831223,8.9,9.09,8.82,9.08,187,7339
831227,9.04,9.09,8.75,8.76,880,7804
831228,8.71,8.82,8.66,8.68,773,7899
831229,8.8,8.89,8.74,8.75,570,7958
831230,8.83,8.87,8.8,8.83,399,7896
840103,8.72,8.75,8.55,8.6,651,8030
840104,8.55,8.69,8.51,8.68,555,8203
840105,8.63,8.65,8.44,8.45,722,8420
840106,8.41,8.48,8.33,8.42,674,8611
840109,8.32,8.39,8.2,8.22,278,8663
840110,8.3,8.38,8.28,8.31,671,8662
840111,8.31,8.35,8.21,8.35,500,8621
840112,8.45,8.83,8.45,8.82,810,8774
840113,8.64,8.69,8.44,8.45,908,8829
840116,8.29,8.44,8.27,8.3,467,8944
840117,8.27,8.32,8.21,8.26,466,8900
840118,8.21,8.55,8.2,8.43,772,9082
840119,8.5,8.65,8.35,8.58,617,9241
840120,8.5,8.67,8.5,8.66,460,9316
840123,8.78,8.95,8.29,8.3,1143,9455
840124,8.26,8.4,7.88,7.89,1285,9659
840125,7.97,8.17,7.97,8.13,888,9627
840126,8.05,8.24,8.02,8.23,448,9547
840127,8.22,8.27,8.01,8.03,470,9706
840130,8,8.17,7.94,8.16,595,9881
840131,8.15,8.2,8.05,8.14,683,10166
840201,8.07,8.11,8,8.02,523,10309
840202,8.05,8.15,8.05,8.14,952,10210
840203,8.22,8.26,8.17,8.18,748,10353
840206,8.08,8.12,7.96,7.97,756,10442
840207,7.78,7.8,7.63,7.64,1257,10616
840208,7.77,7.84,7.6,7.68,1240,11019
840209,7.75,7.77,7.59,7.61,589,11107
840210,7.65,7.7,7.6,7.61,577,11199
840213,7.57,7.62,7.33,7.42,1174,11398
840214,7.31,7.35,7.3,7.35,734,11676
840215,7.33,7.55,7.33,7.54,1415,12018
840216,7.55,7.6,7.46,7.52,1253,12673
840217,7.48,7.49,7.23,7.24,1411,13152
840221,7.3,7.45,7.3,7.45,1615,13808
840222,7.49,7.59,7.37,7.55,1337,14096
840223,7.52,7.54,7.37,7.38,1063,14385
840224,7.32,7.47,7.32,7.42,1007,14826
840227,7.42,7.45,7.35,7.35,969,15293
840228,7.27,7.34,7.16,7.2,2007,15810
840229,7.12,7.2,7.11,7.16,1763,16485
840301,7.23,7.34,7.23,7.31,1762,16648
840302,7.34,7.38,7.32,7.37,1441,16536
840305,7.4,7.46,7.39,7.39,1243,16847
840306,7.38,7.4,7.2,7.24,2466,17579
840307,7.1,7.12,7.02,7.03,2129,18116
840308,7.07,7.19,7.07,7.16,1313,18348
840309,7.14,7.8,7.14,7.77,3573,19245
840312,7.6,7.82,7.6,7.62,3506,20004
840313,7.55,7.7,7.44,7.64,2929,20356
840314,7.7,7.71,7.27,7.31,2469,20608
840315,7.31,7.65,7.31,7.45,2625,21086
840316,7.45,7.72,7.43,7.53,3516,22195
840319,7.56,7.64,7.45,7.52,1496,22350
840320,7.59,7.65,7.53,7.56,1482,22530
840321,7.63,7.75,7.58,7.58,2867,22931
840322,7.56,7.58,7.05,7.15,5175,22793
840323,7.16,7.35,7.07,7.28,2794,22763
840326,7.31,7.45,7.24,7.44,2416,23569
840327,7.41,7.45,7.21,7.22,1699,23628
840328,7.16,7.5,7.16,7.43,2595,24060
840329,7.38,7.45,7.32,7.43,938,24184
840330,7.37,7.4,7.24,7.29,1847,24171
840402,7.25,7.36,7.22,7.23,1243,24217
840403,7.18,7.22,6.96,7.03,4996,24181
840404,7.06,7.22,7.02,7.19,2489,24450
840405,7.1,7.11,6.85,6.85,4756,24562
840406,6.9,6.98,6.78,6.89,4276,25079
840409,6.9,6.94,6.82,6.84,2387,25669
840410,6.8,6.84,6.75,6.76,3655,26119
840411,6.76,6.81,6.65,6.66,2817,26621
840412,6.65,6.73,6.59,6.6,4339,27324
840413,6.65,6.77,6.65,6.7,2724,27731
840416,6.67,6.69,6.48,6.5,2863,28491
840417,6.48,6.69,6.46,6.63,2027,28817
840418,6.53,6.61,6.48,6.6,3489,29929
840419,6.55,6.62,6.45,6.48,3087,30672
840423,6.45,6.57,6.43,6.49,2150,31307
840424,6.49,6.57,6.47,6.48,2830,31995
840425,6.51,6.57,6.5,6.54,3734,32376
840426,6.58,6.63,6.51,6.52,4260,32266
840427,6.57,6.59,6.31,6.4,5073,33320
840430,6.31,6.49,6.31,6.48,2587,33120
840501,6.45,6.47,6.32,6.33,1711,33359
840502,6.28,6.3,6.1,6.11,4359,33616
840503,6.08,6.17,6.05,6.06,4576,33999
840504,6,6.04,5.87,5.87,4453,33530
840507,5.85,5.88,5.6,5.62,4427,32675
840508,5.58,5.7,5.48,5.6,5581,32392
840509,5.65,5.9,5.65,5.71,4918,31837
840510,5.67,5.81,5.55,5.59,2456,31490
840511,5.54,5.62,5.51,5.56,2539,30955
840514,5.52,5.79,5.52,5.76,2425,30675
840515,5.71,5.82,5.66,5.76,3310,29858
840516,5.72,5.78,5.67,5.68,1330,29663
840517,5.66,5.75,5.63,5.71,1926,29526
840518,5.7,5.85,5.68,5.84,2041,29307
840521,5.9,6.12,5.9,6.11,5132,28693
840522,6.09,6.11,5.88,5.89,3948,28273
840523,5.83,5.85,5.6,5.66,4037,27590
840524,5.65,5.8,5.61,5.8,2349,27704
840525,5.83,5.96,5.68,5.85,2532,27554
840529,5.75,5.82,5.7,5.72,1371,26897
840530,5.67,5.76,5.67,5.75,1584,27239
840531,5.71,5.88,5.7,5.88,1854,27487
840601,5.96,6.02,5.78,5.83,3210,27764
840604,5.81,5.83,5.67,5.71,2078,27512
840605,5.86,5.9,5.72,5.73,2583,26857
840606,5.9,6,5.85,5.98,4055,26522
840607,6.02,6.04,5.85,5.87,4291,26336
840608,5.85,5.88,5.81,5.83,1943,25875
840611,5.83,5.84,5.7,5.73,2447,25178
840612,5.68,5.72,5.52,5.53,4514,25168
840613,5.56,5.66,5.5,5.64,3893,23662
840614,5.66,5.7,5.57,5.6,2510,22353
840615,5.63,5.64,5.57,5.62,2390,21165
840618,5.63,5.68,5.62,5.65,3709,19719
840619,5.67,5.71,5.65,5.68,4039,18440
840620,5.63,5.69,5.59,5.59,3023,18025
840621,5.56,5.6,5.38,5.4,4460,16180
840622,5.41,5.48,5.41,5.42,3346,14390
840625,5.39,5.42,5.15,5.16,5527,12483
840626,5.16,5.25,5.15,5.17,5293,9953
840627,5.22,5.25,5.16,5.19,5101,7619
840628,5.19,5.24,4.95,4.97,5900,2869
840629,4.86,5.1,4.77,4.87,3174,234
