841001,7.55,7.55,7.52,7.52,5,5
841002,7.77,7.98,7.77,7.98,106,87
841003,8.15,8.15,8,8.07,9,108
841004,8.06,8.06,7.98,8,31,138
841005,7.85,8.19,7.85,8.19,80,193
841008,8.2,8.27,8.05,8.05,20,208
841009,8.05,8.21,8.05,8.21,2,208
841010,8.24,8.25,8.05,8.05,22,212
841011,8.02,8.18,8.02,8.18,82,309
841012,8.2,8.2,8.01,8.01,6,313
841015,8.02,8.24,8,8.24,65,366
841016,8.22,8.22,8.09,8.1,173,508
841017,8.09,8.09,8.09,8.09,11,539
841018,8.08,8.08,8.06,8.06,126,614
841019,8.04,8.06,7.95,7.96,4,632
841022,7.97,7.97,7.61,7.61,9,634
841023,7.64,7.75,7.63,7.75,8,633
841024,7.75,7.84,7.73,7.84,26,642
841025,7.75,7.78,7.74,7.74,44,643
841026,7.73,7.75,7.73,7.75,4,661
841029,7.74,7.74,7.62,7.64,11,649
841030,7.58,7.92,7.58,7.92,17,647
841031,7.88,7.88,7.84,7.87,6,644
841101,7.9,8.03,7.88,8.03,258,792
841102,8.08,8.08,7.96,8.04,58,827
841105,8.11,8.11,7.97,7.97,32,845
841106,7.97,8.01,7.94,8.01,98,901
841107,8.01,8.02,7.81,7.81,61,979
841108,7.81,7.96,7.81,7.96,40,1008
841109,7.93,7.98,7.87,7.87,93,1048
841112,7.84,7.87,7.71,7.73,97,1116
841113,7.75,7.75,7.65,7.65,68,1143
841114,7.63,7.71,7.63,7.63,149,1173
841115,7.65,7.69,7.65,7.66,174,1241
841116,7.69,7.69,7.43,7.43,74,1264
841119,7.4,7.4,7.33,7.39,184,1308
841120,7.4,7.41,7.35,7.37,66,1331
841121,7.32,7.44,7.25,7.43,35,1336
841123,7.4,7.4,7.21,7.21,5,1344
841126,7.2,7.33,7.18,7.33,47,1321
841127,7.34,7.51,7.31,7.49,30,1332
841128,7.34,7.42,7.31,7.42,61,1333
841129,7.43,7.46,7.35,7.35,130,1379
841130,7.3,7.38,7.3,7.38,302,1571
841203,7.35,7.39,7.35,7.39,128,1596
841204,7.39,7.4,7.33,7.4,212,1636
841205,7.4,7.4,7.28,7.28,56,1657
841206,7.29,7.29,7.2,7.23,59,1677
841207,7.21,7.22,7.19,7.19,9,1681
841210,7.11,7.11,6.83,6.85,54,1710
841211,6.84,6.85,6.68,6.71,95,1717
841212,6.7,6.79,6.7,6.79,147,1714
841213,6.77,6.78,6.71,6.74,115,1725
841214,6.73,6.76,6.58,6.59,32,1739
841217,6.48,6.5,6.43,6.45,64,1740
841218,6.43,6.55,6.43,6.54,60,1746
841219,6.56,6.56,6.42,6.42,63,1774
841220,6.45,6.45,6.2,6.21,144,1760
841221,6.27,6.28,6.1,6.1,49,1775
841226,6.02,6.11,6.02,6.11,62,1793
841227,6.07,6.18,6.07,6.18,20,1789
841228,6.2,6.23,6.15,6.23,54,1794
841231,6.23,6.24,6.21,6.22,31,1792
850102,6.2,6.28,6.18,6.23,118,1811
850103,6.18,6.2,6.16,6.16,0,1799
850104,6.15,6.31,6.13,6.31,134,1882
850107,6.26,6.35,6.26,6.35,174,1833
850108,6.43,6.44,6.38,6.42,274,1927
850109,6.38,6.51,6.37,6.51,188,2040
850110,6.57,6.64,6.47,6.64,203,2208
850111,6.68,6.95,6.64,6.93,490,2484
850114,7.1,7.12,6.75,6.9,256,2630
850115,6.82,6.82,6.73,6.81,254,2652
850116,6.7,6.76,6.65,6.68,205,2702
850117,6.65,6.66,6.32,6.33,593,3000
850118,6.26,6.29,6.15,6.26,213,3084
850121,6.25,6.46,6.25,6.46,269,3135
850122,6.5,6.51,6.22,6.28,929,3750
850123,6.23,6.45,6.18,6.44,398,3675
850124,6.39,6.45,6.22,6.26,227,3860
850125,6.29,6.57,6.29,6.52,319,3960
850128,6.54,6.58,6.5,6.58,347,4011
850129,6.5,6.51,6.37,6.37,344,4066
850130,6.36,6.52,6.25,6.49,163,4065
850131,6.45,6.46,6.3,6.31,1074,4598
850201,6.28,6.43,6.28,6.43,251,4676
850204,6.37,6.4,6.3,6.34,57,4678
850205,6.25,6.28,6.12,6.15,107,4718
850206,6.16,6.25,6.15,6.17,205,4657
850207,6.17,6.25,6.17,6.25,144,4712
850208,6.25,6.26,5.95,6.02,152,4821
850211,6.02,6.08,6.01,6.07,12,4755
850212,6.02,6.04,5.92,5.95,399,4816
850213,5.9,5.98,5.9,5.91,139,4837
850214,5.9,5.97,5.9,5.91,1171,5232
850215,5.96,6.17,5.96,6.16,191,5268
850219,6.14,6.16,6.05,6.11,396,5455
850220,6.04,6.04,5.85,5.96,338,5586
850221,5.91,5.97,5.87,5.92,232,5677
850222,5.96,5.96,5.84,5.85,422,5774
850225,5.75,5.8,5.7,5.76,317,5806
850226,5.76,5.89,5.76,5.85,539,5869
850227,5.94,5.99,5.91,5.91,315,6012
850228,5.82,5.86,5.81,5.83,427,6128
850301,5.92,5.99,5.9,5.99,955,6673
850304,6.05,6.05,5.99,6.05,397,6754
850305,5.96,6,5.85,5.97,2339,8381
850306,5.91,5.99,5.89,5.99,1218,8809
850307,5.93,5.93,5.74,5.75,2316,9138
850308,5.7,5.7,5.35,5.38,1727,9175
850311,5.41,5.44,5.34,5.35,2931,8466
850312,5.42,5.48,5.32,5.34,1308,8277
850313,5.37,5.58,5.37,5.55,756,8249
850314,5.49,5.52,5.35,5.38,520,8087
850315,5.38,5.43,5.35,5.37,553,8060
850318,5.43,5.45,5.35,5.37,355,8149
850319,5.5,5.54,5.44,5.5,562,8174
850320,5.43,5.47,5.4,5.44,856,8265
850321,5.45,5.5,5.44,5.48,502,8356
850322,5.48,5.48,5.39,5.41,546,8412
850325,5.35,5.4,5.35,5.4,204,8386
850326,5.42,5.44,5.32,5.32,595,8403
850327,5.37,5.41,5.26,5.27,657,8643
850328,5.26,5.29,5.08,5.1,1394,8852
850329,5.13,5.17,5.05,5.06,1331,9087
850401,5.04,5.2,5.04,5.2,1088,9304
850402,5.19,5.21,5.06,5.07,1227,9375
850403,5.11,5.13,5.06,5.11,587,9427
850404,5.09,5.16,5.09,5.14,486,9317
850408,5.1,5.15,5.08,5.08,341,9291
850409,5.08,5.12,5,5.01,705,9550
850410,5.01,5.12,5.01,5.1,1356,10318
850411,5.11,5.18,5.09,5.18,1055,10760
850412,5.15,5.17,5.14,5.17,442,10962
850415,5.13,5.18,4.96,4.99,451,11031
850416,5.02,5.04,4.95,4.99,619,11326
850417,4.92,5.01,4.91,4.94,1063,11213
850418,4.94,4.98,4.91,4.92,531,11113
850419,4.94,4.95,4.86,4.87,496,11188
850422,4.81,4.84,4.75,4.75,624,11261
850423,4.69,4.72,4.65,4.68,989,11504
850424,4.63,4.85,4.63,4.82,1109,11464
850425,4.78,4.83,4.74,4.76,672,11283
850426,4.7,4.72,4.63,4.64,848,11257
850429,4.65,4.67,4.58,4.61,1531,11657
850430,4.61,4.72,4.61,4.71,17,11664
850501,4.64,4.69,4.62,4.68,539,11516
850502,4.65,4.67,4.48,4.56,720,11577
850503,4.4,4.46,4.34,4.36,1432,11568
850506,4.34,4.36,4.16,4.2,1046,11619
850507,4.14,4.17,4.03,4.03,1972,11669
850508,4.12,4.17,4.09,4.13,1407,11898
850509,4.1,4.16,4.08,4.1,1058,12259
850510,4.17,4.21,4.1,4.13,890,12527
850513,4.11,4.21,3.98,4.21,2130,12950
850514,4.13,4.22,4.13,4.19,1483,12845
850515,4.15,4.19,4.14,4.15,518,12928
850516,4.12,4.16,4.06,4.07,666,13125
850517,4.02,4.23,4,4.22,984,13503
850520,4.19,4.28,4.19,4.25,1533,14135
850521,4.24,4.27,4.2,4.24,5081,17417
850522,4.18,4.25,4.15,4.24,3751,19021
850523,4.22,4.26,4.15,4.25,1783,19225
850524,4.23,4.25,4.18,4.2,774,19264
850528,4.18,4.22,4.16,4.16,1395,19348
850529,4.15,4.21,4.13,4.18,2221,19506
850530,4.19,4.2,4.13,4.16,1634,20115
850531,4.22,4.29,4.22,4.28,1689,20679
850603,4.3,4.33,4.15,4.2,1856,20775
850604,4.12,4.15,4,4.01,2221,21429
850605,3.99,4.07,3.96,4.06,4001,21661
850606,4.07,4.11,3.93,3.98,1478,21842
850607,3.98,4,3.84,3.87,3973,22436
850610,3.88,3.89,3.76,3.77,2545,22735
850611,3.81,3.83,3.75,3.8,3310,24011
850612,3.83,3.85,3.74,3.81,2983,24762
850613,3.87,3.94,3.86,3.89,1637,25236
850614,3.87,3.93,3.85,3.93,1037,25541
850617,3.92,3.94,3.83,3.91,1301,25740
850618,3.9,3.94,3.82,3.91,2060,26559
850619,3.91,3.92,3.56,3.57,6420,26207
850620,3.59,3.61,3.34,3.37,9308,23097
850621,3.46,3.51,3.46,3.49,3957,22781
850624,3.47,3.54,3.47,3.53,1391,23033
850625,3.53,3.56,3.51,3.53,1633,23826
850626,3.55,3.6,3.53,3.53,1432,23912
850627,3.56,3.64,3.56,3.59,1311,23822
850628,3.63,3.73,3.59,3.63,2321,23738
850701,3.63,3.68,3.58,3.58,847,23832
850702,3.52,3.53,3.44,3.45,1270,24182
850703,3.46,3.47,3.39,3.47,868,23999
850708,3.43,3.48,3.4,3.43,1055,23918
850709,3.43,3.49,3.43,3.44,1837,23393
850710,3.48,3.52,3.47,3.52,2349,23740
850711,3.49,3.53,3.48,3.52,1126,23775
850712,3.49,3.5,3.41,3.46,1694,23680
850715,3.47,3.52,3.43,3.51,559,23838
850716,3.48,3.62,3.48,3.61,2576,24057
850717,3.68,3.74,3.63,3.74,2306,24334
850718,3.76,3.94,3.75,3.89,4048,25403
850719,3.9,3.96,3.85,3.95,2447,26088
850722,3.9,4.4,3.88,4.3,5881,27400
850723,4.35,4.5,4.18,4.31,7420,27361
850724,4.18,4.33,4.12,4.19,2700,27600
850725,4.24,4.69,4.24,4.69,5071,28855
850726,5.14,5.19,4.85,5.19,10892,28935
850729,4.97,5.33,4.78,4.82,9061,30439
850730,4.85,5,4.83,4.87,5328,30950
850731,4.98,5.1,4.83,5.07,5532,30702
850801,5.25,5.45,5.15,5.34,8869,31033
850802,5.33,5.42,5.2,5.4,6576,31404
850805,5.54,5.59,5.43,5.45,4583,31221
850806,5.46,5.49,5.2,5.37,7017,31151
850807,5.33,5.35,4.87,4.9,9197,32477
850808,4.92,4.99,4.84,4.94,3328,32893
850809,5.03,5.27,4.9,4.91,5938,33202
850812,4.8,5.12,4.75,5.11,3971,33184
850813,5.3,5.32,5.14,5.16,3519,33253
850814,5.06,5.19,5.05,5.06,4566,33725
850815,5.07,5.09,4.84,4.86,5001,34210
850816,4.78,5.04,4.78,4.94,3742,34446
850819,4.98,5,4.71,4.72,5064,33952
850820,4.69,4.81,4.65,4.77,5085,33390
850821,4.8,4.83,4.52,4.58,6898,32793
850822,4.52,4.58,4.41,4.56,6324,32284
850823,4.6,4.88,4.56,4.86,5347,32473
850826,4.96,4.98,4.73,4.74,5261,33785
850827,4.79,5,4.78,4.98,5239,34939
850828,5.05,5.25,4.99,5.24,7175,35572
850829,5.25,5.29,5.16,5.17,5186,36304
850830,5.15,5.17,4.98,5.13,4975,36858
850903,5.17,5.63,5.17,5.61,10284,38128
850904,5.59,5.85,5.46,5.7,11588,39290
850905,5.73,5.78,5.58,5.7,5596,39513
850906,5.5,5.61,5.43,5.6,6782,39680
850909,5.64,5.84,5.61,5.71,7287,40300
850910,5.85,6.05,5.85,6,11551,43314
850911,5.9,5.98,5.76,5.78,9354,42649
850912,5.75,5.78,5.66,5.69,8663,41886
850913,5.65,6,5.31,5.88,10298,43533
850916,6.13,6.2,5.95,5.96,8653,43899
850917,5.95,6.1,5.83,5.87,11021,45523
850918,5.77,5.96,5.75,5.95,7026,47188
850919,5.94,5.95,5.7,5.72,9996,47999
850920,5.71,5.9,5.68,5.86,6605,49356
850923,6.02,6.07,5.67,5.78,10582,49460
850924,5.78,5.88,5.69,5.88,6978,49560
850925,5.82,5.94,5.8,5.89,6068,50877
850926,5.82,5.84,5.41,5.42,17968,50984
850930,5.48,5.66,5.46,5.65,6962,50546
851001,5.61,5.75,5.55,5.65,6716,50717
851002,5.58,5.71,5.57,5.6,4321,50056
851003,5.53,5.71,5.47,5.7,7677,49267
851004,5.68,5.7,5.5,5.55,6692,48823
851007,5.45,5.49,5.29,5.3,11341,47674
851008,5.37,5.44,5.34,5.36,5319,47598
851009,5.27,5.66,5.27,5.64,9173,47627
851010,5.6,5.79,5.54,5.55,10146,46686
851011,5.56,5.64,5.54,5.57,3452,46200
851015,5.5,5.73,5.5,5.72,7257,46124
851016,5.68,5.74,5.33,5.34,11033,45616
851017,5.43,5.5,5.36,5.38,8068,45193
851018,5.38,5.6,5.25,5.37,12570,44570
851021,5.34,5.45,5.34,5.39,3596,44834
851022,5.36,5.51,5.36,5.49,3786,45636
851023,5.5,5.62,5.4,5.41,6753,46378
851024,5.46,5.52,5.38,5.51,3291,46459
851025,5.54,5.55,5.47,5.5,1722,46675
851028,5.5,5.67,5.48,5.62,5925,46761
851029,5.72,5.98,5.65,5.95,17974,48078
851030,5.99,6.03,5.81,5.88,10101,47631
851031,5.93,6.15,5.91,6.14,13046,48808
851101,6.15,6.3,6.08,6.27,13894,50263
851104,6.2,6.25,6.09,6.15,7771,51046
851105,6.1,6.37,6.1,6.33,10550,51961
851106,6.38,6.39,6.21,6.22,7479,51995
851107,6.13,6.19,5.91,5.93,12881,50788
851108,5.93,6.08,5.93,6.02,5989,51227
851111,6,6.15,5.99,6.12,4880,51328
851112,6.16,6.2,6.02,6.07,4973,51375
851113,5.97,6.02,5.82,5.97,9372,50780
851114,6.03,6.09,5.9,5.93,5916,50112
851115,5.92,6.01,5.85,5.88,5092,49203
851118,5.82,5.87,5.73,5.73,7676,49105
851119,5.79,5.87,5.73,5.83,6375,48571
851120,5.87,5.96,5.87,5.93,4793,47868
851121,5.95,6.32,5.87,6.32,15392,49144
851122,6.28,6.34,6.12,6.18,8277,48893
851125,6.25,6.29,6.12,6.17,4774,48878
851126,6.1,6.23,6.06,6.08,6411,49148
851127,6.08,6.22,5.98,6.18,7182,50003
851129,6.16,6.22,6.12,6.13,3446,50073
851202,6.2,6.56,6.19,6.5,12291,51777
851203,6.49,6.51,6.33,6.34,6786,51718
851204,6.41,6.53,6.28,6.33,8373,51298
851205,6.37,6.52,6.32,6.51,10078,51987
851206,6.53,6.55,6.36,6.4,6380,51840
851209,6.31,6.35,6.21,6.32,6364,51617
851210,6.25,6.47,6.25,6.26,6222,51268
851211,6.18,6.23,6.06,6.09,11006,51009
851212,6.11,6.22,6.07,6.07,4889,50965
851213,6.15,6.36,6.15,6.35,7751,51262
851216,6.35,6.45,6.26,6.33,6335,51485
851217,6.38,6.5,6.23,6.26,8276,51003
851218,6.17,6.25,6.15,6.18,4947,49991
851219,6.02,6.06,5.88,5.92,14875,48540
851220,5.95,6.04,5.88,5.9,6424,47368
851223,5.88,5.96,5.6,5.61,14452,45679
851226,5.5,5.55,5.38,5.44,14423,43742
851227,5.52,5.65,5.51,5.55,7492,41893
851230,5.55,5.62,5.48,5.51,4015,41565
851231,5.56,5.67,5.54,5.62,2859,42742
860102,5.68,5.71,5.54,5.55,4454,41271
860103,5.51,5.56,5.45,5.51,4801,41122
860106,5.58,5.63,5.54,5.62,3095,40708
860107,5.69,5.89,5.68,5.88,7363,40369
860108,5.75,5.83,5.64,5.66,4623,39377
860109,5.65,5.75,5.55,5.6,5370,38671
860110,5.6,5.68,5.6,5.65,2061,38408
860113,5.61,5.63,5.32,5.34,12202,38812
860114,5.3,5.34,5.07,5.13,14226,38976
860115,5.22,5.28,5.14,5.19,5187,38694
860116,5.25,5.31,5.11,5.14,4980,39106
860117,5.18,5.24,5.16,5.2,4126,38777
860120,5.19,5.26,5.07,5.1,4922,38698
860121,5.06,5.16,4.97,5.15,7134,38875
860122,5.16,5.42,5.16,5.39,9558,37338
860123,5.47,6.08,5.47,6.07,20643,37570
860124,5.95,6.13,5.85,5.93,12874,33027
860127,5.9,6.02,5.86,5.94,5937,31887
860128,5.95,6.07,5.79,5.86,7950,32490
860129,5.93,6.02,5.78,5.8,6079,32139
860130,5.77,5.82,5.65,5.76,6027,31541
860131,5.8,5.94,5.72,5.92,5697,31162
860203,6.03,6.12,5.77,5.78,5444,30398
860204,5.62,6.02,5.6,5.79,10951,29847
860205,5.82,5.89,5.69,5.71,6878,28418
860206,5.75,5.87,5.69,5.86,4592,27061
860207,5.84,6,5.81,5.94,5793,26035
860210,5.96,5.99,5.89,5.91,3231,24668
860211,5.83,5.89,5.76,5.81,4151,23748
860212,5.78,5.97,5.74,5.96,5409,22664
860213,5.88,5.96,5.88,5.92,5948,20910
860214,5.83,5.89,5.65,5.67,7480,20493
860218,5.67,5.78,5.66,5.67,4489,17130
860219,5.7,5.79,5.67,5.68,4021,15490
860220,5.7,5.88,5.7,5.87,4214,13693
860221,5.91,5.93,5.8,5.81,2576,11770
860224,5.84,5.88,5.8,5.82,3251,10144
860225,5.78,5.98,5.74,5.9,7116,7779
860226,5.88,5.94,5.83,5.85,3216,5811
860227,5.9,5.92,5.81,5.85,3763,2743
860228,5.8,6.52,5.77,6.18,3217,852
