901228,9.76,9.77,9.76,9.77,50,40
910102,9.57,9.57,9.45,9.45,0,45
910103,9.45,9.45,9.45,9.45,1,50
910104,9.58,9.58,9.47,9.47,0,50
910107,9.55,9.55,9.55,9.55,0,50
910108,9.37,9.4,9.37,9.39,4,50
910109,9.34,9.47,9.34,9.47,67,69
910110,9.35,9.35,9.26,9.26,17,72
910111,9.43,9.43,9.4,9.4,2,71
910114,9.33,9.33,9.33,9.33,0,71
910115,9.33,9.33,9.33,9.33,0,71
910116,9.37,9.38,9.32,9.32,2,72
910117,9.33,9.33,9.3,9.32,3,72
910118,9.29,9.29,9.29,9.29,0,72
910121,9.21,9.21,9.21,9.21,0,72
910122,9.2,9.2,9.2,9.2,0,72
910123,9.25,9.25,9.25,9.25,1,72
910124,9.23,9.25,9.23,9.25,6,66
910125,9.25,9.25,9.18,9.18,9,57
910128,9,9,9,9,0,57
910129,8.99,8.99,8.99,8.99,0,57
910130,8.94,8.97,8.92,8.97,8,59
910131,9.09,9.09,9.09,9.09,1,59
910201,9.32,9.32,9.32,9.32,0,59
910204,9.27,9.27,9.27,9.27,0,59
910205,9.14,9.14,9.14,9.14,0,59
910206,8.95,8.95,8.95,8.95,2,61
910207,8.93,8.93,8.93,8.93,0,61
910208,8.84,8.84,8.84,8.84,0,61
910211,8.53,8.53,8.53,8.53,0,61
910212,8.58,8.58,8.58,8.58,0,61
910213,8.52,8.52,8.52,8.52,0,61
910214,8.54,8.54,8.54,8.54,0,61
910215,8.54,8.54,8.54,8.54,0,61
910219,8.77,8.77,8.77,8.77,3,64
910220,8.58,8.58,8.58,8.58,8,72
910221,8.49,8.49,8.49,8.49,0,72
910222,8.45,8.45,8.45,8.45,40,82
910225,8.53,8.53,8.53,8.53,0,82
910226,8.57,8.57,8.49,8.49,1,83
910227,8.68,8.68,8.68,8.68,0,83
910228,8.67,8.67,8.67,8.67,5,88
910301,8.86,8.87,8.82,8.82,107,164
910304,8.81,8.88,8.81,8.88,78,169
910305,8.72,8.75,8.72,8.75,45,190
910306,8.61,8.61,8.61,8.61,1,190
910307,8.63,8.63,8.63,8.63,0,190
910308,8.35,8.35,8.35,8.35,13,203
910311,8.35,8.53,8.34,8.34,9,211
910312,8.33,8.33,8.33,8.33,13,216
910313,8.38,8.38,8.3,8.3,39,217
910314,8.36,8.54,8.36,8.5,11,228
910315,8.38,8.38,8.38,8.38,0,228
910318,8.45,8.5,8.45,8.5,247,306
910319,8.48,8.48,8.48,8.48,10,308
910320,8.32,8.32,8.32,8.32,0,308
910321,8.41,8.41,8.41,8.41,0,308
910322,8.52,8.52,8.52,8.52,5,308
910325,8.5,8.58,8.5,8.55,580,860
910326,8.58,8.59,8.56,8.56,9,853
910327,8.55,8.56,8.31,8.37,569,1383
910328,8.39,8.39,8.32,8.32,16,1393
910401,8.29,8.43,8.29,8.42,25,1413
910402,8.44,8.44,8.44,8.44,0,1413
910403,8.7,8.7,8.7,8.7,0,1413
910404,8.69,8.76,8.69,8.73,5,1416
910405,8.77,8.77,8.73,8.73,22,1437
910408,9.06,9.06,9.06,9.06,1,1437
910409,9.05,9.05,9.03,9.03,1,1436
910410,8.96,8.96,8.96,8.96,0,1431
910411,8.88,8.93,8.79,8.79,35,1431
910412,8.79,8.79,8.52,8.52,16,1440
910415,8.5,8.52,8.5,8.52,77,1488
910416,8.5,8.52,8.49,8.49,160,1514
910417,8.44,8.44,8.44,8.44,80,1506
910418,8.15,8.15,8.1,8.1,85,1586
910419,8.15,8.15,8,8,72,1547
910422,8.06,8.09,8.03,8.03,334,1755
910423,7.98,7.98,7.92,7.93,196,1901
910424,7.93,8.12,7.93,8.06,56,1902
910425,8.11,8.12,7.93,7.93,177,1812
910426,7.95,8.04,7.95,8.04,23,1814
910429,7.91,7.91,7.91,7.91,0,1864
910430,7.81,7.92,7.8,7.92,79,1854
910501,7.92,8.1,7.92,8.01,91,1928
910502,8.07,8.15,7.95,7.95,305,2020
910503,7.9,7.94,7.88,7.88,24,2035
910506,7.87,7.92,7.75,7.92,100,2073
910507,7.96,7.96,7.8,7.8,194,2073
910508,7.84,7.89,7.71,7.71,58,2207
910509,7.74,7.91,7.74,7.86,87,2250
910510,7.79,7.81,7.67,7.68,357,2348
910513,7.7,7.85,7.7,7.85,68,2335
910514,7.77,7.78,7.69,7.77,220,2360
910515,7.78,7.87,7.78,7.87,170,2414
910516,7.89,7.89,7.77,7.77,227,2630
910517,7.77,7.82,7.76,7.82,55,2632
910520,7.82,7.92,7.82,7.91,61,2659
910521,7.91,7.91,7.79,7.79,352,2719
910522,7.81,7.87,7.78,7.8,87,2669
910523,7.8,7.9,7.8,7.9,31,2668
910524,7.92,7.94,7.9,7.93,85,2708
910528,7.97,7.99,7.85,7.85,46,2717
910529,7.93,7.93,7.89,7.89,118,2728
910530,7.92,7.92,7.85,7.86,155,2801
910531,7.9,7.9,7.65,7.82,177,2863
910603,7.83,8.12,7.83,8.09,314,3020
910604,8.03,8.21,8.03,8.07,201,3104
910605,8.09,8.16,8.04,8.04,365,3354
910606,8.13,8.25,8.07,8.07,211,3509
910607,8.19,8.37,8.17,8.3,247,3598
910610,8.33,8.34,8.29,8.31,201,3717
910611,8.27,8.3,8.19,8.19,44,3733
910612,8.3,8.3,8.21,8.21,105,3805
910613,8.3,8.5,8.3,8.44,301,3893
910614,8.45,8.52,8.26,8.28,533,3770
910617,8.4,8.65,8.4,8.65,477,3773
910618,8.65,8.7,8.53,8.53,399,3728
910619,8.58,8.68,8.53,8.61,532,3696
910620,8.56,8.61,8.48,8.61,894,4061
910621,8.5,8.5,8.38,8.39,40,3996
910624,8.39,8.43,8.36,8.43,110,4000
910625,8.45,8.5,8.45,8.5,215,4144
910626,8.5,8.75,8.5,8.74,836,4363
910627,8.66,8.67,8.42,8.44,422,4417
910628,8.48,8.48,8.3,8.35,879,4731
910701,8.27,8.36,8.27,8.32,98,4683
910702,8.33,8.43,8.33,8.36,318,4537
910703,8.42,8.5,8.42,8.44,178,4499
910708,8.5,8.94,8.5,8.89,910,4916
910709,8.88,8.92,8.85,8.85,695,5498
910710,8.6,8.8,8.6,8.79,2205,6540
910711,8.75,8.79,8.74,8.78,138,6558
910712,8.73,8.83,8.73,8.83,303,6687
910715,8.78,8.82,8.68,8.68,143,6658
910716,8.6,8.6,8.45,8.59,528,6734
910717,8.6,8.65,8.54,8.65,104,6730
910718,8.73,8.87,8.73,8.83,1735,6869
910719,8.7,8.8,8.7,8.71,1046,7151
910722,8.66,8.84,8.66,8.74,482,7363
910723,8.72,8.78,8.7,8.7,474,7447
910724,8.74,8.81,8.67,8.68,264,7478
910725,8.64,8.7,8.62,8.69,242,7603
910726,8.68,8.85,8.68,8.79,375,7598
910729,8.73,8.78,8.71,8.78,184,7598
910730,8.78,8.82,8.73,8.79,345,7649
910731,8.76,8.86,8.73,8.75,1077,8044
910801,8.76,8.9,8.76,8.9,637,8279
910802,8.92,8.95,8.78,8.86,2339,9563
910805,8.82,8.89,8.82,8.88,311,9724
910806,8.85,8.88,8.8,8.86,354,9733
910807,8.78,8.87,8.74,8.86,782,9708
910808,8.78,8.8,8.71,8.71,620,9752
910809,8.73,8.76,8.61,8.61,945,9943
910812,8.57,8.59,8.11,8.16,2129,10291
910813,8.2,8.23,8.1,8.17,577,10117
910814,8.2,8.2,8.12,8.14,1129,10869
910815,8.15,8.16,8.11,8.16,177,10655
910816,8.15,8.16,8.05,8.08,731,10418
910819,7.78,7.92,7.78,7.82,927,10672
910820,7.85,7.87,7.78,7.79,1092,10676
910821,8.19,8.25,8.13,8.24,1351,11050
910822,8.2,8.3,8.2,8.23,647,11279
910823,8.23,8.28,8.2,8.2,1279,11465
910826,8.15,8.36,8.15,8.35,1307,11736
910827,8.28,8.35,8.24,8.28,830,12009
910828,8.29,8.37,8.25,8.34,1177,12452
910829,8.22,8.26,8.17,8.21,978,12808
910830,8.2,8.31,8.2,8.31,751,13046
910903,8.32,8.34,8.29,8.32,461,13178
910904,8.32,8.4,8.25,8.4,412,13208
910905,8.36,8.83,8.24,8.82,2010,13674
910906,8.66,8.82,8.66,8.8,896,13959
910909,8.67,8.7,8.61,8.62,332,14230
910910,8.69,8.76,8.56,8.59,645,14516
910911,8.53,8.77,8.51,8.76,1024,14748
910912,8.66,8.77,8.62,8.71,1009,15115
910913,8.69,8.79,8.63,8.76,992,15542
910916,8.66,8.67,8.47,8.51,1461,15767
910917,8.58,8.85,8.53,8.84,2752,16432
910918,8.74,8.87,8.73,8.87,1232,16687
910919,8.78,8.9,8.7,8.71,1473,17394
910920,8.67,8.73,8.63,8.71,917,17523
910923,8.7,8.84,8.67,8.79,1045,17706
910924,8.73,9.08,8.7,9.07,4268,18087
910925,9.05,9.15,9.04,9.06,3382,18991
910926,9.07,9.1,9.03,9.1,1148,18964
910927,9.09,9.11,9,9.06,1903,19224
910930,9.02,9.03,8.88,8.9,1679,19326
911001,8.88,8.91,8.66,8.76,2007,19095
911002,8.71,8.84,8.7,8.74,1317,18990
911003,8.71,8.74,8.48,8.49,3825,19488
911004,8.54,8.63,8.52,8.59,915,19533
911007,8.6,8.66,8.59,8.65,1109,19624
911008,8.66,8.67,8.53,8.63,1190,19942
911009,8.59,8.61,8.5,8.58,918,20000
911010,8.55,8.6,8.52,8.53,835,19790
911011,8.35,8.43,8.35,8.4,2343,19663
911014,8.44,8.53,8.42,8.5,1440,19460
911015,8.5,8.62,8.5,8.59,739,19301
911016,8.62,8.75,8.62,8.71,1677,18993
911017,8.69,8.78,8.69,8.7,1345,18986
911018,8.66,8.8,8.56,8.57,1556,18661
911021,8.55,8.64,8.55,8.56,330,18655
911022,8.55,8.88,8.55,8.81,1935,18732
911023,8.82,8.97,8.65,8.65,1461,18646
911024,8.65,8.82,8.58,8.71,1127,18590
911025,8.7,8.74,8.61,8.61,772,18519
911028,8.63,8.76,8.61,8.75,526,18618
911029,8.76,8.84,8.74,8.82,619,18716
911030,8.85,8.91,8.81,8.89,1139,18759
911031,8.83,8.89,8.72,8.89,583,18536
911101,8.86,8.89,8.8,8.84,783,18494
911104,8.83,8.9,8.79,8.84,287,18434
911105,8.83,8.88,8.79,8.79,952,18376
911106,8.73,8.74,8.5,8.51,2230,18576
911107,8.54,8.61,8.53,8.56,956,18635
911108,8.54,8.65,8.5,8.63,959,18729
911111,8.6,8.6,8.52,8.56,416,18815
911112,8.59,8.61,8.49,8.5,897,18897
911113,8.43,8.46,8.22,8.26,3264,19000
911114,8.32,8.35,8.23,8.23,1408,19509
911115,8.22,8.32,8.14,8.31,3963,20303
911118,8.31,8.32,8.21,8.28,1263,20148
911119,8.26,8.28,8.2,8.23,1367,20413
911120,8.18,8.3,8.18,8.3,2741,19693
911121,8.37,8.47,8.37,8.44,989,19568
911122,8.41,8.67,8.41,8.65,1299,19448
911125,8.65,8.94,8.65,8.87,5733,20734
911126,8.78,8.85,8.72,8.85,1731,20919
911127,8.77,8.9,8.77,8.83,881,20818
911202,8.76,8.86,8.73,8.86,1167,21042
911203,8.92,9.1,8.89,8.96,4344,21978
911204,8.93,9.04,8.93,8.96,2603,22483
911205,8.92,9.03,8.92,8.93,1020,22624
911206,8.85,8.87,8.72,8.75,1541,22568
911209,8.74,9.02,8.74,9.02,1037,22724
911210,8.96,8.97,8.83,8.84,772,22728
911211,8.77,8.83,8.63,8.65,1181,22762
911212,8.65,8.66,8.47,8.54,2049,22873
911213,8.59,8.59,8.51,8.53,1347,22843
911216,8.56,8.72,8.56,8.7,1668,23020
911217,8.69,8.7,8.6,8.64,1650,23006
911218,8.66,8.72,8.56,8.58,1374,22665
911219,8.58,8.68,8.55,8.67,989,22781
911220,8.65,8.77,8.65,8.74,985,22623
911223,8.84,8.9,8.73,8.76,2160,22804
911224,8.76,8.78,8.74,8.77,284,22825
911226,8.72,8.76,8.68,8.68,219,22833
911227,8.63,8.84,8.61,8.84,1620,22882
911230,8.82,8.85,8.75,8.75,608,23041
911231,8.77,8.84,8.77,8.84,820,22956
920102,8.85,8.88,8.52,8.53,1712,22877
920103,8.51,8.53,8.36,8.37,3388,22177
920106,8.36,8.53,8.36,8.45,2751,22369
920107,8.35,8.38,8.32,8.32,4290,22807
920108,8.33,8.49,8.32,8.46,4665,23141
920109,8.44,8.5,8.37,8.45,4566,24076
920110,8.48,8.62,8.35,8.6,2776,24141
920113,8.52,8.53,8.45,8.46,2577,24870
920114,8.46,8.48,8.34,8.37,3055,25138
920115,8.35,8.36,8.31,8.31,2760,24969
920116,8.41,8.43,8.32,8.38,2828,24657
920117,8.41,8.63,8.39,8.57,3632,25152
920120,8.49,8.54,8.43,8.44,2023,25113
920121,8.4,8.48,8.36,8.42,2374,25514
920122,8.43,8.65,8.43,8.65,2680,25790
920123,8.65,8.75,8.57,8.65,6390,27027
920124,8.69,8.72,8.57,8.64,2325,27038
920127,8.57,8.64,8.55,8.6,1110,27055
920128,8.52,8.53,8.36,8.41,3126,27558
920129,8.41,8.45,8.34,8.44,2336,27400
920130,8.47,8.5,8.39,8.4,2603,27941
920131,8.29,8.31,8.05,8.16,12353,28167
920203,8.15,8.17,8.03,8.03,7535,29096
920204,8.14,8.17,8.07,8.11,6564,29883
920205,8.22,8.27,8.15,8.26,3480,29456
920206,8.29,8.32,8.22,8.24,3003,29777
920207,8.25,8.29,8.19,8.2,2834,30916
920210,8.22,8.25,8.18,8.21,2725,31588
920211,8.18,8.22,7.98,7.99,7247,33975
920212,7.99,8.1,7.98,8.1,5759,35689
920213,8.12,8.18,8.12,8.15,5877,38033
920214,8.14,8.18,8.12,8.17,3569,39116
920218,8.11,8.6,8.11,8.6,21816,39308
920219,8.51,8.53,8.38,8.43,11073,39959
920220,8.43,8.5,8.39,8.46,5854,40055
920221,8.47,8.5,8.05,8.13,12832,42110
920224,8.15,8.19,8.09,8.12,5975,42040
920225,8.16,8.18,8,8.15,13343,43348
920226,8.18,8.21,7.95,7.95,14234,44972
920227,7.92,8.1,7.9,7.98,13273,45714
920228,7.97,8.12,7.97,8.02,5091,46232
920302,8.04,8.14,7.99,8.04,4713,46966
920303,8.07,8.29,8.07,8.27,12532,45939
920304,8.22,8.28,8.21,8.23,4935,44863
920305,8.12,8.18,8.05,8.12,5837,44754
920306,8.12,8.21,8.11,8.12,3104,44716
920309,8.13,8.28,8.13,8.24,5477,44201
920310,8.29,8.42,8.28,8.39,14084,43890
920311,8.41,8.45,8.3,8.37,8719,44539
920312,8.34,8.38,8.3,8.36,4227,44380
920313,8.31,8.39,8.25,8.31,7204,44162
920316,8.27,8.44,8.27,8.43,8726,44453
920317,8.39,8.45,8.22,8.33,10485,44026
920318,8.33,8.45,8.31,8.41,9722,44630
920319,8.39,8.44,8.34,8.43,5546,44889
920320,8.44,8.45,8.4,8.44,4657,44914
920323,8.39,8.42,8.24,8.29,11390,44312
920324,8.28,8.34,8.22,8.33,5008,42210
920325,8.33,8.34,8.3,8.32,4019,41789
920326,8.3,8.35,8.22,8.25,8363,40870
920327,8.23,8.4,8.23,8.38,5691,39503
920330,8.39,8.59,8.39,8.53,19237,38006
920331,8.55,8.69,8.51,8.68,16306,39006
920401,8.68,8.77,8.6,8.77,17319,39676
920402,8.77,9.15,8.77,9.13,27379,41121
920403,9.08,9.2,8.98,9.18,16674,39047
920406,9.18,9.2,8.99,9,13378,38559
920407,9.04,9.83,9.04,9.8,26485,41603
920408,9.8,9.9,9.43,9.82,20099,40638
920409,9.6,9.75,9.47,9.73,16398,41088
920410,9.59,9.65,9.5,9.56,8807,37961
920413,9.4,9.9,9.4,9.67,12624,38156
920414,9.55,9.7,9.4,9.43,9729,34597
920415,9.33,9.64,9.32,9.47,7251,32650
920416,9.47,9.66,9.46,9.59,7333,31893
920420,9.63,9.67,9.48,9.48,4000,30631
920421,9.5,9.59,9.44,9.54,6234,28783
920422,9.52,9.75,9.42,9.72,9677,26795
920423,9.75,10.34,9.75,10.28,7497,24815
920424,10.25,10.34,9.96,9.99,14148,21609
920427,10.02,10.07,9.74,9.83,12692,14775
920428,9.76,9.82,9.63,9.75,14066,7170
920429,9.78,9.93,9.75,9.91,7077,3453
920430,9.97,10.1,9.41,9.45,3850,1007
