940825,12,12,12,12,0,0
940826,12,12,12,12,0,0
940829,12.05,12.05,12.05,12.05,0,0
940830,11.78,11.78,11.68,11.68,5,5
940831,11.58,11.58,11.58,11.58,0,5
940901,11.5,11.5,11.5,11.5,0,5
940902,11.4,11.4,11.4,11.4,0,5
940906,11.88,11.88,11.42,11.42,0,5
940907,11.8,11.8,11.8,11.8,0,5
940908,11.7,11.7,11.7,11.7,0,5
940909,11.6,11.6,11.6,11.6,0,5
940912,11.58,11.58,11.58,11.58,0,5
940913,11.63,11.63,11.63,11.63,0,5
940914,11.8,11.8,11.8,11.8,0,5
940915,11.7,11.7,11.7,11.7,0,5
940916,11.73,11.73,11.73,11.73,0,5
940919,11.82,11.82,11.7,11.7,1,5
940920,11.7,11.7,11.7,11.7,0,5
940921,11.61,11.61,11.61,11.61,0,5
940922,11.62,11.62,11.62,11.62,0,5
940923,11.61,11.61,11.61,11.61,0,5
940926,11.67,11.67,11.67,11.67,0,5
940927,11.75,11.85,11.75,11.8,3,5
940928,11.79,11.79,11.79,11.79,0,5
940929,11.8,11.8,11.8,11.8,4,5
940930,11.63,11.63,11.63,11.63,0,5
941003,11.73,11.73,11.73,11.73,0,5
941004,11.75,11.75,11.75,11.75,0,5
941005,11.76,11.76,11.76,11.76,0,5
941006,11.72,11.72,11.72,11.72,0,5
941007,11.78,11.78,11.78,11.78,0,5
941010,11.73,11.73,11.73,11.73,0,5
941011,11.58,11.58,11.58,11.58,0,5
941012,11.75,11.75,11.75,11.75,0,5
941013,11.67,11.67,11.67,11.67,0,5
941014,11.85,11.85,11.85,11.85,0,5
941017,12,12,12,12,0,5
941018,11.96,11.96,11.96,11.96,0,5
941019,12.02,12.02,12.02,12.02,0,5
941020,11.86,11.86,11.86,11.86,0,5
941021,11.84,11.84,11.84,11.84,0,5
941024,11.8,11.8,11.8,11.8,5,5
941025,11.82,11.82,11.82,11.82,0,5
941026,11.93,11.93,11.93,11.93,0,5
941027,11.96,11.96,11.96,11.96,0,5
941028,11.92,11.92,11.92,11.92,0,5
941031,11.9,11.95,11.9,11.9,25,20
941101,11.97,11.97,11.97,11.97,0,20
941102,12.13,12.13,12.13,12.13,0,20
941103,12.13,12.15,12.13,12.14,52,67
941104,12.12,12.12,12.12,12.12,0,67
941107,12.08,12.08,12.08,12.08,0,67
941108,11.97,11.97,11.97,11.97,0,67
941109,12,12,12,12,0,67
941110,12.1,12.1,12.1,12.1,0,67
941111,12.1,12.17,12.1,12.17,85,151
941114,12.15,12.15,12.15,12.15,41,192
941115,12.15,12.2,12.15,12.2,9,194
941116,12.2,12.2,12.2,12.2,5,203
941117,12.2,12.23,12.2,12.23,43,249
941118,12.23,12.25,12.23,12.25,17,256
941121,12.24,12.3,12.24,12.3,103,309
941122,12.32,12.79,12.32,12.79,86,355
941123,12.72,12.72,12.65,12.7,103,458
941128,12.7,12.71,12.7,12.71,247,604
941129,12.7,12.7,12.65,12.66,310,672
941130,12.63,12.67,12.5,12.55,246,853
941201,12.5,12.57,12.41,12.45,194,997
941202,12.3,12.45,12.2,12.2,17,987
941205,12.2,12.24,12.2,12.24,2,987
941206,12.45,12.56,12.45,12.45,147,1048
941207,12.44,12.44,12.4,12.43,32,1048
941208,12.45,12.5,12.45,12.48,112,1078
941209,12.4,12.4,12.31,12.31,15,1083
941212,12.35,12.35,12.32,12.33,60,1123
941213,12.35,12.61,12.35,12.56,275,1318
941214,12.6,12.6,12.46,12.46,107,1418
941215,12.66,12.66,12.66,12.66,75,1418
941216,12.65,12.75,12.65,12.73,100,1506
941219,12.75,12.75,12.48,12.48,20,1511
941220,12.48,12.48,12.48,12.48,66,1540
941221,12.45,12.45,12.4,12.42,31,1539
941222,12.42,12.65,12.4,12.48,23,1536
941223,12.5,12.5,12.5,12.5,0,1536
941227,12.72,12.72,12.72,12.72,0,1536
941228,12.61,12.61,12.61,12.61,0,1536
941229,12.73,12.73,12.72,12.72,65,1537
941230,12.73,12.8,12.73,12.8,207,1661
950103,12.75,12.81,12.75,12.81,45,1681
950104,12.81,12.89,12.81,12.82,286,1837
950105,12.87,12.89,12.87,12.89,10,1842
950106,12.8,12.91,12.8,12.91,110,1862
950109,12.83,12.85,12.82,12.82,131,1867
950110,12.89,12.91,12.89,12.91,135,1887
950111,12.85,12.88,12.85,12.88,5,1882
950112,12.86,12.9,12.86,12.86,63,1914
950113,12.6,12.6,12.36,12.36,58,1937
950116,12.42,12.42,12.3,12.3,154,2028
950117,12.48,12.49,12.46,12.46,25,2038
950118,12.5,12.53,12.5,12.53,29,2045
950119,12.53,12.53,12.3,12.3,10,2055
950120,12.55,12.57,12.47,12.47,77,2132
950123,12.45,12.56,12.45,12.56,249,2255
950124,12.5,12.51,12.5,12.51,1,2208
950125,12.42,12.42,12.42,12.42,0,2208
950126,12.4,12.45,12.4,12.42,19,2203
950127,12.45,12.45,12.3,12.3,6,2203
950130,12.28,12.35,12.28,12.32,46,2224
950131,12.2,12.2,12.13,12.13,58,2239
950201,12.24,12.27,12.24,12.24,28,2245
950202,12.35,12.37,12.35,12.37,9,2245
950203,12.3,12.44,12.3,12.44,76,2274
950206,12.05,12.05,11.94,12,66,2269
950207,12.08,12.08,12.08,12.08,45,2224
950208,12.07,12.07,12.07,12.07,0,2224
950209,12.1,12.17,12.1,12.17,93,2215
950210,12.1,12.14,12.1,12.14,4,2217
950213,12.09,12.1,12.09,12.1,7,2217
950214,12.07,12.1,12.05,12.1,47,2241
950215,12.03,12.03,12.03,12.03,100,2323
950216,12.1,12.15,12.09,12.09,78,2383
950217,12.16,12.27,12.16,12.19,103,2481
950221,12.18,12.18,12.14,12.14,20,2481
950222,12.14,12.19,12.14,12.19,70,2506
950223,12.17,12.31,12.17,12.31,177,2575
950224,12.26,12.26,12.26,12.26,0,2575
950227,12.23,12.26,12.15,12.17,90,2585
950228,12.15,12.15,12.11,12.11,65,2594
950301,12.1,12.21,12.1,12.21,72,2626
950302,12.15,12.15,12.12,12.12,10,2626
950303,12.1,12.2,12.1,12.2,499,2963
950306,12.09,12.09,12.09,12.09,0,2963
950307,12,12,11.77,11.77,86,3018
950308,11.81,11.83,11.81,11.83,0,3018
950309,11.83,11.88,11.83,11.85,124,3095
950310,11.85,11.89,11.85,11.85,157,3186
950313,11.83,11.85,11.74,11.74,677,3478
950314,11.8,11.82,11.8,11.82,51,3564
950315,11.77,11.77,11.77,11.77,100,3664
950316,11.82,11.82,11.66,11.7,48,3672
950317,11.65,11.65,11.6,11.6,70,3674
950320,11.59,11.66,11.59,11.66,151,3749
950321,11.65,11.66,11.62,11.62,61,3628
950322,11.62,11.62,11.42,11.42,49,3739
950323,11.39,11.41,11.39,11.41,52,3712
950324,11.35,11.35,11.35,11.35,0,3712
950327,11.38,11.4,11.35,11.35,508,4138
950328,11.39,11.39,11.36,11.36,25,4160
950329,11.44,11.46,11.34,11.34,90,4190
950330,11.42,11.43,11.37,11.37,255,4343
950331,11.38,11.38,11.34,11.34,5,4344
950403,11.38,11.39,11.38,11.38,55,4373
950404,11.45,11.45,11.39,11.39,75,4386
950405,10.95,10.95,10.95,10.95,105,4421
950406,11.2,11.25,11.16,11.16,280,4576
950407,11.31,11.31,11.14,11.14,91,4594
950410,11.14,11.19,10.98,10.98,174,4667
950411,10.95,10.95,10.9,10.9,132,4778
950412,10.9,10.95,10.89,10.89,145,4675
950413,10.9,10.9,10.75,10.75,73,4689
950417,10.68,10.75,10.35,10.42,230,4872
950418,10.57,10.68,10.57,10.68,470,5089
950419,10.8,10.8,10.69,10.8,364,5268
950420,10.85,10.88,10.82,10.82,83,5279
950421,10.86,10.86,10.81,10.81,100,5331
950424,10.81,10.85,10.58,10.58,708,5762
950425,10.6,10.6,10.4,10.4,81,5784
950426,10.43,10.46,10.34,10.34,358,6024
950427,10.43,10.44,10.32,10.33,263,6246
950428,10.45,10.45,10.33,10.41,56,6256
950501,10.4,10.47,10.4,10.46,218,6367
950502,10.45,10.45,10.35,10.35,418,6602
950503,10.35,10.36,10.35,10.36,301,6820
950504,10.42,10.44,10.42,10.44,244,6935
950505,10.5,10.5,10.35,10.35,791,7357
950508,10.36,10.41,10.36,10.36,435,7507
950509,10.37,10.37,10.26,10.27,319,7663
950510,10.35,10.35,10.35,10.35,72,7749
950511,10.17,10.17,10.05,10.05,169,7758
950512,10.11,10.14,10.11,10.14,18,7748
950515,10.11,10.16,10.1,10.1,770,7606
950516,10.1,10.2,10.1,10.2,299,7748
950517,10.12,10.12,10.12,10.12,221,7858
950518,10.15,10.18,10.12,10.12,108,7931
950519,10.05,10.05,9.96,9.96,102,7893
950522,9.96,10,9.96,10,14,7890
950523,10.04,10.08,10.04,10.07,24,7909
950524,10.17,10.17,10.17,10.17,0,7909
950525,10.11,10.11,10.11,10.11,2,7909
950526,10.08,10.08,9.94,9.94,24,7932
950530,9.94,9.94,9.8,9.8,142,8002
950531,9.92,10.07,9.92,10.05,327,8203
950601,10.04,10.04,9.9,9.9,342,8405
950602,9.89,9.9,9.75,9.87,266,8464
950605,9.84,9.87,9.75,9.81,187,8405
950606,9.8,9.96,9.8,9.9,642,8770
950607,9.88,9.92,9.87,9.87,94,8754
950608,9.9,9.91,9.88,9.9,112,8758
950609,9.95,9.98,9.93,9.93,13,8761
950612,9.94,10,9.92,10,70,8732
950613,9.96,10.04,9.96,10.04,53,8723
950614,10.05,10.08,10.05,10.07,237,8781
950615,10.03,10.1,10.03,10.08,375,8905
950616,10.06,10.14,10.06,10.13,168,8975
950619,10.13,10.19,10.13,10.18,445,9071
950620,10.18,10.3,10.18,10.3,476,9293
950621,10.34,10.5,10.34,10.5,235,9317
950622,10.52,10.57,10.42,10.46,426,9546
950623,10.44,10.65,10.44,10.65,317,9528
950626,10.63,10.7,10.55,10.7,706,9572
950627,10.52,10.72,10.52,10.67,272,9629
950628,10.58,10.59,10.42,10.43,122,9693
950629,10.36,10.43,10.35,10.42,694,9789
950630,10.48,10.51,10.44,10.51,395,9904
950705,10.43,10.48,10.43,10.46,161,10064
950706,10.4,10.45,10.4,10.44,516,9948
950707,10.39,10.39,10.06,10.06,243,9761
950710,10.09,10.14,10.06,10.12,150,9831
950711,10.12,10.12,10.12,10.12,23,9818
950712,10.11,10.13,9.62,9.65,1131,10264
950713,9.75,9.83,9.71,9.83,276,10346
950714,9.85,9.87,9.71,9.71,86,10391
950717,9.75,9.79,9.72,9.74,208,10446
950718,9.8,9.85,9.7,9.8,239,10392
950719,9.95,9.95,9.9,9.92,158,10290
950720,10,10.03,9.91,9.91,317,10174
950721,9.99,10.08,9.99,10.05,148,10247
950724,10.08,10.37,10.07,10.37,297,10448
950725,10.27,10.3,10.25,10.3,346,10461
950726,10.29,10.3,10.26,10.26,67,10431
950727,10.2,10.31,10.2,10.29,65,10398
950728,10.2,10.35,10.2,10.34,149,10436
950731,10.3,10.34,10.23,10.23,56,10462
950801,10.26,10.4,10.26,10.28,253,10577
950802,10.23,10.26,10.23,10.23,125,10563
950803,10.27,10.38,10.26,10.37,423,10709
950804,10.36,10.42,10.34,10.34,176,10680
950807,10.34,10.52,10.34,10.47,467,10835
950808,10.42,10.43,10.39,10.39,210,10703
950809,10.47,10.53,10.47,10.51,118,10563
950810,10.49,10.54,10.49,10.52,439,10808
950811,10.48,10.6,10.48,10.6,237,10846
950814,10.53,10.59,10.51,10.54,394,10782
950815,10.53,10.53,10.35,10.43,28,10788
950816,10.36,10.45,10.36,10.45,424,10580
950817,10.4,10.44,10.38,10.43,231,10580
950818,10.39,10.58,10.39,10.5,276,10671
950821,10.5,10.57,10.5,10.52,402,10825
950822,10.5,10.52,10.45,10.46,88,10876
950823,10.39,10.64,10.37,10.64,143,10904
950824,10.55,10.55,10.51,10.55,201,11017
950825,10.54,10.54,10.47,10.51,76,11044
950828,10.35,10.37,10.05,10.08,538,11154
950829,10.15,10.17,10.15,10.17,178,11184
950830,10.21,10.25,10.03,10.07,525,11281
950831,10.07,10.11,10.06,10.11,159,11349
950901,10.16,10.2,10.14,10.2,239,11473
950905,10.17,10.17,10.13,10.15,206,11542
950906,10.06,10.09,10,10.09,411,11694
950907,10.09,10.11,10.08,10.11,295,11630
950908,10.08,10.2,10.08,10.2,161,11605
950911,10.18,10.2,10.09,10.14,230,11557
950912,10.09,10.13,10.08,10.12,738,11624
950913,10.04,10.21,10.03,10.19,904,11761
950914,10.18,10.25,10.17,10.25,975,11588
950915,10.22,10.23,10.09,10.11,1553,11799
950918,10.08,10.16,10.07,10.14,297,11796
950919,10.13,10.22,10.11,10.11,433,11815
950920,10.14,10.18,10.08,10.18,311,11820
950921,10.12,10.2,10.12,10.12,383,11921
950922,10.1,10.2,10.1,10.16,332,12025
950925,10.19,10.23,10.13,10.21,159,12030
950926,10.2,10.24,10.18,10.22,447,12333
950927,10.24,10.37,10.24,10.34,543,12356
950928,10.33,10.43,10.33,10.41,232,12528
950929,10.42,10.46,10.2,10.23,103,12559
951002,10.2,10.28,10.2,10.24,181,12557
951003,10.27,10.36,10.27,10.34,221,12431
951004,10.32,10.37,10.32,10.36,164,12403
951005,10.33,10.43,10.32,10.43,591,12516
951006,10.45,10.5,10.41,10.41,657,12375
951009,10.41,10.47,10.41,10.47,94,12354
951010,10.48,10.49,10.31,10.36,402,12404
951011,10.38,10.58,10.38,10.55,846,12614
951012,10.52,10.55,10.44,10.54,654,12742
951013,10.42,10.48,10.42,10.47,339,12751
951016,10.48,10.51,10.4,10.48,601,12778
951017,10.48,10.5,10.4,10.41,246,12790
951018,10.37,10.41,10.36,10.4,445,12960
951019,10.42,10.5,10.4,10.5,819,13020
951020,10.47,10.53,10.45,10.48,786,13134
951023,10.42,10.48,10.41,10.47,230,13116
951024,10.48,10.65,10.48,10.64,1942,13477
951025,10.56,10.59,10.49,10.52,874,13607
951026,10.53,10.56,10.3,10.36,354,13637
951027,10.34,10.35,10.23,10.27,640,13724
951030,10.3,10.34,10.26,10.27,462,13775
951031,10.21,10.27,10.17,10.24,665,13727
951101,10.23,10.27,10.22,10.25,1009,13766
951102,10.27,10.3,10.24,10.25,1083,13639
951103,10.34,10.41,10.29,10.3,1195,13728
951106,10.31,10.43,10.31,10.4,945,13586
951107,10.41,10.43,10.38,10.4,855,13454
951108,10.41,10.42,10.26,10.27,1050,13630
951109,10.25,10.26,10.11,10.12,1160,13265
951110,10.18,10.23,10.14,10.19,533,13337
951113,10.17,10.31,10.17,10.31,538,13558
951114,10.39,10.4,10.26,10.28,1037,13770
951115,10.24,10.45,10.24,10.35,1752,13956
951116,10.47,10.51,10.37,10.44,1193,13880
951117,10.37,10.4,10.32,10.33,636,13812
951120,10.32,10.35,10.29,10.33,752,14218
951121,10.38,10.39,10.16,10.17,1415,14365
951122,10.17,10.3,10.16,10.22,767,14288
951127,10.3,10.33,10.29,10.29,1104,14662
951128,10.31,10.32,10.2,10.22,1161,14698
951129,10.18,10.3,10.13,10.25,1130,14694
951130,10.23,10.3,10.18,10.25,1372,15198
951201,10.27,10.43,10.27,10.42,2107,15713
951204,10.39,10.5,10.37,10.44,1878,15972
951205,10.35,10.43,10.35,10.42,783,15976
951206,10.38,10.48,10.33,10.39,1260,16368
951207,10.41,10.48,10.38,10.39,697,16275
951208,10.41,10.48,10.39,10.47,1065,16235
951211,10.45,10.5,10.39,10.48,1130,16639
951212,10.48,10.55,10.48,10.53,1646,16878
951213,10.45,10.49,10.43,10.46,615,17133
951214,10.41,10.53,10.4,10.53,1247,17204
951215,10.52,10.55,10.47,10.49,705,17136
951218,10.47,10.48,10.35,10.4,1230,16826
951219,10.42,10.48,10.38,10.47,616,16753
951220,10.37,10.51,10.37,10.48,1173,16889
951221,10.43,10.52,10.38,10.4,1899,16816
951222,10.35,10.38,10.32,10.36,952,16784
951227,10.31,10.38,10.29,10.38,1218,17012
951228,10.35,10.46,10.35,10.43,533,16897
951229,10.41,10.47,10.4,10.45,653,16904
960102,10.44,10.6,10.44,10.57,1511,17177
960103,10.58,10.6,10.56,10.57,1019,17193
960104,10.52,10.58,10.48,10.5,821,17135
960105,10.44,10.62,10.4,10.61,1564,17303
960110,10.61,10.63,10.48,10.56,2272,17937
960111,10.53,10.57,10.5,10.55,1301,18217
960112,10.46,10.58,10.46,10.57,910,18317
960115,10.51,10.54,10.47,10.49,756,18252
960116,10.42,10.42,9.99,10,4523,19394
960117,10.15,10.2,10.04,10.1,5663,19958
960118,10.12,10.15,10.06,10.15,3022,19904
960119,10.12,10.18,10.1,10.14,6187,20885
960122,10.1,10.17,10.04,10.16,5226,21139
960123,10.16,10.26,10.08,10.16,3186,20866
960124,10.13,10.3,10.11,10.17,4006,21755
960125,10.18,10.29,10.18,10.24,3503,20954
960126,10.25,10.52,10.25,10.39,5723,20781
960129,10.49,10.52,10.39,10.46,4432,21391
960130,10.26,10.45,10.26,10.45,2390,21487
960131,10.38,10.47,10.37,10.45,2031,21975
960201,10.37,10.38,10.3,10.3,3750,23284
960202,10.3,10.42,10.3,10.4,2972,23564
960205,10.42,10.49,10.42,10.47,1154,24136
960206,10.43,10.43,10.33,10.41,2956,25695
960207,10.41,10.51,10.41,10.48,3528,26641
960208,10.49,10.55,10.49,10.5,3267,26980
960209,10.47,10.53,10.42,10.52,2069,27339
960212,10.47,10.75,10.47,10.72,7591,29107
960213,10.69,10.76,10.66,10.74,4491,29849
960214,10.72,10.8,10.7,10.79,1349,29824
960215,10.75,10.88,10.75,10.87,4645,30785
960216,10.88,10.93,10.87,10.89,3712,31325
960220,10.89,10.94,10.83,10.9,2287,31903
960221,10.86,10.9,10.85,10.89,2199,32119
960222,10.84,10.94,10.83,10.94,3489,32347
960223,10.85,10.92,10.75,10.83,3364,32576
960226,10.78,10.95,10.78,10.94,2939,32857
960227,10.95,11,10.95,10.99,4326,33534
960228,10.93,11.06,10.9,11.05,6590,34043
960229,10.91,10.97,10.7,10.82,8057,35307
960301,10.68,10.86,10.64,10.85,6616,34975
960304,10.84,10.87,10.81,10.86,1875,35607
960305,10.78,10.88,10.74,10.87,3216,36036
960306,10.84,10.87,10.83,10.86,1565,35361
960307,10.75,10.87,10.75,10.83,2703,35804
960308,10.79,10.86,10.76,10.77,2783,36430
960311,10.8,11.03,10.79,11,4997,37579
960312,10.95,11.08,10.92,10.92,7094,39155
960313,10.89,11,10.85,11,4846,39811
960314,10.99,11.04,10.95,10.98,3529,39647
960315,10.93,10.97,10.89,10.96,3081,39075
960318,10.99,11.08,10.98,11.08,3895,38642
960319,11.09,11.13,11.04,11.11,5671,39218
960320,11.05,11.17,11.05,11.16,3859,39393
960321,11.1,11.15,11,11.11,4103,39353
960322,11.11,11.28,11.11,11.18,4999,39853
960325,11.14,11.19,11.06,11.08,2015,40156
960326,10.85,11.05,10.84,11.02,6413,40216
960327,10.97,11.03,10.94,11,2919,40539
960328,10.92,10.95,10.8,10.87,5398,41308
960329,10.91,11,10.88,10.96,2266,41254
960401,10.95,10.99,10.88,10.92,5439,42289
960402,10.9,10.93,10.83,10.9,5299,42319
960403,10.98,11.02,10.95,10.99,5390,43874
960404,11.02,11.09,10.95,11.06,5561,45449
960408,11.08,11.3,11.04,11.26,7980,47580
960409,11.3,11.37,10.98,11.04,16047,50665
960410,10.99,11.15,10.96,11.1,7608,52745
960411,11.16,11.3,11.11,11.26,8427,54659
960412,11.26,11.29,11.01,11.12,6210,55028
960415,11.11,11.24,11.11,11.19,6798,57066
960416,11.22,11.24,11.09,11.11,7561,59732
960417,11.05,11.19,11.05,11.16,10007,61194
960418,11.06,11.08,10.5,10.62,35472,57747
960419,10.67,10.72,10.55,10.58,11052,55612
960422,10.6,10.65,10.49,10.61,12107,54904
960423,10.72,10.75,10.65,10.66,7334,56543
960424,10.69,10.8,10.69,10.75,7705,57117
960425,10.75,10.86,10.53,10.56,18802,57606
960426,10.47,10.58,10.35,10.36,19968,57454
960429,10.43,10.5,10.39,10.41,6191,58188
960430,10.35,10.43,10.15,10.39,18999,59639
960501,10.43,10.48,10.31,10.33,5658,59611
960502,10.36,10.58,10.36,10.4,11304,59112
960503,10.41,10.55,10.41,10.51,5327,58293
960506,10.53,10.62,10.51,10.59,4740,58013
960507,10.55,10.64,10.53,10.62,3960,57596
960508,10.57,10.97,10.57,10.87,23480,54803
960509,10.77,10.84,10.69,10.78,9212,53618
960510,10.69,10.76,10.69,10.76,2998,53133
960513,10.76,10.81,10.58,10.8,11261,53604
960514,10.87,11.05,10.85,10.91,16686,55170
960515,10.85,11,10.83,10.93,9834,55983
960516,10.94,11.05,10.86,11.05,7897,54922
960517,11.07,11.46,11.03,11.42,26114,57256
960520,11.35,11.59,11.3,11.5,21352,62050
960521,11.23,11.49,11.23,11.39,11958,61461
960522,11.29,11.4,11.23,11.38,9038,63446
960523,11.35,11.38,11.21,11.22,5764,63087
960524,11.17,11.3,11.12,11.26,5264,62283
960528,11.3,11.33,11,11.01,14389,60116
960529,10.97,11.06,10.9,10.95,11558,57910
960530,10.96,11.15,10.96,11.02,7383,56734
960531,10.96,11.32,10.96,11.21,9820,55699
960603,11.15,11.49,11.15,11.47,9015,55132
960604,11.5,11.69,11.38,11.42,15937,55895
960605,11.34,11.41,11.3,11.35,6676,54769
960606,11.4,11.7,11.4,11.6,10121,54494
960607,11.57,11.7,11.5,11.58,7111,54683
960610,11.65,11.7,11.39,11.44,8503,52138
960611,11.5,11.84,11.5,11.8,12971,52456
960612,11.75,11.81,11.64,11.74,8336,51496
960613,11.76,11.77,11.58,11.68,8553,50109
960614,11.59,11.74,11.59,11.67,6142,48029
960617,11.65,11.72,11.61,11.67,10595,40274
960618,11.57,11.62,11.41,11.54,17324,35017
960619,11.51,11.64,11.42,11.59,9722,31425
960620,11.63,11.78,11.63,11.75,8383,28911
960621,11.75,12.08,11.73,12.03,14655,21606
960624,12.12,12.13,11.7,11.84,12536,18699
960625,11.9,11.95,11.71,11.91,12415,13461
960626,11.96,12.2,11.9,12.17,11669,10152
960627,12.2,12.75,12.2,12.61,13299,4814
960628,12.62,12.85,12.15,12.43,6662,2480
