960802,10.45,10.45,10.45,10.45,0,0
960805,10.46,10.46,10.46,10.46,0,0
960806,10.42,10.42,10.42,10.42,0,0
960807,10.39,10.39,10.39,10.39,0,0
960808,10.3,10.3,10.3,10.3,0,0
960809,10.2,10.2,10.2,10.2,0,0
960812,10.32,10.32,10.32,10.32,0,0
960813,10.36,10.36,10.36,10.36,0,0
960814,10.33,10.33,10.33,10.33,0,0
960815,10.3,10.3,10.24,10.24,3,3
960816,10.21,10.21,10.21,10.21,0,3
960819,10.32,10.32,10.32,10.32,0,3
960820,10.33,10.33,10.33,10.33,0,3
960821,10.4,10.4,10.31,10.31,0,3
960822,10.31,10.31,10.31,10.31,0,3
960823,10.37,10.37,10.37,10.37,0,3
960826,10.29,10.29,10.29,10.29,0,3
960827,10.34,10.34,10.33,10.33,4,6
960828,10.37,10.37,10.33,10.33,2,8
960829,10.35,10.35,10.35,10.35,0,8
960830,10.37,10.37,10.37,10.37,0,8
960903,10.47,10.47,10.47,10.47,0,8
960904,10.44,10.44,10.44,10.44,0,8
960905,10.5,10.5,10.5,10.5,0,8
960906,10.58,10.58,10.58,10.58,0,8
960909,10.6,10.6,10.6,10.6,0,8
960910,10.69,10.69,10.69,10.69,0,8
960911,10.69,10.69,10.69,10.69,0,8
960912,10.71,10.71,10.71,10.71,0,8
960913,10.5,10.5,10.5,10.5,0,8
960916,10.61,10.61,10.61,10.61,0,8
960917,10.55,10.55,10.55,10.55,0,8
960918,10.65,10.65,10.6,10.6,8,12
960919,10.64,10.64,10.64,10.64,0,12
960920,10.58,10.58,10.58,10.58,0,12
960923,10.66,10.66,10.66,10.66,0,12
960924,10.49,10.49,10.49,10.49,0,12
960925,10.45,10.45,10.45,10.45,0,12
960926,10.45,10.45,10.39,10.39,40,52
960927,10.41,10.41,10.41,10.41,0,52
960930,10.41,10.43,10.41,10.43,70,102
961001,10.45,10.45,10.39,10.39,5,107
961002,10.37,10.37,10.37,10.37,0,103
961003,10.45,10.45,10.45,10.45,0,103
961004,10.45,10.57,10.45,10.48,70,173
961007,10.5,10.5,10.49,10.49,60,223
961008,10.49,10.49,10.49,10.49,50,253
961009,10.5,10.54,10.5,10.54,357,442
961010,10.63,10.63,10.63,10.63,0,442
961011,10.59,10.59,10.59,10.59,0,442
961014,10.57,10.57,10.57,10.57,0,442
961015,10.45,10.48,10.45,10.48,0,442
961016,10.46,10.46,10.46,10.46,0,442
961017,10.47,10.47,10.47,10.47,0,442
961018,10.47,10.47,10.47,10.47,25,427
961021,10.45,10.45,10.44,10.44,20,447
961022,10.48,10.48,10.48,10.48,0,447
961023,10.49,10.49,10.49,10.49,0,447
961024,10.49,10.49,10.49,10.49,0,447
961025,10.48,10.48,10.48,10.48,0,447
961028,10.43,10.43,10.43,10.43,0,447
961029,10.47,10.47,10.43,10.43,5,451
961030,10.42,10.42,10.42,10.42,0,451
961031,10.45,10.47,10.39,10.39,51,495
961101,10.39,10.39,10.39,10.39,0,495
961104,10.35,10.35,10.35,10.35,0,495
961105,10.39,10.39,10.35,10.35,2,497
961106,10.37,10.37,10.37,10.37,0,497
961107,10.41,10.41,10.41,10.41,0,497
961108,10.46,10.46,10.46,10.46,0,497
961111,10.49,10.49,10.49,10.49,0,497
961112,10.41,10.41,10.41,10.41,0,497
961113,10.43,10.43,10.43,10.43,0,497
961114,10.42,10.42,10.42,10.42,0,497
961115,10.42,10.42,10.42,10.42,0,497
961118,10.46,10.46,10.46,10.46,0,497
961119,10.59,10.59,10.59,10.59,0,497
961120,10.62,10.62,10.62,10.62,0,497
961121,10.58,10.58,10.58,10.58,0,497
961122,10.63,10.63,10.62,10.62,4,501
961125,10.65,10.65,10.65,10.65,0,501
961126,10.7,10.7,10.68,10.68,13,510
961127,10.68,10.68,10.68,10.68,0,510
961202,10.67,10.67,10.67,10.67,0,510
961203,10.42,10.42,10.42,10.42,12,510
961204,10.41,10.41,10.41,10.41,0,510
961205,10.46,10.46,10.46,10.46,0,510
961206,10.5,10.5,10.5,10.5,0,510
961209,10.51,10.51,10.51,10.51,0,510
961210,10.56,10.56,10.56,10.56,3,513
961211,10.58,10.58,10.58,10.58,0,513
961212,10.6,10.6,10.6,10.6,0,513
961213,10.7,10.8,10.7,10.77,4,513
961216,10.66,10.66,10.66,10.66,0,513
961217,10.8,10.8,10.8,10.8,0,513
961218,10.75,10.75,10.71,10.73,0,513
961219,10.66,10.66,10.66,10.66,0,513
961220,10.66,10.66,10.66,10.66,0,513
961223,10.73,10.73,10.73,10.73,1,514
961224,10.68,10.68,10.68,10.68,0,514
961227,10.84,10.84,10.84,10.84,0,514
961230,10.84,10.91,10.84,10.91,7,518
961231,10.9,10.9,10.89,10.89,6,522
970102,10.87,10.88,10.85,10.88,5,524
970103,10.87,10.87,10.86,10.86,7,522
970106,10.85,10.9,10.85,10.9,2,524
970107,10.83,10.86,10.83,10.85,12,524
970108,10.85,10.85,10.79,10.79,1,525
970109,10.7,10.7,10.7,10.7,0,525
970110,10.64,10.64,10.64,10.64,0,525
970113,10.64,10.65,10.59,10.59,7,532
970114,10.59,10.59,10.59,10.59,0,532
970115,10.64,10.64,10.62,10.62,2,532
970116,10.59,10.59,10.59,10.59,0,532
970117,10.58,10.58,10.58,10.58,0,532
970120,10.6,10.6,10.5,10.5,8,534
970121,10.45,10.45,10.42,10.42,53,587
970122,10.41,10.41,10.41,10.41,0,587
970123,10.44,10.44,10.4,10.4,5,589
970124,10.4,10.4,10.4,10.4,2,591
970127,10.45,10.52,10.45,10.52,2,590
970128,10.52,10.52,10.52,10.52,0,590
970129,10.45,10.45,10.45,10.45,1,590
970130,10.45,10.45,10.45,10.45,0,589
970131,10.44,10.44,10.44,10.44,0,589
970203,10.53,10.53,10.43,10.43,0,589
970204,10.4,10.4,10.4,10.4,0,589
970205,10.42,10.42,10.42,10.42,0,589
970206,10.44,10.46,10.44,10.46,5,590
970207,10.44,10.44,10.44,10.44,0,590
970210,10.4,10.4,10.4,10.4,1,589
970211,10.5,10.5,10.5,10.5,0,589
970212,10.45,10.53,10.45,10.46,27,610
970213,10.43,10.43,10.43,10.43,0,610
970214,10.52,10.52,10.52,10.52,0,610
970218,10.5,10.59,10.5,10.57,0,610
970219,10.6,10.7,10.6,10.68,192,798
970220,10.72,10.74,10.72,10.74,62,858
970221,10.65,10.71,10.65,10.71,0,858
970224,10.67,10.67,10.62,10.62,8,866
970225,10.62,10.62,10.6,10.6,6,872
970226,10.62,10.7,10.62,10.63,6,875
970227,10.65,10.65,10.65,10.65,0,875
970228,10.71,10.71,10.7,10.7,0,875
970303,10.64,10.64,10.6,10.6,50,925
970304,10.64,10.71,10.64,10.69,12,933
970305,10.66,10.66,10.62,10.62,267,828
970306,10.6,10.61,10.6,10.61,76,894
970307,10.62,10.68,10.62,10.66,12,904
970310,10.67,10.67,10.63,10.63,90,931
970311,10.65,10.65,10.55,10.55,362,1010
970312,10.55,10.55,10.51,10.51,411,1251
970313,10.53,10.53,10.5,10.5,55,1306
970314,10.57,10.58,10.57,10.57,13,1317
970317,10.59,10.59,10.59,10.59,2,1315
970318,10.57,10.59,10.57,10.57,34,1345
970319,10.57,10.57,10.5,10.5,2,1345
970320,10.52,10.68,10.52,10.56,84,1413
970321,10.54,10.55,10.52,10.52,4,1415
970324,10.58,10.58,10.58,10.58,0,1415
970325,10.6,10.6,10.57,10.58,52,1462
970326,10.59,10.59,10.52,10.52,165,1479
970327,10.52,10.52,10.51,10.51,36,1451
970331,10.5,10.5,10.49,10.49,1,1445
970401,10.55,10.55,10.53,10.53,5,1450
970402,10.53,10.53,10.51,10.52,140,1505
970403,10.53,10.53,10.51,10.51,101,1525
970404,10.52,10.52,10.52,10.52,0,1534
970407,10.52,10.53,10.52,10.53,77,1591
970408,10.54,10.54,10.54,10.54,30,1551
970409,10.54,10.62,10.54,10.62,204,1605
970410,10.6,10.69,10.6,10.69,370,1793
970411,10.71,10.71,10.71,10.71,0,1793
970414,10.6,10.67,10.6,10.67,69,1813
970415,10.61,10.61,10.6,10.6,196,1878
970416,10.56,10.56,10.55,10.55,330,1888
970417,10.52,10.55,10.52,10.55,43,1913
970418,10.55,10.61,10.55,10.61,25,1892
970421,10.61,10.64,10.61,10.64,157,1981
970422,10.65,10.65,10.64,10.64,2,1983
970423,10.66,10.72,10.66,10.72,4,1979
970424,10.75,10.75,10.65,10.65,333,2199
970425,10.66,10.76,10.66,10.76,0,2199
970428,10.75,10.75,10.73,10.73,36,2224
970429,10.7,10.73,10.7,10.73,29,2248
970430,10.65,10.65,10.65,10.65,25,2272
970501,10.57,10.58,10.54,10.54,388,2467
970502,10.55,10.59,10.5,10.59,139,2557
970505,10.6,10.62,10.54,10.54,7,2560
970506,10.54,10.59,10.54,10.59,25,2585
970507,10.59,10.59,10.52,10.52,163,2636
970508,10.5,10.52,10.49,10.52,41,2674
970509,10.49,10.51,10.48,10.51,48,2679
970512,10.53,10.61,10.53,10.61,152,2600
970513,10.6,10.67,10.6,10.67,27,2603
970514,10.68,10.68,10.62,10.62,39,2600
970515,10.59,10.59,10.59,10.59,0,2600
970516,10.62,10.64,10.61,10.63,40,2600
970519,10.6,10.63,10.6,10.63,5,2603
970520,10.6,10.64,10.6,10.64,39,2635
970521,10.65,10.7,10.65,10.7,226,2676
970522,10.71,10.73,10.68,10.68,25,2651
970523,10.66,10.67,10.65,10.67,106,2691
970527,10.7,10.73,10.7,10.73,3,2691
970528,10.73,10.75,10.71,10.73,195,2779
970529,10.74,10.8,10.73,10.8,336,2939
970530,10.8,10.8,10.8,10.8,127,3046
970602,10.82,10.9,10.82,10.9,182,3108
970603,10.93,10.98,10.93,10.96,56,3154
970604,10.94,11.03,10.94,11.02,56,3162
970605,10.95,10.96,10.92,10.93,78,3152
970606,10.95,10.98,10.95,10.97,173,3194
970609,10.95,11,10.95,11,105,3212
970610,10.98,10.98,10.95,10.95,56,3249
970611,10.9,10.93,10.9,10.9,343,3498
970612,10.88,11.03,10.86,11.03,190,3578
970613,11.01,11.05,10.98,10.98,99,3654
970616,10.95,11.02,10.95,10.97,261,3598
970617,10.97,11.01,10.96,10.99,83,3631
970618,11.01,11.02,11.01,11.01,235,3437
970619,10.98,11.02,10.98,11.02,152,3368
970620,10.99,10.99,10.84,10.85,626,3698
970623,10.84,10.9,10.84,10.88,222,3657
970624,10.88,10.98,10.88,10.96,194,3640
970625,10.9,11.06,10.87,11.06,190,3657
970626,11.06,11.08,11.05,11.07,196,3723
970627,11.06,11.06,10.97,11.01,139,3814
970630,10.96,11.06,10.96,11.06,43,3836
970701,11.11,11.18,11.11,11.12,151,3844
970702,11.12,11.13,10.99,11,520,4032
970703,10.96,11.1,10.96,11.07,282,4266
970707,11.07,11.08,11.02,11.02,109,4288
970708,11.04,11.05,11.02,11.03,212,4286
970709,11.05,11.09,11.02,11.09,729,4559
970710,11.12,11.12,11.07,11.07,134,4587
970711,11.08,11.12,11.07,11.07,570,4776
970714,11.06,11.1,11.06,11.1,157,4860
970715,11.07,11.08,11.01,11.02,558,5185
970716,11.01,11.25,11.01,11.25,297,5244
970717,11.26,11.26,11.19,11.19,263,5366
970718,11.24,11.29,11.23,11.29,329,5382
970721,11.28,11.34,11.28,11.34,78,5421
970722,11.37,11.56,11.37,11.55,422,5485
970723,11.5,11.56,11.49,11.55,139,5466
970724,11.58,11.62,11.55,11.62,479,5341
970725,11.73,11.75,11.7,11.73,1479,6170
970728,11.8,11.8,11.75,11.78,1088,6799
970729,11.77,11.78,11.71,11.73,327,6801
970730,11.69,11.69,11.63,11.64,288,6859
970731,11.63,11.72,11.63,11.71,508,7068
970801,11.73,11.75,11.6,11.69,485,7177
970804,11.69,11.7,11.61,11.64,367,7317
970805,11.59,11.64,11.57,11.64,122,7257
970806,11.6,11.63,11.6,11.62,321,7400
970807,11.67,11.74,11.61,11.61,389,7563
970808,11.58,11.58,11.48,11.51,890,7544
970811,11.53,11.65,11.51,11.65,669,7564
970812,11.6,11.65,11.59,11.63,619,7828
970813,11.65,11.68,11.59,11.62,1465,8560
970814,11.66,11.68,11.62,11.68,697,8725
970815,11.69,11.9,11.68,11.9,729,9094
970818,11.85,11.86,11.8,11.85,963,9249
970819,11.87,11.92,11.85,11.9,2135,9817
970820,11.8,11.9,11.77,11.85,1030,10010
970821,11.8,11.85,11.77,11.77,784,10200
970822,11.76,11.87,11.75,11.87,242,10171
970825,11.89,11.92,11.79,11.79,204,10163
970826,11.8,11.94,11.79,11.94,340,10207
970827,11.96,11.98,11.82,11.83,3077,11767
970828,11.8,11.85,11.78,11.83,1097,11718
970829,11.87,11.87,11.75,11.75,1719,12304
970902,11.79,11.83,11.74,11.79,1450,12899
970903,11.76,11.77,11.71,11.72,1358,13254
970904,11.7,11.77,11.7,11.74,1191,13483
970905,11.75,11.79,11.74,11.77,1407,13644
970908,11.75,11.82,11.75,11.77,594,13817
970909,11.77,11.79,11.73,11.73,546,14252
970910,11.74,11.76,11.66,11.72,711,14442
970911,11.7,11.85,11.66,11.85,917,14603
970912,11.83,11.88,11.83,11.83,699,14563
970915,11.76,11.77,11.65,11.71,1953,15116
970916,11.71,11.71,11.64,11.69,946,15508
970917,11.65,11.69,11.64,11.68,125,15264
970918,11.66,11.68,11.62,11.64,493,15293
970919,11.62,11.63,11.55,11.56,581,15580
970922,11.55,11.6,11.53,11.55,1543,16187
970923,11.57,11.63,11.53,11.54,549,16429
970924,11.53,11.58,11.43,11.45,2410,17736
970925,11.45,11.47,11.35,11.41,3499,18171
970926,11.43,11.48,11.43,11.48,611,18266
970929,11.54,11.55,11.51,11.53,576,18105
970930,11.56,11.57,11.47,11.51,1155,18029
971001,11.55,11.58,11.54,11.56,1299,18148
971002,11.59,11.68,11.57,11.67,2588,18033
971003,11.69,11.74,11.68,11.73,2174,17971
971006,11.73,11.73,11.67,11.67,571,17943
971007,11.63,11.71,11.62,11.69,552,17740
971008,11.63,11.77,11.63,11.77,846,17627
971009,11.82,11.86,11.8,11.8,751,17786
971010,11.82,11.85,11.8,11.82,1205,17870
971013,11.8,11.82,11.73,11.74,1030,18135
971014,11.68,11.78,11.68,11.76,787,18204
971015,11.74,11.85,11.74,11.79,1865,18841
971016,11.76,11.8,11.71,11.72,484,18963
971017,11.7,11.71,11.64,11.64,1140,19148
971020,11.61,11.8,11.6,11.77,542,19163
971021,11.74,11.76,11.65,11.65,737,19107
971022,11.67,11.68,11.6,11.63,770,19193
971023,11.64,11.72,11.63,11.66,458,19236
971024,11.65,11.69,11.63,11.68,468,19189
971027,11.68,11.75,11.68,11.74,777,19054
971028,11.73,11.77,11.65,11.66,1264,18822
971029,11.73,11.86,11.73,11.82,3178,19199
971030,11.85,12,11.83,11.98,2977,18847
971031,12,12.07,11.99,12.05,2173,19604
971103,11.99,12.05,11.93,12.04,2550,20533
971104,11.99,12.03,11.9,11.9,3383,21325
971105,11.9,11.96,11.89,11.92,1887,21840
971106,11.89,11.93,11.87,11.92,2585,22794
971107,11.9,11.97,11.9,11.93,2099,22836
971110,11.92,11.95,11.91,11.92,1420,23006
971111,11.92,12.05,11.91,12.03,2150,23401
971112,12.09,12.09,12,12,2580,23553
971113,12.03,12.06,12.01,12.03,1172,23448
971114,12.04,12.06,12.01,12.01,1464,23629
971117,12,12.03,12,12,725,23590
971118,11.99,12,11.97,11.98,337,23665
971119,11.97,12.02,11.94,12.01,934,23916
971120,12,12.04,11.79,11.79,718,23932
971121,11.86,11.86,11.77,11.81,2248,24034
971124,11.82,11.9,11.81,11.89,311,24028
971125,11.89,11.89,11.82,11.89,1896,24894
971126,11.89,11.91,11.87,11.9,1291,25173
971201,11.97,12.11,11.96,12.1,5132,26325
971202,12.1,12.11,12,12.04,1891,26578
971203,12.07,12.07,11.96,11.97,2438,27050
971204,11.97,12.03,11.94,11.98,1867,27301
971205,11.99,12,11.94,11.95,1717,27352
971208,11.92,11.96,11.87,11.87,2187,28029
971209,11.84,11.89,11.83,11.89,817,28050
971210,11.89,11.91,11.83,11.84,1674,28692
971211,11.82,11.82,11.7,11.73,1792,29411
971212,11.73,11.74,11.71,11.74,482,29554
971215,11.73,11.78,11.72,11.74,546,29536
971216,11.73,11.74,11.55,11.55,2522,29189
971217,11.56,11.67,11.51,11.64,3549,29977
971218,11.69,11.74,11.65,11.68,2124,30401
971219,11.67,11.68,11.62,11.64,2484,30031
971222,11.66,11.66,11.62,11.62,730,30026
971223,11.61,11.63,11.61,11.61,542,30335
971224,11.62,11.66,11.62,11.64,357,30464
971229,11.7,11.72,11.67,11.7,424,30318
971230,11.69,11.71,11.66,11.66,646,30420
971231,11.65,11.67,11.59,11.6,797,30751
980105,11.57,11.63,11.51,11.52,1380,30731
980106,11.54,11.55,11.47,11.48,2638,30659
980107,11.45,11.5,11.28,11.28,3842,29186
980108,11.33,11.37,11.3,11.35,3732,28688
980109,11.4,11.43,11.32,11.33,2326,28458
980112,11.24,11.25,11.12,11.12,4882,28013
980113,11.19,11.2,11.13,11.17,2462,27662
980114,11.19,11.22,11.18,11.2,1454,27650
980115,11.19,11.19,10.93,10.94,4096,28437
980116,10.98,11.02,10.9,10.97,3912,27992
980120,11.05,11.07,10.92,10.92,5766,28066
980121,10.96,10.98,10.84,10.97,3593,28201
980122,11.05,11.08,10.93,10.94,2948,27250
980123,10.9,10.91,10.82,10.84,2637,28086
980126,10.86,10.88,10.78,10.79,1174,28499
980127,10.75,10.76,10.62,10.75,3399,29598
980128,10.82,10.84,10.7,10.76,2701,29549
980129,10.8,10.8,10.73,10.74,2897,29675
980130,10.73,10.74,10.68,10.68,1022,29923
980202,10.64,10.73,10.63,10.69,1169,29980
980203,10.71,10.8,10.69,10.75,3614,30531
980204,10.72,10.73,10.6,10.68,2522,30537
980205,10.71,10.72,10.48,10.5,4421,31247
980206,10.47,10.48,10.22,10.34,5171,32086
980209,10.38,10.46,10.37,10.45,1707,32095
980210,10.51,10.56,10.51,10.55,1258,32025
980211,10.55,10.6,10.52,10.59,1465,31694
980212,10.6,10.61,10.52,10.55,2090,31802
980213,10.56,10.58,10.51,10.51,2494,31950
980217,10.5,10.52,10.28,10.3,2561,32434
980218,10.18,10.19,10.07,10.18,5227,33605
980219,10.19,10.26,10.12,10.18,5019,34164
980220,10.08,10.08,9.93,9.95,9723,35933
980223,9.98,9.99,9.4,9.47,12542,36175
980224,9.2,9.54,9.04,9.52,10757,36223
980225,9.56,9.72,9.55,9.7,4947,37062
980226,9.7,9.7,9.52,9.66,6270,38199
980227,9.71,9.8,9.67,9.78,5538,38269
980302,9.92,9.92,9.86,9.9,2390,37502
980303,10.02,10.03,9.85,9.87,4633,37396
980304,9.88,9.94,9.86,9.87,2521,36317
980305,9.84,9.86,9.72,9.78,2424,36367
980306,9.82,9.83,9.73,9.73,1349,36333
980309,9.74,9.79,9.53,9.58,3859,37162
980310,9.46,9.5,9.31,9.42,9083,37665
980311,9.45,9.48,9.31,9.33,4476,36348
980312,9.4,9.4,9.19,9.25,4884,35742
980313,9.21,9.38,9.18,9.38,5126,36097
980316,9.43,9.48,9.39,9.41,1997,36616
980317,9.46,9.59,9.45,9.57,4302,36809
980318,9.61,9.7,9.58,9.67,3834,37010
980319,9.77,9.78,9.68,9.68,5775,36388
980320,9.63,9.71,9.59,9.67,5306,36563
980323,9.6,9.67,9.58,9.6,1545,36657
980324,9.61,9.72,9.58,9.64,6492,38107
980325,9.6,9.62,9.57,9.6,3641,38529
980326,9.61,9.61,9.51,9.52,4693,40541
980327,9.46,9.58,9.44,9.53,3638,41118
980330,9.55,9.59,9.51,9.54,7057,43864
980331,9.56,9.83,9.56,9.75,11208,44775
980401,9.72,9.78,9.61,9.62,5674,46543
980402,9.64,9.69,9.55,9.62,5717,47301
980403,9.66,9.71,9.6,9.61,3010,47748
980406,9.63,9.65,9.59,9.6,3053,47896
980407,9.57,9.59,9.45,9.51,4233,49089
980408,9.5,9.51,9.1,9.21,13439,51441
980409,9.27,9.35,9.25,9.3,7436,52502
980413,9.23,9.23,9,9.01,6929,55101
980414,9.05,9.28,8.98,9.1,12718,58638
980415,9.12,9.14,8.8,8.94,15522,63130
980416,8.9,8.92,8.72,8.83,16967,70486
980417,8.83,8.94,8.75,8.76,8610,72310
980420,8.72,8.87,8.72,8.87,9074,75109
980421,8.95,9.1,8.91,8.99,13430,77314
980422,8.99,9.06,8.96,9.05,8205,76707
980423,9.08,9.09,8.86,8.92,14312,78950
980424,8.95,9.02,8.93,8.94,11103,80802
980427,8.94,8.94,8.74,8.81,9998,83475
980428,8.82,8.83,8.64,8.65,13847,86743
980429,8.67,8.67,8.31,8.31,22624,90554
980430,8.37,8.48,8.37,8.46,12455,90123
980501,8.4,8.54,8.3,8.47,11337,89410
980504,8.47,8.53,8.4,8.49,5434,88392
980505,8.5,8.63,8.42,8.53,9290,89591
980506,8.56,8.97,8.56,8.96,21114,87737
980507,9.05,9.22,8.99,9.05,21678,82959
980508,9.02,9.18,9.02,9.14,11588,82675
980511,9.15,9.25,9.12,9.24,9132,82063
980512,9.4,9.45,9.26,9.35,13794,79386
980513,9.3,9.3,9.11,9.18,14390,77815
980514,9.22,9.3,9.21,9.24,7282,77619
980515,9.23,9.23,9.07,9.09,8814,76416
980518,9.05,9.05,8.93,8.95,8217,73941
980519,8.88,8.89,8.76,8.85,8876,74277
980520,8.89,9.01,8.89,8.96,8662,73038
980521,8.98,9.04,8.97,8.99,5323,73569
980522,8.98,8.99,8.86,8.89,4234,72768
980526,8.83,8.83,8.55,8.56,17051,74234
980527,8.5,8.5,8.23,8.34,22518,77299
980528,8.28,8.44,8.25,8.26,12264,76622
980529,8.17,8.39,8.15,8.28,11917,77142
980601,8.28,8.33,8.07,8.08,10304,74279
980602,8.09,8.28,8.08,8.26,10848,74700
980603,8.3,8.35,8.15,8.25,9235,75491
980604,8.27,8.27,7.95,8.13,13235,76459
980605,8.18,8.25,8.03,8.07,8803,76074
980608,8.04,8.04,7.84,7.86,10558,76888
980609,7.84,7.85,7.54,7.55,18805,72760
980610,7.5,7.52,7.25,7.36,18184,67601
980611,7.45,7.72,7.45,7.71,13058,64190
980612,7.72,7.77,7.44,7.45,11616,60180
980615,7.25,7.66,7.2,7.59,14702,56561
980616,7.64,7.76,7.53,7.6,13389,52043
980617,7.65,8.05,7.65,7.98,16102,50009
980618,8.05,8.13,7.88,7.99,9454,47509
980619,8.1,8.12,7.93,7.97,8675,43273
980622,7.97,7.97,7.75,7.89,9355,37723
980623,7.91,7.92,7.73,7.84,11969,32106
980624,7.8,7.92,7.7,7.89,10729,28982
980625,8,8.26,7.99,8.22,21444,21389
980626,8.2,8.74,8.19,8.63,14587,15495
980629,8.58,8.97,8.52,8.74,11603,10638
980630,8.62,8.68,8,8.46,10329,4317
