970417,10.46,10.46,10.46,10.46,0,0
970418,10.48,10.48,10.48,10.48,0,0
970421,10.51,10.51,10.51,10.51,0,0
970422,10.51,10.51,10.51,10.51,0,0
970423,10.59,10.59,10.59,10.59,0,0
970424,10.52,10.52,10.52,10.52,0,0
970425,10.63,10.63,10.63,10.63,0,0
970428,10.6,10.6,10.6,10.6,0,0
970429,10.6,10.6,10.6,10.6,0,0
970430,10.57,10.57,10.57,10.57,0,0
970501,10.5,10.5,10.47,10.47,100,100
970502,10.45,10.45,10.43,10.45,110,250
970505,10.44,10.44,10.44,10.44,0,250
970506,10.45,10.45,10.45,10.45,0,250
970507,10.46,10.46,10.46,10.46,0,250
970508,10.44,10.44,10.43,10.44,44,294
970509,10.42,10.43,10.41,10.43,51,345
970512,10.48,10.48,10.48,10.48,0,345
970513,10.54,10.54,10.54,10.54,0,345
970514,10.49,10.49,10.49,10.49,35,380
970515,10.49,10.5,10.49,10.5,185,455
970516,10.49,10.54,10.49,10.54,120,535
970519,10.54,10.54,10.51,10.51,0,555
970520,10.5,10.5,10.5,10.5,0,555
970521,10.56,10.56,10.56,10.56,0,555
970522,10.52,10.6,10.52,10.54,10,555
970523,10.55,10.55,10.55,10.55,0,555
970527,10.61,10.61,10.61,10.61,0,555
970528,10.6,10.6,10.6,10.6,5,560
970529,10.6,10.66,10.6,10.66,2,560
970530,10.66,10.68,10.64,10.64,64,588
970602,10.72,10.72,10.72,10.72,0,588
970603,10.78,10.78,10.78,10.78,10,588
970604,10.75,10.84,10.75,10.84,5,590
970605,10.81,10.81,10.79,10.79,13,595
970606,10.83,10.83,10.83,10.83,0,595
970609,10.84,10.84,10.84,10.84,9,595
970610,10.79,10.79,10.79,10.79,0,595
970611,10.74,10.74,10.74,10.74,0,595
970612,10.87,10.87,10.87,10.87,0,595
970613,10.82,10.82,10.82,10.82,15,595
970616,10.81,10.81,10.8,10.8,0,595
970617,10.82,10.82,10.82,10.82,0,595
970618,10.84,10.84,10.84,10.84,0,595
970619,10.83,10.85,10.8,10.85,15,610
970620,10.8,10.8,10.71,10.71,78,613
970623,10.77,10.77,10.72,10.72,4,662
970624,10.76,10.76,10.76,10.76,0,662
970625,10.76,10.86,10.76,10.86,10,666
970626,10.87,10.87,10.87,10.87,0,666
970627,10.84,10.84,10.84,10.84,0,666
970630,10.89,10.89,10.89,10.89,0,666
970701,10.99,10.99,10.99,10.99,0,666
970702,10.91,10.91,10.85,10.85,32,683
970703,10.92,10.92,10.92,10.92,0,683
970707,10.89,10.9,10.89,10.9,2,684
970708,10.95,10.95,10.91,10.91,2,686
970709,10.95,10.95,10.95,10.95,2,687
970710,10.99,10.99,10.91,10.91,23,710
970711,11,11,10.95,10.95,98,731
970714,10.96,10.96,10.96,10.96,5,734
970715,10.92,10.93,10.92,10.93,25,734
970716,10.96,11.08,10.96,11.08,1,735
970717,11.04,11.04,11.04,11.04,0,735
970718,11.1,11.1,11.1,11.1,0,735
970721,11.13,11.13,11.13,11.13,0,735
970722,11.36,11.36,11.36,11.36,0,735
970723,11.33,11.33,11.33,11.33,0,735
970724,11.43,11.43,11.43,11.43,0,735
970725,11.52,11.58,11.52,11.58,15,735
970728,11.62,11.62,11.62,11.62,0,735
970729,11.63,11.63,11.57,11.58,57,787
970730,11.58,11.58,11.55,11.55,108,885
970731,11.57,11.57,11.57,11.57,1,886
970801,11.57,11.57,11.52,11.52,122,939
970804,11.54,11.54,11.46,11.46,96,933
970805,11.42,11.49,11.42,11.49,31,919
970806,11.46,11.46,11.46,11.46,0,919
970807,11.5,11.52,11.46,11.47,86,954
970808,11.45,11.45,11.43,11.43,30,964
970811,11.45,11.53,11.45,11.53,80,1004
970812,11.54,11.54,11.51,11.51,5,1009
970813,11.54,11.56,11.53,11.55,187,1142
970814,11.56,11.59,11.56,11.59,46,1177
970815,11.64,11.8,11.64,11.8,27,1182
970818,11.75,11.79,11.75,11.79,10,1182
970819,11.79,11.83,11.79,11.82,106,1271
970820,11.77,11.78,11.75,11.77,173,1393
970821,11.75,11.75,11.74,11.74,118,1464
970822,11.73,11.82,11.72,11.82,45,1459
970825,11.77,11.77,11.77,11.77,10,1489
970826,11.75,11.83,11.75,11.83,24,1491
970827,11.87,11.87,11.77,11.77,65,1544
970828,11.77,11.77,11.75,11.75,21,1544
970829,11.7,11.7,11.69,11.7,16,1532
970902,11.71,11.71,11.71,11.71,0,1499
970903,11.67,11.68,11.66,11.66,34,1509
970904,11.68,11.68,11.68,11.68,396,1714
970905,11.72,11.73,11.71,11.71,495,2000
970908,11.7,11.71,11.69,11.69,32,1999
970909,11.7,11.7,11.7,11.7,25,1974
970910,11.64,11.64,11.64,11.64,0,1974
970911,11.62,11.77,11.62,11.77,75,2029
970912,11.76,11.78,11.74,11.74,213,2170
970915,11.66,11.68,11.64,11.65,14,2182
970916,11.61,11.65,11.61,11.62,25,2181
970917,11.62,11.65,11.62,11.65,259,2287
970918,11.61,11.61,11.61,11.61,32,2293
970919,11.55,11.55,11.55,11.55,9,2302
970922,11.53,11.53,11.53,11.53,184,2422
970923,11.55,11.58,11.49,11.49,30,2396
970924,11.52,11.54,11.46,11.46,253,2454
970925,11.49,11.49,11.39,11.41,744,2901
970926,11.45,11.45,11.44,11.44,133,2893
970929,11.44,11.48,11.44,11.48,678,3334
970930,11.49,11.49,11.46,11.46,25,3326
971001,11.49,11.53,11.49,11.51,237,3153
971002,11.52,11.52,11.49,11.52,55,3141
971003,11.55,11.6,11.55,11.6,287,3099
971006,11.58,11.58,11.58,11.58,12,3106
971007,11.55,11.58,11.55,11.58,107,3211
971008,11.56,11.68,11.56,11.68,107,3137
971009,11.71,11.71,11.71,11.71,200,3177
971010,11.73,11.73,11.72,11.72,136,3248
971013,11.65,11.65,11.64,11.65,94,3320
971014,11.62,11.69,11.62,11.69,825,3781
971015,11.65,11.75,11.65,11.7,169,3896
971016,11.66,11.71,11.62,11.62,182,3913
971017,11.6,11.6,11.57,11.57,312,4048
971020,11.55,11.66,11.53,11.64,323,4228
971021,11.61,11.61,11.52,11.52,596,4489
971022,11.52,11.52,11.43,11.47,282,4734
971023,11.51,11.52,11.45,11.47,535,5104
971024,11.44,11.5,11.44,11.5,1890,5230
971027,11.48,11.52,11.48,11.52,179,5320
971028,11.5,11.51,11.45,11.5,450,5614
971029,11.54,11.6,11.54,11.58,198,5720
971030,11.58,11.7,11.58,11.7,262,5718
971031,11.71,11.75,11.71,11.75,457,5676
971103,11.7,11.73,11.7,11.73,13,5682
971104,11.68,11.71,11.63,11.63,579,5717
971105,11.62,11.65,11.61,11.63,236,5822
971106,11.6,11.61,11.59,11.6,102,5872
971107,11.57,11.62,11.57,11.6,398,5833
971110,11.6,11.62,11.6,11.6,99,5908
971111,11.59,11.66,11.59,11.65,795,6136
971112,11.69,11.69,11.65,11.65,153,6206
971113,11.66,11.7,11.66,11.69,434,6344
971114,11.7,11.7,11.67,11.67,120,6312
971117,11.67,11.68,11.67,11.67,183,6342
971118,11.67,11.67,11.66,11.66,2,5969
971119,11.65,11.68,11.65,11.68,279,6083
971120,11.68,11.69,11.51,11.51,172,6124
971121,11.53,11.53,11.48,11.5,864,6055
971124,11.57,11.57,11.57,11.57,39,6031
971125,11.56,11.56,11.53,11.55,70,6076
971126,11.57,11.57,11.56,11.56,2,6076
971201,11.59,11.7,11.59,11.69,172,6088
971202,11.65,11.65,11.58,11.58,186,6156
971203,11.6,11.6,11.56,11.58,412,6290
971204,11.59,11.62,11.56,11.59,403,6475
971205,11.58,11.59,11.55,11.55,78,6550
971208,11.55,11.57,11.5,11.5,123,6646
971209,11.5,11.54,11.49,11.54,25,6669
971210,11.56,11.57,11.55,11.55,112,6721
971211,11.52,11.54,11.45,11.48,473,6909
971212,11.48,11.51,11.46,11.49,45,6931
971215,11.49,11.5,11.46,11.46,124,6973
971216,11.46,11.47,11.35,11.36,712,7157
971217,11.35,11.45,11.34,11.4,625,7196
971218,11.46,11.5,11.41,11.41,47,7248
971219,11.39,11.44,11.38,11.4,226,7261
971222,11.4,11.42,11.39,11.39,176,7453
971223,11.4,11.43,11.4,11.42,55,7399
971224,11.37,11.42,11.37,11.42,100,7495
971229,11.48,11.49,11.43,11.49,338,7477
971230,11.46,11.48,11.46,11.47,220,7457
971231,11.46,11.47,11.44,11.44,165,7362
980105,11.38,11.43,11.38,11.38,247,7246
980106,11.37,11.39,11.35,11.35,607,7096
980107,11.32,11.34,11.2,11.2,635,7099
980108,11.21,11.33,11.21,11.3,980,7256
980109,11.29,11.35,11.27,11.27,317,7055
980112,11.19,11.21,11.11,11.11,855,7160
980113,11.13,11.14,11.11,11.14,414,7405
980114,11.14,11.18,11.14,11.16,360,7624
980115,11.13,11.13,10.92,10.92,1047,7720
980116,10.93,11,10.91,10.98,2636,8499
980120,11,11.03,10.94,10.94,4109,9215
980121,10.97,10.99,10.9,10.99,1685,9809
980122,11.06,11.06,10.91,10.91,728,10072
980123,10.87,10.91,10.84,10.84,925,10580
980126,10.87,10.89,10.8,10.81,493,10976
980127,10.78,10.79,10.73,10.78,1036,11510
980128,10.85,10.85,10.74,10.8,752,11541
980129,10.84,10.84,10.8,10.8,1382,12503
980130,10.78,10.81,10.77,10.77,621,12862
980202,10.77,10.8,10.77,10.79,545,13010
980203,10.79,10.86,10.77,10.83,821,13095
980204,10.82,10.82,10.75,10.79,775,13371
980205,10.77,10.8,10.63,10.64,998,13569
980206,10.61,10.61,10.37,10.5,1463,14225
980209,10.51,10.61,10.51,10.59,800,14273
980210,10.63,10.67,10.63,10.67,547,14183
980211,10.68,10.71,10.66,10.71,307,14188
980212,10.7,10.7,10.67,10.68,390,14246
980213,10.65,10.69,10.64,10.64,344,14221
980217,10.64,10.65,10.51,10.51,1166,14603
980218,10.45,10.5,10.43,10.49,1220,14656
980219,10.49,10.53,10.44,10.48,951,14717
980220,10.4,10.44,10.37,10.39,1304,15023
980223,10.4,10.41,9.85,9.91,2212,15141
980224,9.69,9.9,9.55,9.9,1612,14956
980225,10,10.12,9.99,10.12,696,14814
980226,10.1,10.1,10.04,10.1,662,15006
980227,10.12,10.25,10.12,10.24,1292,15112
980302,10.32,10.37,10.32,10.35,491,14960
980303,10.46,10.46,10.39,10.4,1088,15736
980304,10.44,10.46,10.42,10.44,841,15969
980305,10.41,10.43,10.32,10.38,877,16169
980306,10.36,10.38,10.32,10.33,330,15925
980309,10.34,10.34,10.23,10.24,729,16049
980310,10.1,10.18,10,10.02,825,16315
980311,10.05,10.07,10.01,10.05,3538,15457
980312,10.07,10.08,9.95,9.99,1512,16011
980313,9.97,10.1,9.95,10.09,1130,16035
980316,10.13,10.15,10.07,10.07,809,16080
980317,10.12,10.19,10.11,10.19,995,16180
980318,10.19,10.24,10.17,10.24,1089,16572
980319,10.24,10.26,10.16,10.16,1012,16616
980320,10.13,10.19,10.13,10.13,1325,17145
980323,10.14,10.21,10.13,10.2,1026,17233
980324,10.16,10.24,10.16,10.18,885,17539
980325,10.18,10.2,10.17,10.17,419,17673
980326,10.17,10.17,10.08,10.09,573,17658
980327,10.05,10.11,10.03,10.09,953,18213
980330,10.09,10.13,10.08,10.11,1004,18610
980331,10.12,10.27,10.11,10.21,1743,18477
980401,10.2,10.26,10.18,10.19,967,18745
980402,10.17,10.23,10.15,10.22,495,18930
980403,10.23,10.23,10.16,10.18,442,18746
980406,10.17,10.19,10.17,10.17,181,18804
980407,10.12,10.14,10.06,10.09,850,19015
980408,10.07,10.07,9.74,9.85,1968,19875
980409,9.95,9.97,9.9,9.9,1266,20236
980413,9.78,9.85,9.69,9.7,1119,20553
980414,9.71,9.91,9.7,9.77,1027,20826
980415,9.79,9.8,9.61,9.69,1709,21229
980416,9.63,9.64,9.53,9.6,1488,21675
980417,9.6,9.68,9.49,9.49,1328,21729
980420,9.5,9.62,9.5,9.62,1072,21967
980421,9.66,9.8,9.65,9.7,1872,22124
980422,9.7,9.73,9.65,9.69,1466,21931
980423,9.72,9.74,9.63,9.67,2574,22495
980424,9.72,9.75,9.72,9.72,1367,23030
980427,9.73,9.74,9.56,9.6,1391,23518
980428,9.62,9.63,9.48,9.48,1173,23358
980429,9.46,9.47,9.21,9.21,3490,24187
980430,9.29,9.38,9.28,9.3,2255,24298
980501,9.23,9.31,9.2,9.27,2250,24332
980504,9.25,9.3,9.21,9.26,355,24413
980505,9.26,9.33,9.22,9.27,910,24967
980506,9.32,9.61,9.32,9.59,3367,25077
980507,9.76,9.82,9.65,9.66,3185,24867
980508,9.65,9.82,9.65,9.75,2261,25440
980511,9.77,9.85,9.76,9.84,605,25434
980512,9.91,9.93,9.88,9.93,2222,25878
980513,9.88,9.88,9.68,9.75,1271,25598
980514,9.78,9.83,9.78,9.8,1592,25628
980515,9.79,9.79,9.7,9.7,1766,25483
980518,9.64,9.67,9.6,9.61,1933,25435
980519,9.53,9.54,9.45,9.51,2104,25827
980520,9.55,9.61,9.54,9.56,1031,25965
980521,9.6,9.63,9.6,9.62,765,26079
980522,9.62,9.62,9.5,9.51,275,26146
980526,9.44,9.44,9.3,9.32,2507,26770
980527,9.18,9.24,9.05,9.12,5054,27446
980528,9.12,9.17,9.04,9.07,2081,28470
980529,9.03,9.14,9.03,9.04,2342,28834
980601,9.06,9.06,8.85,8.88,1899,29343
980602,8.92,9.08,8.92,9.08,3081,30015
980603,9.14,9.17,8.99,9.02,2936,30528
980604,9,9.01,8.8,8.95,4159,30937
980605,8.98,9.01,8.85,8.89,1629,31000
980608,8.85,8.85,8.73,8.76,1795,30700
980609,8.76,8.76,8.53,8.53,6724,31294
980610,8.45,8.46,8.26,8.31,4781,32197
980611,8.48,8.55,8.4,8.51,4319,32746
980612,8.51,8.56,8.35,8.35,3282,33131
980615,8.17,8.42,8.15,8.41,2736,32436
980616,8.45,8.55,8.37,8.39,4319,33454
980617,8.48,8.75,8.48,8.73,3558,33270
980618,8.8,8.83,8.67,8.73,4266,33185
980619,8.77,8.79,8.67,8.75,3794,33871
980622,8.7,8.71,8.58,8.69,2598,33878
980623,8.69,8.7,8.54,8.64,2375,34375
980624,8.6,8.72,8.55,8.68,2913,35052
980625,8.88,8.97,8.81,8.88,5888,35906
980626,8.88,9.38,8.88,9.23,9488,34262
980629,9.1,9.55,9.04,9.42,7808,34416
980630,9.15,9.15,8.98,9.03,6878,35189
980701,9.06,9.17,8.93,8.95,3200,35764
980702,9.04,9.13,9.03,9.07,2084,34518
980706,9.02,9.05,8.97,9.03,651,34804
980707,9.06,9.06,8.94,8.94,1637,34854
980708,8.9,8.92,8.83,8.89,2248,34908
980709,8.9,8.99,8.88,8.91,1622,34656
980710,8.95,9.19,8.94,9.14,5741,36210
980713,9.11,9.22,9.03,9.21,2654,36003
980714,9.22,9.22,9.09,9.13,2380,36118
980715,9.1,9.25,9.05,9.1,3356,36380
980716,9.05,9.18,9.05,9.16,2389,36777
980717,9.22,9.36,9.21,9.35,3161,36670
980720,9.46,9.5,9.38,9.39,3135,36930
980721,9.24,9.24,9,9.03,3971,37424
980722,8.92,9.02,8.91,9.01,2844,38073
980723,9.07,9.21,9.04,9.16,2398,38299
980724,9.21,9.21,8.94,8.96,2077,38333
980727,8.9,8.99,8.85,8.98,2264,38350
980728,8.98,9.08,8.95,9.02,1347,38137
980729,9.09,9.12,9.03,9.05,1338,38189
980730,9.2,9.25,9.13,9.23,4687,39496
980731,9.29,9.29,9.07,9.12,2316,39514
980803,9.15,9.15,9.09,9.1,2209,39818
980804,9.06,9.08,9.02,9.07,1304,39835
980805,9.12,9.22,9.12,9.17,3689,40184
980806,9.19,9.22,9.16,9.18,2460,40511
980807,9.23,9.26,9.19,9.26,1770,40806
980810,9.23,9.37,9.22,9.35,4122,41055
980811,9.35,9.36,9.15,9.34,3771,40237
980812,9.23,9.23,9,9.05,3853,40607
980813,8.95,9.16,8.93,9.08,3688,40843
980814,8.97,9.02,8.91,8.92,2545,41270
980817,8.9,8.97,8.87,8.95,1559,41400
980818,8.95,8.98,8.91,8.92,2695,41330
980819,8.92,8.94,8.83,8.87,3254,42331
980820,8.92,8.92,8.82,8.82,4095,43174
980821,8.75,8.78,8.5,8.52,9549,46208
980824,8.39,8.45,8.16,8.23,9982,48167
980825,8.36,8.39,8.22,8.29,5619,48361
980826,8.14,8.14,7.92,7.97,10837,49798
980827,8.06,8.1,7.78,7.91,8693,52035
980828,7.93,8.06,7.79,8,7661,53075
980831,8.1,8.22,7.8,7.94,6367,54973
980901,7.8,7.93,7.62,7.86,8638,56169
980902,8.08,8.11,8.01,8.1,6953,56215
980903,8.15,8.15,7.96,8,4460,55757
980904,8.01,8.09,8,8.07,3811,56189
980908,8.12,8.15,7.84,7.85,7901,56504
980909,7.7,7.83,7.67,7.74,7520,58179
980910,7.74,7.82,7.5,7.52,11730,59654
980911,7.43,7.69,7.42,7.69,10658,62581
980914,7.8,7.82,7.62,7.65,6166,64050
980915,7.61,7.71,7.57,7.67,6997,64032
980916,7.77,7.81,7.68,7.79,11362,67421
980917,7.73,7.74,7.45,7.48,12471,71825
980918,7.52,7.57,7.2,7.31,14471,72462
980921,7.25,7.45,7.22,7.45,10617,76322
980922,7.53,7.69,7.51,7.64,11799,77427
980923,7.65,7.67,7.34,7.44,21886,85668
980924,7.52,7.55,7.38,7.39,8010,86805
980925,7.39,7.5,7.39,7.46,7706,89229
980928,7.48,7.58,7.36,7.41,11447,91468
980929,7.37,7.55,7.36,7.53,12503,93805
980930,7.63,7.9,7.63,7.65,23886,93498
981001,7.64,7.7,7.58,7.62,7349,92462
981002,7.59,7.62,7.29,7.35,20841,97309
981005,7.45,7.51,7.33,7.36,7496,96479
981006,7.36,7.46,7.26,7.27,8339,98388
981007,7.25,7.5,7.15,7.48,13566,97730
981008,7.7,7.75,7.25,7.27,18252,97837
981009,7.32,7.62,7.29,7.6,13416,97308
981012,7.59,7.77,7.53,7.66,13859,95059
981013,7.7,7.82,7.63,7.66,10635,94967
981014,7.65,7.8,7.56,7.78,13428,94096
981015,7.95,7.95,7.62,7.72,16876,92333
981016,7.75,7.91,7.7,7.9,13757,90884
981019,7.88,7.9,7.61,7.62,11519,90903
981020,7.67,7.79,7.64,7.75,8401,91177
981021,7.76,7.78,7.62,7.66,6712,88045
981022,7.7,7.78,7.67,7.74,5138,86900
981023,7.72,7.76,7.69,7.75,2248,86647
981026,7.77,7.83,7.58,7.63,10263,87159
981027,7.67,7.69,7.52,7.55,8178,85689
981028,7.58,7.8,7.58,7.76,11801,85304
981029,7.75,7.76,7.69,7.7,4418,85522
981030,7.7,7.73,7.48,7.71,16391,87259
981102,7.74,7.75,7.58,7.6,5070,87046
981103,7.68,7.88,7.68,7.87,19304,85459
981104,7.89,8.08,7.88,8.05,32666,84392
981105,8.03,8.05,7.9,8.02,11099,83095
981106,8.05,8.1,7.86,7.95,14248,82898
981109,7.95,7.95,7.83,7.88,5959,83533
981110,7.94,8.07,7.93,8.05,12946,84818
981111,8.12,8.39,8.08,8.38,36767,82877
981112,8.29,8.39,8.24,8.38,16234,80001
981113,8.32,8.41,8.28,8.37,10220,77394
981116,8.38,8.38,8.26,8.35,6402,75632
981117,8.37,8.5,8.36,8.49,21632,82047
981118,8.42,8.5,8.37,8.46,9794,84310
981119,8.37,8.48,8.32,8.33,11340,85499
981120,8.3,8.48,8.3,8.48,11854,88470
981123,8.4,8.41,8.24,8.24,12187,88489
981124,8.12,8.2,8.01,8.03,21871,86949
981125,8.05,8.14,8.02,8.13,6476,86300
981130,8.18,8.24,8.13,8.23,8744,85391
981201,8.23,8.49,8.23,8.31,17002,86317
981202,8.32,8.4,8.27,8.3,7231,85858
981203,8.32,8.38,8.2,8.29,7920,85465
981204,8.32,8.33,8.23,8.24,5795,85918
981207,8.27,8.34,8.09,8.1,12430,85894
981208,8.12,8.2,8.07,8.2,7754,85042
981209,8.15,8.33,8.04,8.24,13644,85323
981210,8.24,8.28,8.18,8.25,4514,84738
981211,8.22,8.3,8.14,8.19,13338,83199
981214,8.17,8.27,8.11,8.12,6906,83803
981215,8.25,8.25,8.09,8.12,10131,82944
981216,8.14,8.17,8.07,8.09,6117,82286
981217,8.1,8.1,7.75,7.78,31457,81430
981218,7.8,7.8,7.57,7.58,29884,77786
981221,7.58,7.79,7.49,7.52,19785,77876
981222,7.5,7.64,7.42,7.58,18385,77461
981223,7.62,7.69,7.49,7.53,10926,76405
981224,7.58,7.63,7.55,7.62,2544,76516
981228,7.63,7.68,7.55,7.58,3270,76169
981229,7.61,7.85,7.58,7.83,12194,75569
981230,7.83,7.92,7.77,7.88,10381,75522
981231,7.9,7.94,7.83,7.86,3575,75169
990104,7.9,8.19,7.9,8.18,22775,75090
990105,8.17,8.82,8.17,8.74,64112,82745
990106,8.74,8.79,8.64,8.79,21404,81981
990107,8.69,8.81,8.62,8.8,17293,82735
990108,8.72,8.79,8.67,8.71,10004,84119
990111,8.66,8.76,8.63,8.75,9245,85613
990112,8.75,8.79,8.54,8.67,13965,85647
990113,8.45,8.74,8.37,8.7,28866,89313
990114,8.68,8.69,8.45,8.55,11840,87706
990115,8.35,8.5,8.26,8.42,14795,86687
990119,8.25,8.25,7.68,7.69,39554,79522
990120,7.55,7.7,7.38,7.52,40752,73632
990121,7.56,7.6,7.45,7.47,17876,69069
990122,7.52,7.52,7.07,7.1,37859,67283
990125,7.15,7.25,6.95,6.97,17292,66599
990126,6.97,6.98,6.7,6.73,18970,63693
990127,6.84,6.89,6.62,6.65,19534,65296
990128,6.72,6.95,6.71,6.92,14233,65669
990129,6.95,7.18,6.95,7.11,17798,63740
990201,7.11,7.11,6.67,6.76,12442,65036
990202,6.81,6.99,6.73,6.92,9018,64250
990203,6.95,6.95,6.79,6.81,6285,64085
990204,6.84,6.89,6.65,6.69,8793,63096
990205,6.65,6.92,6.58,6.71,11641,62837
990208,6.82,6.92,6.82,6.84,11698,58327
990209,6.78,6.9,6.77,6.83,8961,57965
990210,6.84,6.94,6.83,6.89,12345,56951
990211,6.85,6.87,6.51,6.67,16851,55275
990212,6.77,6.8,6.62,6.75,7066,55208
990216,6.82,6.85,6.62,6.63,14981,46755
990217,6.59,6.66,6.29,6.65,17813,43460
990218,6.66,6.79,6.52,6.68,14700,39881
990219,6.65,6.87,6.64,6.75,16079,37365
990222,6.77,6.87,6.67,6.81,16830,32272
990223,6.74,6.82,6.68,6.79,15664,25483
990224,6.8,6.82,6.66,6.73,16536,20073
990225,6.7,6.87,6.67,6.87,16721,11797
990226,6.87,6.87,6.31,6.34,11429,4039
