780707,110.5,110.5,110.5,110.5,1,1
780710,110.1,110.1,108.25,108.25,4,2
780711,109.5,109.5,109.5,109.5,0,2
780712,110,110,110,110,1,2
780713,108,108,108,108,0,2
780714,106.5,106.5,106.5,106.5,0,2
780717,103,103.5,103,103.5,1,2
780718,102.5,103,100,103,8,8
780719,103,104.08,103,104.08,3,6
780720,102,105,102,105,2,10
780721,101,101,101,101,4,12
780724,101,101,97,97,3,15
780725,98,98,93,93,1,16
780726,92.5,97,92.5,97,5,18
780727,101,101,100,100,1,19
780728,100,106,100,106,3,20
780731,109,109,107.5,107.5,3,22
780801,106,106,103,103,3,24
780802,100,101.5,100,101.5,1,24
780803,102,102,98.25,98.25,0,24
780804,102.5,102.5,100.75,100.75,1,26
780807,102,102,100,100,1,27
780808,104,104,101.5,101.5,4,29
780809,105.5,105.5,102.75,102.75,7,33
780810,106.75,106.75,106.75,106.75,11,42
780811,106.75,107,105.38,105.38,3,42
780814,109.38,109.38,109.38,109.38,0,43
780815,113,113,105.38,105.38,8,45
780816,109.38,109.38,109.38,109.38,1,42
780817,113.38,113.38,113.38,113.38,0,42
780818,119,119.38,119,119.38,2,41
780821,115,118,115,118,3,43
780822,121,123,120,123,24,51
780823,128,129,122.5,122.5,13,54
780824,127,127,122.5,122.5,11,55
780825,122,126.5,122,126.5,3,55
780828,130.5,130.5,129.5,129.5,9,55
780829,129.5,129.5,128.75,128.75,1,56
780830,128,129.5,128,129,2,55
780831,129,129,129,129,1,57
780901,129,133,129,133,6,51
780905,135.75,137,129.62,129.62,3,48
780906,129.99,131,129,129.5,5,48
780907,128,128,127,128,9,50
780908,126.25,127,124,125,7,47
780911,123.5,125,123.5,125,3,49
780912,129,129,129,129,5,50
780913,129.5,129.5,126.5,126.5,1,51
780914,124.75,124.75,124.75,124.75,1,51
780915,126,126,126,126,3,51
780918,126.75,126.75,126.75,126.75,0,51
780919,126.5,126.5,122.75,122.75,5,53
780920,121,122,121,122,9,47
780921,121,121,119,119.11,9,49
780922,120,120,120,120,0,49
780925,124,124,124,124,1,50
780926,122.5,122.5,122.5,122.5,0,50
780927,121.75,121.75,121.75,121.75,0,50
780928,125.75,125.75,125.75,125.75,17,50
780929,126,126.5,126,126.5,1,50
781002,130,130,129,129.25,2,52
781003,131.5,131.5,130.4,130.4,5,56
781004,131.75,133.5,131.75,133.5,5,59
781005,132,132,132,132,2,60
781006,134.13,134.13,134.13,134.13,9,63
781010,131.07,131.07,131.07,131.07,2,68
781011,133.25,133.25,133.25,133.25,0,68
781012,135,135,135,135,2,68
781013,134,134,134,134,3,67
781016,132,132,132,132,1,67
781017,130,130,130,130,3,67
781018,131.25,131.25,131.25,131.25,1,67
781019,127.25,127.25,127.25,127.25,0,67
781020,126.13,126.13,126.13,126.13,6,69
781023,125,125,125,125,0,72
781024,125,126,125,125.75,13,73
781025,129.13,129.13,129.13,129.13,1,72
781026,129.5,129.5,127.95,127.95,4,72
781027,128.75,130.25,128.75,130.25,1,73
781030,134.25,134.25,132.1,132.38,6,75
781031,132.1,132.5,132.1,132.5,4,72
781101,131,131.63,131,131.63,2,78
781102,130.5,130.5,130.5,130.5,5,76
781103,130.75,130.75,130.75,130.75,0,76
781106,130,130,130,130,5,81
781108,127,127.48,127,127.48,4,81
781109,127.5,128.5,127.5,128.5,6,84
781110,128.5,129.9,128.5,129.9,5,86
781113,128.1,128.45,128.1,128.45,1,86
781114,130,130,129.5,129.5,1,86
781115,126,126,125.88,125.88,1,87
781116,122.5,123.5,121.88,121.88,27,92
781117,122,123.5,122,123.5,4,87
781120,129,129,128.5,128.82,15,94
781121,126.25,126.25,126.25,126.25,4,94
781122,125,125,125,125,0,94
781124,124.75,124.75,124.75,124.75,0,94
781127,120.75,121,120.75,121,29,108
781128,120,124.9,120,124.9,18,105
781129,124,127,123,127,13,110
781130,126.5,126.5,125,126,33,121
781201,125.5,125.5,122,122.2,28,132
781204,122,122,118.2,118.2,11,140
781205,118.1,118.25,117.25,117.25,6,137
781206,115.5,118.75,115.5,118.75,4,140
781207,122,122.5,122,122.4,13,150
781208,120.5,121,119.5,119.5,10,148
781211,118,123,117.6,122.79,37,175
781212,121.75,121.75,118.79,118.79,20,168
781213,114.79,114.79,114.79,114.79,9,174
781214,113.5,120.79,113.5,120.79,38,185
781215,122.5,123.25,122.5,123,17,195
781218,119,119,119,119,0,192
781219,119,119.5,119,119.5,3,192
781220,120,121.5,120,121.35,28,203
781221,122,122.2,122,122.2,3,206
781222,126.2,126.2,126.2,126.2,12,215
781226,126.8,127,124,125.35,27,211
781227,125,127.4,125,127.08,1,220
781228,126.5,127.75,126,127.66,55,248
781229,129,129.5,126,129,45,259
790102,128.5,130,128.25,129.9,31,268
790103,129,130.9,129,130.9,21,268
790104,131.5,131.5,131,131.1,59,293
790105,127.1,130.9,127.1,130.75,105,344
790108,130.5,130.75,129.75,130.63,52,348
790109,129.25,131.25,129,130.98,101,400
790110,129.15,129.15,126.98,126.98,37,418
790111,125,126.5,122.98,123.01,62,398
790112,124,124,121,123.38,65,396
790115,123,123.25,122,122.9,37,406
790116,123.5,123.5,121.5,121.5,30,414
790117,120.75,121,119,119,44,435
790118,122,123,121.2,123,59,423
790119,122.5,124,122,123.77,40,434
790122,124,124,124,124,8,449
790123,122,123.75,122,123.44,23,469
790124,121.9,121.9,120.1,120.1,47,486
790125,119.5,120.5,119.5,120.5,77,514
790126,119.5,119.75,119,119.63,36,529
790129,120,120,119,119.25,26,523
790130,119.5,121.75,118.5,121.34,55,553
790131,121.35,125,120.6,124.73,164,565
790201,122.75,124.49,122.5,124.22,96,615
790202,124.25,125.25,122.51,124.56,137,634
790205,124.25,124.25,122.5,122.5,42,643
790206,122,124,121.1,123.88,102,637
790207,123,124.75,120.5,124.2,105,653
790208,122.5,124.5,122.25,124.17,57,681
790209,123,124.9,123,124.87,39,675
790212,124,124.25,123.75,124,23,678
790213,123.5,123.85,123,123.5,14,681
790214,123.4,124,123.1,123.28,56,640
790215,122.5,124.5,119.28,124.16,249,649
790216,123,124,122.5,123.99,43,668
790220,124,126,124,125.95,61,679
790221,126.25,127.25,125.5,127.17,88,675
790222,127.5,128.25,127.25,128.14,77,665
790223,128.25,128.3,127,128.04,128,678
790226,127.5,128.5,127,128.5,163,733
790227,127.5,127.5,126.5,126.63,116,745
790228,127,128.4,126.75,128.2,216,775
790301,128.25,128.5,127.4,128.25,185,770
790302,127.6,128.5,127.6,128.5,70,759
790305,130,132.5,129.7,132.2,148,814
790306,132.5,133.25,131.65,132.44,108,827
790307,133,134.4,132.25,134.19,132,804
790308,135.5,138.19,135.5,138.19,196,846
790309,137.5,138.5,135.75,138.42,278,835
790312,137.75,138.4,136.9,138.32,97,850
790313,139,139.5,138.5,138.91,109,893
790314,137.25,137.5,136.5,136.97,99,889
790315,136.25,136.8,136,136.75,103,882
790316,136.5,136.5,135.75,136.13,99,896
790319,135.9,136.49,134.25,135.68,141,876
790320,134,135.75,134,135.53,45,896
790321,135.5,135.5,134.75,134.75,53,886
790322,136.25,138,136.25,137.42,68,885
790323,139.5,141.25,139.4,141.23,169,906
790326,142.5,142.5,140.25,142.42,248,931
790327,142.4,142.4,141.05,141.46,66,941
790328,141.25,144.4,141.25,144.09,223,977
790329,144,145.4,143.05,145.17,160,998
790330,145,146.75,144.5,145.5,244,1044
790402,141.5,142.45,141.5,141.5,68,1035
790403,142.39,144.5,142.39,144,193,1036
790404,142.75,143,141.5,142.26,113,1042
790405,140.6,142.26,138.26,142.17,252,1065
790406,140.75,144,140.5,142.68,93,1106
790409,144.25,146.68,144,146.68,230,1055
790410,145.75,147,145.5,146.34,254,1046
790411,144.75,146,144.75,145.89,161,1095
790412,145.75,145.9,143,143.25,143,1101
790416,145.01,146.25,144,146.04,169,1140
790417,145.9,146.5,144.8,146.5,158,1175
790418,146,146.75,144.5,145.7,350,1196
790419,148,148.6,147.25,148.41,319,1236
790420,148,150.41,147.75,150.41,491,1294
790423,150,150.5,148.25,150.33,461,1418
790424,150,151,149.5,150.98,342,1438
790425,150.05,151.75,150.05,151.48,493,1573
790426,151.25,155,151,154.65,562,1609
790427,154.25,158.5,154,158.14,649,1812
790430,157.5,158,156.6,157.91,446,1792
790501,157,157.75,155.5,157.51,419,1855
790502,156.75,156.75,155.6,155.94,287,1770
790503,155.25,158.2,155,158.03,441,1898
790504,158.75,160.7,158.5,160.49,649,2004
790507,161,161,159.8,159.92,268,2000
790508,159.5,159.75,158.75,159.64,231,1980
790509,158.25,158.75,156.75,158.53,333,2013
790510,159,159.8,158.5,158.75,613,1991
790511,158.25,159.5,157.1,157.72,331,2012
790514,158,158,156.75,156.88,267,2014
790515,156.2,156.85,154.75,155.17,433,2018
790516,153.3,155.1,153.3,154.98,322,2115
790517,154.8,155,150.98,150.98,348,2084
790518,148,153.9,148,153.02,738,2057
790521,151.75,155,151.75,154.5,400,2154
790522,153.75,154,153.1,153.5,255,2195
790523,153,153,151.99,152.06,363,2152
790524,150.3,152,149.75,151.95,238,2222
790525,152.5,153.1,152.25,152.91,371,2218
790529,151.5,151.9,150.25,150.5,234,2206
790530,149.75,153.5,148.3,151.3,538,2169
790531,155.25,155.3,154.4,155.19,379,2204
790601,159.19,159.19,159.19,159.19,80,2268
790604,163.19,163.19,163.19,163.19,29,2250
790605,169.19,169.19,169.19,169.19,46,2245
790606,175.19,175.19,175.19,175.19,23,2231
790607,181.19,181.19,181.19,181.19,440,2117
790608,183,187.19,182.75,187.19,630,2154
790611,186.5,187.6,186,186.33,407,2164
790612,184,187.04,182.25,187.04,663,2139
790613,189,191.04,189,191.04,468,2073
790614,195.04,195.04,195.04,195.04,229,2028
790615,198.5,200,195.8,196.16,673,2165
790618,192.75,193.5,191.5,192.99,408,2232
790619,194,196.99,194,196.99,526,2157
790620,199,200.99,198.5,200.48,412,2247
790621,204.48,204.48,203.25,204.28,385,2329
790622,203.75,204.15,203,203.05,684,2380
790625,203.2,207.05,203.2,206.9,518,2402
790626,208,208.9,206,208,541,2395
790627,207.25,212,206.75,212,571,2534
790628,215.5,216,214.25,216,638,2629
790629,220,220,219.25,220,619,2751
790702,218,218,216,216,430,2790
790703,212.05,215.1,212,214.6,783,2702
790705,215.5,218.6,215.5,218.33,1004,2797
790706,218,219,214.33,214.33,654,2925
790709,210.33,210.75,210.33,210.33,843,3067
790710,209.5,213.5,209.5,212.88,741,3221
790711,210,211.5,210,211.13,682,3411
790712,210.6,211.25,207.13,207.22,790,3585
790713,204.25,204.5,203.22,203.22,480,3541
790716,199.22,202,199.22,200.56,555,3571
790717,204.56,204.56,201,202.76,913,3591
790718,203.5,203.75,200,203.07,1052,3560
790719,201,207.07,201,207.07,817,3629
790720,209,211.07,203.07,209.16,1406,3931
790723,205.16,205.16,205.16,205.16,259,4056
790724,201.16,201.16,201.16,201.16,84,4004
790725,195.16,200.75,195.16,200.14,1020,4113
790726,198.5,199.1,194.14,195.7,783,4148
790727,193.05,194,189.7,189.7,532,4189
790730,186.5,186.5,183.7,183.7,489,4191
790731,187,189.7,187,189.7,691,4252
790801,187.5,192.9,186.75,192.82,770,4293
790802,188.5,190.9,188,188.32,651,4345
790803,187.99,189,187,187.78,500,4401
790806,185,187,183.26,185.03,589,4480
790807,185,185.75,183.25,185.63,775,4446
790808,187.5,188.5,186.99,187.4,597,4592
790809,186,188,184.75,187.03,1035,4612
790810,186.25,188.25,186.25,187.93,348,4634
790813,187.9,189.1,187.5,188.6,300,4589
790814,188.5,192.6,188.5,192.6,846,4638
790815,193.5,195.75,191.05,195.34,866,4635
790816,194.6,195.55,194,195.5,832,4480
790817,197.5,198.5,196.85,197.05,747,4662
790820,197.75,199.9,197.1,198.89,620,4674
790821,199.25,202,198.8,202,661,4770
790822,200.75,204.5,200.25,203.92,797,4950
790823,203.5,204.5,201.5,203.59,904,4745
790824,203.5,203.5,201,201.14,854,4641
790827,198,203,197.14,202.68,1656,4952
790828,206,206.6,204.75,205.97,807,4952
790829,205.5,206.75,205.3,206.57,1066,5176
790830,206.75,208,205.6,207.92,773,5293
790831,206.51,207.5,206.2,207.46,856,5270
790904,206.5,208.25,206.1,208.22,785,5356
790905,208,208.25,207.5,208.09,706,5431
790906,208,208,206.5,207.6,766,5552
790907,206.5,206.68,204.1,205.89,787,5456
790910,204,204.5,202.4,204.26,891,5447
790911,202,204.25,202,204.04,900,5637
790912,203.9,208,203.6,207.95,1428,5391
790913,207.75,211.5,207.75,211.23,1850,5573
790914,212.5,214.98,212.25,214.82,1089,5459
790917,214.25,215.8,213.75,215.35,1097,5619
790918,214.5,215.2,213.75,214.44,716,5592
790919,212.5,213,211.1,212.08,846,5559
790920,210.6,215.25,210.6,214.83,1401,5429
790921,216,217.65,216,217.37,1418,5513
790924,216.5,217.4,215.5,216.12,672,5520
790925,215.5,216,214.5,215.21,560,5490
790926,215,216,214.51,215.88,791,5458
790927,216,216.9,215.25,215.41,767,5445
790928,214,214.9,213,213.81,1063,5321
791001,213.75,216.5,213,216.29,753,5145
791002,219,223,217.05,217.5,653,5356
791003,217.25,217.25,216.25,216.49,326,5283
791004,215.5,218.5,214.5,218.23,669,5389
791005,217.01,218.25,217.01,218.21,542,5482
791008,217,219,216.75,218.95,537,5617
791009,218.9,218.95,215,216.48,606,5456
791010,215.5,215.75,213.25,213.64,827,5515
791011,214,215.5,211,213.14,688,5574
791012,211,211.5,207.75,208.18,817,5333
791015,206.26,209,204.5,208.85,829,5501
791016,208.5,211.2,207.45,211,673,5544
791017,209,209.3,205,205.28,587,5541
791018,206.01,206.25,202,205.16,930,5423
791019,202,220,201.5,216.98,1703,5393
791022,213.5,215.5,213.25,215.28,1044,5711
791023,214.75,215,213.75,214.62,442,5463
791024,213.3,218.25,212.5,214.85,624,5435
791025,214.5,215,213,214.95,946,5198
791026,214,214.25,213.6,214.06,204,5201
791029,214,215,214,214.94,455,5171
791030,211.1,213,210.25,210.5,371,5162
791031,210.5,212.45,210.5,212.3,357,5108
791101,212,213.5,211.25,211.99,262,5076
791102,211.25,212.45,211.25,211.29,110,5125
791105,211,211.45,210.3,210.98,195,5060
791106,212.01,213.5,212.01,213.38,262,5010
791107,213.75,213.98,212.75,213.56,208,4976
791108,214,214.9,213.75,213.97,383,4864
791109,214.7,215.49,214.7,215.45,314,4698
791112,216,217.25,215.6,217.21,862,4644
791113,217.75,218.6,217.5,218.51,320,4651
791114,217.25,217.25,215.01,215.48,108,4653
791115,217.25,217.95,216.2,216.25,73,4630
791116,216,218.8,211.5,218.29,1580,4472
791119,217.25,217.5,216.25,217.27,258,4326
791120,216,218,214.5,217.14,1294,4355
791121,218,218,216,216.9,325,4075
791123,218,218,216,217.7,117,3957
791126,218,219,217.5,219,114,3747
791127,219.35,220.5,219,220.5,154,3528
791128,219.5,221,219,220.95,77,3399
791129,220,221,218.5,220,62,3238
791130,221,222,218,220.09,68,3153
791203,220,220,216.83,216.83,41,3079
791204,216.25,216.5,215,215.75,38,2975
791205,216,218,216,217.9,48,2965
791206,218.5,218.5,217.5,218,144,2812
791207,217.75,218,215.1,216.85,143,2647
791210,218.5,219,218,218.18,93,2494
791211,218,218,216.1,217.47,126,2332
791212,217,217,210,211.28,116,2187
791213,214,214,213,213.5,69,2048
791214,214,214.5,213,214.05,60,2012
791217,214.5,216,214,214.25,150,1827
791218,215.4,216,213.5,215,193,1712
791219,215.95,216,214,214.25,223,1486
791220,213.5,214,185,185,254,0
