781222,122,122,122,122,5,5
781226,125,125,125,125,3,5
781227,124,127,124,127,0,6
781228,129,130,129,129.4,10,19
781229,127,128.4,125.4,128,12,25
790102,128,129.75,128,129.38,3,26
790103,127.38,127.38,127.38,127.38,0,26
790104,127,129,127,128.17,3,29
790105,128.17,128.17,128.17,128.17,6,33
790108,130.5,131,130.5,130.9,5,38
790109,128.5,130,128.2,130,12,43
790110,126,126,126,126,2,43
790111,124,124,122,122.3,2,43
790112,122.15,122.2,119,122.02,24,46
790115,121,122,120,122,3,45
790116,120,120,119.5,119.5,1,46
790117,118,118,116,117.75,2,48
790118,121.75,121.75,121.75,121.75,5,51
790119,124.25,124.25,123,123.4,8,58
790122,122.3,122.3,122.3,122.3,0,58
790123,122.5,122.5,122.25,122.46,6,63
790124,120.5,120.75,118.95,118.95,5,63
790125,118.5,119.5,118.5,119.5,7,64
790126,118.1,118.25,117.5,118,8,67
790129,117,117,117,117,2,67
790130,116.5,120.25,116.5,120.25,4,67
790131,120.5,123,120.5,123,12,71
790201,122.9,123,122.9,122.98,5,77
790202,122.5,124.75,122.5,124.31,22,85
790205,123.5,123.5,120.31,120.31,5,92
790206,122.8,122.8,122.8,122.8,5,97
790207,122.5,124.5,119.75,124.28,18,112
790208,122.25,122.5,122.25,122.5,11,123
790209,122,123.48,122,123.48,3,123
790212,122.38,122.38,122.38,122.38,6,123
790213,122.5,122.5,122.25,122.25,5,123
790214,121.5,121.5,121.5,121.5,0,123
790215,117.51,124.75,117.51,123.92,53,153
790216,122,124,122,124,14,166
790220,124,126.4,124,126.17,26,193
790221,126,127.5,125.75,127.36,24,203
790222,127.5,129,127.5,128.12,16,213
790223,128.5,129.5,128.5,129.06,31,243
790226,128,128.5,127.25,128.39,23,245
790227,127.5,127.5,126.5,126.56,28,269
790228,127,127.5,126.5,127.45,62,297
790301,127,127.5,126.5,127.43,50,281
790302,126.49,128.4,126.49,128.3,52,278
790305,129.25,132.24,129.25,132.15,12,282
790306,131.51,132,131.5,132,9,276
790307,132.25,133.5,132.25,133.5,17,289
790308,136,137.5,135.5,137.5,69,316
790309,135.25,138.3,135.25,138.1,51,340
790312,137,137.75,136.5,137.58,42,347
790313,138,138,137.5,137.93,31,353
790314,137,137,135.38,135.38,17,346
790315,136.25,136.4,136.25,136.37,5,346
790316,136,136,135.25,135.25,1,346
790319,134,134.5,133.75,134,42,337
790320,132.5,134,132.5,134,17,328
790321,133.33,134,133.33,133.33,2,327
790322,136.5,137.33,136.5,137.33,34,327
790323,139.5,140.46,139.2,140.32,93,287
790326,141,142.9,140.1,142.69,38,294
790327,141.7,141.7,140.5,141.2,42,286
790328,141.5,143.5,141.5,143.15,57,295
790329,143.2,144.7,142.5,144.52,50,297
790330,144.5,145,144.5,144.99,40,303
790402,140.99,141,140.99,141,13,314
790403,143,143,142.5,143,44,312
790404,140.5,142,140.5,141.93,18,318
790405,142.5,143,142.5,142.96,19,327
790406,140.75,143.25,140.75,143.25,44,345
790409,143.75,147.25,143.25,147.25,95,365
790410,146.25,147.75,145.76,146.88,69,361
790411,146,146.5,145.25,146.26,24,368
790412,146,146,145.5,145.95,28,379
790416,144.25,146.25,144.25,146.25,32,378
790417,145,146.25,145,146.24,22,382
790418,146,146.4,145.35,146.33,113,390
790419,147.25,147.25,146.25,147.11,81,399
790420,146.5,149.11,146,149.09,117,429
790423,148,148.2,146.25,147.45,60,416
790424,147.75,148.3,147.2,148.27,93,416
790425,147.25,148.7,147.25,148.62,45,404
790426,148.5,150.9,148.1,150.86,125,419
790427,150.25,154.86,150.25,154.86,125,422
790430,153.9,154,153.2,153.5,63,414
790501,152.75,152.75,152,152.48,54,413
790502,151.25,151.75,151,151.75,10,413
790503,152.5,153,152.25,153,29,412
790504,154.25,154.75,153,154.69,91,413
790507,154,154.6,154,154.13,13,411
790508,154.25,154.33,154,154.33,10,413
790509,154,154.5,154,154.23,83,364
790510,154.7,155,153.75,153.75,17,345
790511,154,154,153,153,14,336
790514,154.25,154.25,152.7,152.7,34,317
790515,151.15,151.15,151.15,151.15,0,317
790516,150,151.75,150,151.59,45,327
790517,151.25,151.4,147.59,147.59,21,323
790518,144.05,150,144.05,150,62,326
790521,151,151,151,151,76,328
790522,149.5,150,149.5,149.95,7,335
790523,149.25,150.25,149,149,40,345
790524,149.05,149.05,149.05,149.05,0,348
790525,149.3,149.3,149.3,149.3,0,345
790529,147,147,147,147,1,345
790530,149.05,149.05,149,149,13,345
790531,152.5,153,152.5,153,76,352
790601,157,157,157,157,5,341
790604,161,161,161,161,2,341
790605,167,167,167,167,0,339
790606,173,173,173,173,0,339
790607,179,179,179,179,136,306
790608,180.25,185,180,185,124,329
790611,185,186,184.3,185,74,345
790612,182.05,191,181.75,186.92,172,312
790613,187.75,190.92,187.75,190.92,80,314
790614,194.92,194.92,194.92,194.92,70,313
790615,196.5,197.5,193.5,193.63,82,311
790618,189,191,189,189.9,118,320
790619,193.9,193.9,192.75,193.9,208,298
790620,195.75,197.9,195.75,197.88,68,331
790621,201.7,201.88,200.5,201.64,76,316
790622,201.25,201.5,200.25,201,89,353
790625,204,204,203,204,123,388
790626,205,205.5,203,205,101,394
790627,204.75,209,204.75,208.49,98,428
790628,211,212.49,210.5,212.49,263,470
790629,215.75,216.49,215,216.49,247,571
790702,212.49,215,212.49,212.49,89,621
790703,208.49,212.5,208.49,212.44,204,642
790705,214,216.35,209,213.02,368,631
790706,212.5,215,209.02,209.02,156,611
790709,205.02,205.2,205.02,205.15,83,595
790710,205.5,208.9,205.25,207,60,586
790711,206.5,207.5,204,206.5,60,600
790712,206.25,206.25,202.5,202.5,53,591
790713,199.6,200,198.5,198.5,43,602
790716,194.5,194.5,194.5,194.5,14,612
790717,198.5,198.5,190.5,191.3,147,622
790718,193.5,195.3,189,193.2,141,569
790719,192.5,197.2,192.5,197.2,276,629
790720,200.5,200.5,193.2,197.19,78,658
790723,193.19,195.5,193.19,193.19,202,775
790724,189.19,189.19,189.19,189.19,5,741
790725,186,195,186,195,222,674
790726,193.75,194,189,190.29,205,692
790727,189,189,184.29,184.29,166,748
790730,181,181.5,178.29,178.29,137,724
790731,184.29,184.29,181.75,183.9,196,761
790801,181,188,181,187.9,137,742
790802,183,187,183,185.12,118,805
790803,183.5,185,182.75,183.95,95,839
790806,181.5,182,179.5,182,112,835
790807,181,182,179.25,182,165,900
790808,183.4,184.4,182,182.93,218,999
790809,181.5,185,180,182,166,1060
790810,180.25,182.13,180.25,182.13,80,1037
790813,181.5,182,181,181.32,52,1066
790814,181.5,185.32,181,185.32,153,1096
790815,185.32,189,184,188.05,160,1146
790816,187,188,185.5,187.95,271,1163
790817,189,189.25,187,189.02,161,1184
790820,189.5,192.51,188,192.5,254,1286
790821,191.75,192.25,191,192,291,1303
790822,191,193,189.35,192.5,304,1384
790823,192,193,189.5,193,257,1408
790824,192,192,189,189,142,1424
790827,186.5,192.5,185,192.4,512,1568
790828,195,195.4,193.8,195.26,366,1634
790829,195,196.5,194,196.3,364,1637
790830,196.5,197,194.25,196.36,363,1736
790831,194.5,195.4,194.25,195.09,236,1782
790904,194,196,194,196,275,1845
790905,195.5,195.75,195,195.58,182,1891
790906,195.25,195.25,193.75,194.81,448,1999
790907,193,194.25,193,193.96,116,2104
790910,192.5,192.95,190.35,192.75,186,2107
790911,190.5,192,190.5,191.95,225,2098
790912,191.75,195.5,191.3,195.01,548,2099
790913,194.9,197,194.9,196.87,621,1989
790914,197.7,200,197.2,199.25,372,2019
790917,198.75,199.6,198.25,199.33,243,2093
790918,198.5,199.25,197.5,197.61,180,2130
790919,195.9,196.9,195,196.12,205,2116
790920,195,198,195,197.75,327,2057
790921,198.5,198.75,197.75,197.98,236,2020
790924,198,198.4,195.05,195.18,77,1984
790925,194.75,195.5,193.5,195,176,2002
790926,195.25,197,194.35,196.73,242,2059
790927,196,197,195.5,195.67,247,2072
790928,195.25,198,195,197.25,375,2130
791001,197.75,201,197.75,201,521,2096
791002,204,204.75,201.75,202.62,349,2169
791003,202.1,202.25,200.9,200.94,342,2189
791004,199.5,203,199.5,202,433,2180
791005,201.05,202.75,200.49,202.66,291,2345
791008,201,202.25,201,201.75,153,2268
791009,201.75,201.75,197.75,200.82,659,2171
791010,199.75,200,196.82,196.86,422,2214
791011,199,199,192.86,193.02,394,2208
791012,194,194,189.02,189.02,503,2094
791015,188,191,185.02,190.13,697,1946
791016,189.9,191.5,188.13,191.5,341,1925
791017,189.5,190.75,187.5,187.5,189,1928
791018,186,189,183.5,188.54,443,1931
791019,185,192.54,184.54,192.54,765,1949
791022,195.5,195.75,192.5,194.77,462,2089
791023,194,194.5,193.5,194.43,280,2041
791024,193.75,195.1,191.2,195.1,617,2025
791025,194.5,194.99,193.24,194.6,489,2001
791026,193.7,193.75,191,191.74,185,2028
791029,192,193.5,192,192.76,239,2036
791030,189.5,190,188.76,188.76,206,2034
791031,188,189.49,187.25,189.31,259,2043
791101,188.25,189.9,187.5,189.62,293,2131
791102,188.75,189.25,188.2,188.23,304,2094
791105,187.3,188,187,188,128,2180
791106,189.5,191,189.5,190.89,316,2223
791107,191,191,189.5,191,544,2302
791108,191.75,192.25,191.5,191.91,286,2397
791109,192.75,193,192.05,192.13,346,2511
791112,193,196.13,193,196.13,425,2632
791113,197.4,198,196.5,197.41,805,2806
791114,196,196.25,193.75,194.94,705,2794
791115,196.9,197,194.75,195.5,441,3042
791116,193.25,197.75,191.5,197.5,1121,2874
791119,196,196.49,194,194.18,316,2861
791120,193,193.25,192.25,192.51,418,2819
791121,192,192.75,191,191.62,378,2827
791123,193,193.75,192,192.31,500,2724
791126,192,194.9,191.75,194.79,287,2845
791127,195,196.2,193,195.88,442,2893
791128,195.33,196,194.75,196,371,3074
791129,194,194.5,192.25,193.28,426,3161
791130,189.28,194.5,189.28,194.08,1712,3229
791203,190.5,191.5,190.08,190.08,308,3330
791204,188.1,189.75,186.08,186.08,635,3305
791205,185.1,188.5,185.1,187.97,842,3356
791206,186.5,187.49,185.9,186.35,356,3346
791207,182.35,183.5,182.35,182.35,986,3401
791210,185.5,186.35,185,186.32,449,3441
791211,185.5,185.5,183.75,185.39,503,3361
791212,183.75,184,181.39,181.39,413,3578
791213,182.25,184.5,181.75,183.13,408,3505
791214,182.75,184.25,182.1,183.99,678,3649
791217,183.25,185,182.5,183.96,531,3658
791218,183.75,187,183.75,186.59,419,3625
791219,187.5,188.74,186.5,186.9,395,3635
791220,185.86,186.75,185,185.17,292,3506
791221,185.25,186.95,181.75,181.98,336,3630
791226,178.3,181,178.3,179.13,522,3624
791227,180.25,180.5,176,176.17,750,3739
791228,176.25,178.5,175,175.83,576,3918
791231,177.4,177.4,175.8,175.96,170,3945
800102,176.25,177.1,173,173.43,687,3952
800103,172.5,174,170,172,1131,3956
800104,172.9,176,172.6,175.61,786,4396
800107,175,179.61,174.25,179.53,930,4632
800108,181,183.53,180.5,182.78,1300,4833
800109,180,181.75,178.8,178.88,591,4887
800110,177.8,180.5,177.1,180.18,818,4883
800111,181.5,184,181.5,183.91,782,4798
800114,182.95,183.1,179.91,179.92,748,4704
800115,177.25,178,175.92,175.92,920,4626
800116,174,177,173.01,176.56,1324,4359
800117,177.05,178.75,176,177.99,1327,4675
800118,177,177.85,175.75,177.76,1033,4633
800121,176,176.75,174.75,176.33,503,4709
800122,175.75,176.49,172.33,172.33,754,4759
800123,169,169.5,168.33,168.52,1020,4624
800124,169.7,171,167.5,170.91,1545,4785
800125,168.5,171.75,166.91,170.92,1772,4866
800128,169.26,171,168.75,170.97,1502,4778
800129,169.75,170.1,169.1,169.98,1153,4631
800130,169,170.01,167.8,170,1706,4953
800131,168.25,171.6,168.25,171,2074,5168
800201,173.25,173.25,171.8,172.91,2312,5362
800204,172.5,173.75,171.75,173.49,1254,5314
800205,173,173.25,169.49,169.49,1158,4851
800206,167.49,171,165.5,169.28,2493,4845
800207,167.5,169.75,167.5,168.29,1217,5106
800208,167.5,172.25,166.75,169.21,1309,5150
800211,167,169,167,168.2,691,5159
800213,167,168.2,166.25,167.36,1175,5145
800214,166.5,167.9,166.5,166.95,732,5074
800215,168.5,170.95,168.5,170.95,1125,4884
800219,173,174.75,172.1,174.5,2306,4682
800220,173.05,175,173.05,174.72,1644,5147
800221,174,176.3,174,175.9,1966,5293
800222,177,178.5,177,177.58,1551,4911
800225,179,180.4,178,180.08,1741,5190
800226,180.3,181.75,179.65,181.39,1824,5357
800227,179.89,184.5,179.05,180.84,1674,5475
800228,179.9,183,179.75,182.61,1701,5681
800229,181.75,183.5,181.5,183.26,2744,5560
800303,182.75,187,182.5,186.99,1752,5439
800304,187,190.75,187,190.75,2291,5438
800305,193.5,194.75,193.25,194.48,2083,5323
800306,191.75,192.3,190.48,190.48,1522,5124
800307,187.99,191.75,187.5,191.48,3001,5347
800310,190.3,192.75,190.3,192.2,1838,4793
800311,190.3,191.5,189.05,190.65,2427,4696
800312,190.75,192.6,190.5,190.95,1641,4664
800313,189.5,191.5,187,190.92,2944,4727
800314,189,191,188.25,190.55,1754,4774
800317,189,189.5,187.5,188.61,1324,4562
800318,187.5,189,187,187.29,1052,4413
800319,188.4,188.9,187.5,188.03,1017,4376
800320,188.25,190.5,188.25,190.38,1461,4439
800321,191.5,191.9,190.5,190.94,1250,4371
800324,190.5,190.5,189,189.53,683,4281
800325,188.35,188.6,185.75,187.7,1262,4220
800326,186,188.5,186,188.34,1157,4261
800327,187.01,188,186,187.58,737,4211
800328,186,186.25,183.25,185.24,886,4348
800331,183.5,183.75,180.75,182.25,528,4003
800401,181,184,177.75,178.99,572,3892
800402,179.25,179.5,178.5,179.32,414,3749
800403,180,184.5,180,184.04,946,3565
800407,183.3,187,183.3,186.23,457,3510
800408,185,186.7,185,186.34,410,3282
800409,186.35,186.5,184,184.71,314,3205
800410,185.25,185.9,184,185.72,523,3071
800411,187,188,186.25,186.76,498,3042
800414,186.5,186.75,185,186.02,509,2894
800415,185,185.5,183.25,185.43,536,2733
800416,185.43,185.5,184,184.83,301,2652
800417,184.5,186,183.5,184.47,884,2574
800418,184.25,184.59,183.25,183.8,365,2339
800421,184.25,184.25,183,183.69,509,2162
800422,183,183.25,182.2,183.05,1284,1813
800423,183.3,189.95,182.4,183.59,981,1616
800424,182.5,182.8,181.5,181.89,228,1045
800425,182.5,183.49,181.5,181.63,184,880
800428,180.75,181.25,178.6,178.79,135,791
800429,179,179,176.75,177.38,106,737
800430,177.1,177.5,176.5,176.6,55,616
800501,177.1,181,174.75,180.15,479,564
800502,180.15,185.99,178,185.39,793,586
800505,184,189,183.5,188.86,455,525
800506,186,188.86,186,188.86,305,554
800507,186,188.5,186,188.38,374,536
800508,187,191,186,190.24,430,614
800509,191,195,191,194.01,292,519
800512,192,195.4,192,194.7,238,494
800513,193,194.49,192.1,193.96,228,459
800514,193.25,196.5,190.1,196.12,490,411
800515,196.45,198.05,196.25,198,86,333
800516,198,199,190.45,198.11,197,291
800519,194.8,196.25,194.1,194.88,67,196
800520,192.5,195.99,192.5,195.25,51,153
800521,195.5,195.9,194.25,194.6,80,135
800522,195,196,194.5,195.25,32,0
