870701,117,117,116.76,116.76,1,1
870702,117.4,117.4,117.4,117.4,0,1
870706,114,114,114,114,3,4
870707,113.27,113.27,113.27,113.27,0,4
870708,114.18,114.18,114.18,114.18,0,4
870709,114.02,114.02,114.02,114.02,0,4
870710,114.01,114.01,114.01,114.01,0,4
870713,116,116.75,116,116.75,1,5
870714,114.69,114.69,114.69,114.69,0,5
870715,117,118.35,117,118.35,3,2
870716,118,118,118,118,0,2
870717,120,120,120,120,0,2
870720,119,119,119,119,0,2
870721,119,119,118.5,118.5,3,3
870722,118.63,118.63,118.63,118.63,1,3
870723,119.13,119.13,119.13,119.13,1,3
870724,120.27,120.27,120.27,120.27,0,4
870727,117.88,117.88,117.88,117.88,0,4
870728,118,118,117.45,117.45,5,6
870729,117.25,117.4,116.6,116.75,13,14
870730,117,117,116.16,116.16,4,16
870731,115.86,115.86,115.86,115.86,2,16
870803,116.63,116.63,116.63,116.63,0,15
870804,117.25,117.25,117.25,117.25,0,15
870805,115.13,115.13,115.13,115.13,0,15
870806,116.5,116.5,116.5,116.5,0,15
870807,118.25,119,118.25,119,4,16
870810,119.8,120,117.45,117.45,9,13
870811,119,119,118.4,118.7,8,17
870812,118.75,121.25,118.75,121.25,8,21
870813,119,119,119,119,1,22
870814,119,119,119,119,0,22
870817,119.38,119.38,119.38,119.38,0,22
870818,119,119,119,119,5,24
870819,118.55,119,118.5,118.5,18,40
870820,118.75,118.75,118.75,118.75,4,40
870821,119.03,119.03,119.03,119.03,0,40
870824,119.5,119.5,119.5,119.5,0,40
870825,120.5,120.5,120.5,120.5,0,40
870826,120.75,120.75,120.75,120.75,0,40
870827,122,122,122,122,0,40
870828,121.5,121.5,121.5,121.5,0,40
870831,121.28,121.28,121.28,121.28,0,40
870901,126.13,126.13,126.13,126.13,0,40
870902,126.25,126.25,126.25,126.25,0,40
870903,126.88,126.88,126.88,126.88,0,40
870904,124.25,124.25,124.25,124.25,0,40
870908,124.95,125,124.95,124.98,2,42
870909,126.5,127,126.5,127,3,43
870910,126.38,126.38,126.38,126.38,1,42
870911,124.5,127.5,123.5,127.5,22,46
870914,125.18,125.18,125.18,125.18,2,48
870915,123,123,123,123,0,48
870916,123.25,123.25,123.25,123.25,2,48
870917,125.25,125.25,125.25,125.25,1,48
870918,122.5,122.5,122.5,122.5,0,48
870921,124,124,124,124,0,48
870922,121,121,120.88,120.88,4,49
870923,121.13,121.13,121.13,121.13,0,49
870924,120.5,121,120,121,7,54
870925,121,122.51,120.6,122.51,166,196
870928,123.75,123.75,123.5,123.5,12,202
870929,123.5,125.15,123.5,125.15,10,207
870930,123.5,123.5,122.78,122.78,12,209
871001,122.25,127.75,122.25,127.5,104,245
871002,130,130,128.35,128.35,32,246
871005,132.78,132.78,132.78,132.78,15,246
871006,132.5,133,131.63,131.63,15,246
871007,132,132.5,131.5,132.5,28,253
871008,133,133,132.63,132.63,11,257
871009,132.6,132.6,132.6,132.6,4,258
871012,132.75,132.75,132.5,132.5,33,260
871013,132.5,133.25,132.5,133.25,1,261
871014,133.25,133.25,132.65,132.8,128,262
871015,133.5,133.8,133.5,133.5,129,268
871016,133,133,133,133,5,272
871019,132.6,132.6,131.75,131.75,5,276
871020,130.5,130.5,129.13,129.13,25,280
871021,131.25,131.25,131.25,131.25,5,289
871022,132.5,132.5,132.5,132.5,25,289
871023,133,133,131.75,131.75,3,290
871026,132,132,131.25,131.25,36,291
871027,132,132,131.38,131.38,2,291
871028,132,132,132,132,2,281
871029,132.5,132.5,132.13,132.13,1,282
871030,132.3,132.3,132.3,132.3,0,282
871102,134,134,134,134,20,283
871103,132.63,132.63,132.63,132.63,0,283
871104,134.15,134.15,134.15,134.15,0,283
871105,133.1,136.13,133.1,136.13,2,284
871106,137,137,136.25,136.25,17,281
871109,136.38,136.38,136.38,136.38,1,281
871110,137,137,136.6,136.6,4,281
871111,136.63,136.63,136.63,136.63,0,281
871112,137.5,137.5,136,136,1,282
871113,135.55,135.55,135.55,135.55,0,282
871116,137.5,137.5,137.5,137.5,0,282
871117,137,137,136,136,17,282
871118,137.5,137.5,137.5,137.5,0,282
871119,138.5,138.5,138.25,138.25,48,282
871120,136.63,136.63,136.63,136.63,9,288
871123,137.38,137.38,137.38,137.38,0,288
871124,137,137,136.75,136.75,1,288
871125,137.25,137.25,137.25,137.25,6,288
871130,137.5,137.5,136.13,136.13,8,296
871201,135.15,135.15,135.15,135.15,2,296
871202,135,135,135,135,1,297
871203,134.5,134.55,134.5,134.55,1,298
871204,134.9,135.05,134.9,135.05,2,296
871207,135,135.13,135,135.13,2,296
871208,134.5,134.6,134.5,134.6,13,301
871209,134.5,134.5,134.5,134.5,4,301
871210,135,135,135,135,0,299
871211,134.6,134.75,134.5,134.75,7,302
871214,135,135,135,135,1,302
871215,135.5,135.5,135.5,135.5,1,302
871216,136,136.25,136,136.25,2,303
871217,136.25,136.75,136.25,136.75,1,303
871218,136.8,136.8,136.8,136.8,51,318
871221,136,136.25,136,136.25,0,318
871222,136.13,136.13,136.13,136.13,3,318
871223,136.75,136.75,136.75,136.75,0,318
871224,136.95,136.95,136.95,136.95,0,318
871228,138.25,138.5,138.25,138.5,1,319
871229,137.63,137.63,137.63,137.63,0,319
871230,136.03,136.03,136.03,136.03,0,319
871231,134.16,134.16,134.16,134.16,0,320
880104,135,135.05,135,135.05,5,325
880105,136.9,136.9,136.9,136.9,2,329
880106,137.5,137.5,137.5,137.5,16,336
880107,137.5,137.5,137.25,137.48,210,476
880108,137,138.25,137,138.25,4,499
880111,137.75,137.75,137.75,137.75,0,499
880112,137.75,137.75,137.75,137.75,45,511
880113,137.1,137.5,137.1,137.5,34,537
880114,137.95,137.95,137.75,137.75,34,552
880115,137.5,137.75,137.5,137.75,13,578
880118,138,139.75,138,139.63,20,595
880119,139.7,139.7,139.25,139.25,14,598
880120,139.7,139.7,139.25,139.25,16,597
880121,139.75,139.75,139.6,139.6,5,601
880122,139.75,140.5,139.7,140.25,132,707
880125,139.25,139.25,138.8,139,29,692
880126,139,140,139,140,52,704
880127,140,140.8,140,140,31,715
880128,140.8,140.8,140.4,140.4,26,722
880129,140.25,141.25,140.25,141.25,62,749
880201,141.6,142.25,141.6,142.25,15,761
880202,142,143,142,142,62,788
880203,142.25,143,142.1,143,51,811
880204,143.25,143.5,142,143.5,16,817
880205,144,145.75,144,145.75,144,872
880208,146.25,146.5,145.75,145.99,78,874
880209,145.5,145.74,144.95,145.74,77,864
880210,145.24,145.5,145.24,145.5,67,875
880211,145.75,147.25,145.75,146.5,264,1028
880212,147,147.5,146,146.99,122,1073
880216,147,147,145.05,146.5,76,1043
880217,145.75,147.25,145.5,147.2,254,1170
880218,147.5,147.5,146.25,146.3,60,1245
880219,145.5,149.13,145.5,149.13,115,1215
880222,150,150.25,149.2,149.8,99,1262
880223,149.5,149.5,147.5,147.8,100,1277
880224,147.25,148.5,147.25,148.42,51,1290
880225,148.1,148.2,145.75,145.79,116,1290
880226,145.25,145.25,143.8,143.84,86,1256
880229,142.75,142.75,141.5,141.5,52,1261
880301,141.5,142.25,140.75,141.4,103,1270
880302,142.4,142.9,141.5,142.85,19,1277
880303,142.75,142.75,142,142,33,1273
880304,142.5,142.5,141.75,141.75,26,1262
880307,140.75,140.95,139.25,140.6,88,1276
880308,140,143.25,140,143.08,23,1277
880309,142.85,142.9,141,141,41,1278
880310,141.5,142,140.75,141.5,31,1282
880311,142.4,143.4,142.4,143.4,41,1294
880314,143.4,143.8,142.5,142.95,146,1297
880315,142.5,142.6,142.4,142.5,66,1281
880316,142.25,142.25,141.13,141.13,174,1278
880317,140.9,141,138.75,138.76,142,1268
880318,139,140.3,138.66,140.3,36,1255
880321,140,140,139.25,139.25,3,1252
880322,138.8,139.6,138.8,139.25,16,1248
880323,139,140.75,139,140.25,25,1261
880324,140.5,140.75,139.88,139.88,45,1265
880325,139.3,141,139.3,140.4,47,1278
880328,140.75,141.75,140.75,141.65,55,1297
880329,141.25,142.15,141,141.4,75,1322
880330,141.8,141.8,140.1,140.1,51,1343
880331,139.9,140.93,139.9,140.93,14,1348
880404,140.95,141.25,140.75,140.75,15,1344
880405,141.75,141.75,140.2,140.2,7,1348
880406,140.4,140.5,140.3,140.5,9,1347
880407,140.3,140.3,139.6,139.63,64,1367
880408,140,140.3,139.85,139.85,33,1379
880411,140,140.05,140,140.05,21,1397
880412,140.2,140.5,139.9,139.95,18,1402
880413,140.2,141.5,140.2,141.39,275,1504
880414,141.6,141.7,140.75,141.2,113,1547
880415,142,142,141.25,141.7,135,1512
880418,141.5,141.6,140.75,140.75,149,1585
880419,141.43,141.5,139.8,139.84,165,1587
880420,140.3,140.5,140,140.31,101,1631
880421,140.3,140.4,139.95,139.95,88,1641
880422,140,140.5,139.75,140.23,38,1655
880425,139.9,140.1,139.2,139.25,261,1745
880426,139.2,139.35,138.7,138.75,263,1809
880427,138.5,138.75,136.5,136.81,234,1838
880428,137.1,137.2,135.5,136.21,342,1896
880429,135.67,136.25,135.45,135.75,242,1989
880502,135.6,136.8,135.6,136.01,97,2066
880503,136.8,137.5,136.75,137.35,194,2168
880504,137.3,137.75,137.3,137.55,295,2280
880505,137.95,138.75,137.95,138.5,419,2390
880506,138.75,139.25,138.75,139.03,268,2392
880509,138.9,139,138.5,138.63,193,2324
880510,139.25,139.8,139,139.35,182,2364
880511,139,139.3,138.6,138.73,196,2383
880512,139.75,139.75,137.55,137.59,603,2563
880513,137.1,137.55,136.15,136.68,324,2581
880516,135.75,135.9,133.75,134.44,329,2683
880517,134,134.7,133.6,134.66,436,2680
880518,134.6,134.9,134.4,134.6,341,2831
880519,134.4,135.7,134.2,135.5,372,2918
880520,135.5,135.95,135,135.94,464,3095
880523,135.85,136,135,135,123,3169
880524,134.8,135,134.25,134.7,163,3201
880525,134.5,134.9,134.4,134.9,157,3263
880526,134.1,134.35,134,134.23,201,3380
880527,134.05,135.1,133.8,134.43,230,3481
880531,135.5,137.5,135.5,136.28,419,3637
880601,137.1,137.3,136,136.13,167,3643
880602,135.75,137.9,135.75,137.2,393,3703
880603,137.9,138.5,137.25,137.33,420,3683
880606,139.5,140,138.4,139.9,456,3767
880607,140.15,140.75,139.75,140.59,418,3880
880608,139.9,140.1,139.55,139.81,393,3928
880609,139.25,143.5,138.8,142.44,736,4157
880610,142.5,144.6,141.7,142.14,1954,4812
880613,140.5,141,138.4,140.2,901,5135
880614,139.15,139.55,138.4,138.9,331,5151
880615,138.4,141,138.3,140,767,5325
880616,141.5,141.8,140.5,141.36,1175,5674
880617,141.25,142.15,140,140.74,1446,5792
880620,139.4,139.6,138.5,139.05,363,5910
880621,138.75,140.01,138.75,139.7,429,5987
880622,139.3,139.6,138.1,138.42,255,6073
880623,138,138.35,135.35,135.4,956,6201
880624,135,135.3,133.8,134.48,1606,6010
880627,134.1,135.7,134,134.53,866,6002
880628,135.25,135.7,134.3,134.35,913,6046
880629,133.8,134,131.45,131.49,1599,6623
880630,132,132.5,130.1,131.26,2331,6155
880701,132.6,133.1,132.25,132.82,761,6034
880705,132.85,132.9,131.8,131.96,543,6210
880706,132.6,133.75,132.6,133.62,757,6102
880707,134.3,134.55,133.7,134.28,425,6154
880708,134.75,134.95,134.2,134.36,445,6215
880711,135.5,135.74,134.7,134.72,484,6252
880712,134.7,135.2,133.75,135,657,6261
880713,134.9,136.7,134.4,135.35,1583,6346
880714,135.25,135.7,135,135,720,6340
880715,135.9,136,134.6,134.91,824,6378
880718,134.65,135.9,134.65,135.13,1537,6688
880719,134.75,135.75,134.5,135.75,656,6662
880720,136.25,137,136.01,136.82,1024,6811
880721,137.5,137.65,136.6,136.62,931,6966
880722,136.9,137.5,136,137.1,1067,7055
880725,137.3,138.05,137.2,137.23,852,7427
880726,138,138.2,131.5,132.74,2447,7776
880727,133.2,133.25,124.5,125.72,3821,8196
880728,125.8,126.25,119.6,125.28,4817,8244
880729,124.6,127,124.6,125.52,2105,8410
880801,126.2,126.7,118.1,119.06,4016,9131
880802,112,115.5,110.75,111.18,4912,9659
880803,114.75,120.5,112.75,120.38,4601,10440
880804,117.5,120.99,117.5,118.79,2611,10790
880805,120.5,122.6,115.06,116.89,3432,10980
880808,114.5,118.2,114.25,117.31,1728,11101
880809,118.5,120.45,118.15,120.38,2057,11244
880810,120.75,122.25,120.5,121.57,2174,11533
880811,121,121.25,117,119.32,3059,11336
880812,119.35,119.75,117.25,119.5,1599,11551
880815,118.65,119.3,117.6,118.96,1220,11579
880816,118.7,121.5,118.7,120.69,1949,11814
880817,120.8,121.2,119.5,120.62,1549,12012
880818,122.2,124.15,121.7,123.88,3140,12336
880819,124.1,126.15,123.3,125.89,3645,12682
880822,126.5,128.8,126.4,127.19,4654,13353
880823,126.8,127.7,122.5,123.41,4412,13800
880824,123.6,127.25,122.1,126.32,3990,13756
880825,127,127.95,124.5,125.77,3460,13868
880826,126.5,126.8,121,123.74,4230,13909
880829,123.5,123.95,121.6,122.5,1450,13942
880830,122.4,123.2,120.6,121.17,2351,13885
880831,120,124.25,120,123.83,2881,13977
880901,123.55,124.5,122.65,122.77,1840,14469
880902,122.4,124,122.4,123.17,1372,14513
880906,124.3,127.25,124.25,127.21,3147,13702
880907,129.25,131.4,128.65,131,5221,13541
880908,131.25,131.4,129.1,129.81,3524,13507
880909,129.5,131.9,129.5,130.16,2944,13493
880912,131.5,133,127.5,128.55,5073,13556
880913,129.3,129.75,127,127.72,3127,13021
880914,124.8,126.5,124.8,125.5,2757,12987
880915,124.25,125.75,122.9,123.66,4052,12877
880916,124.4,125.9,124.4,125.04,2092,12924
880919,124,124.8,122.1,123.92,2487,12836
880920,124.5,127.3,124.5,127.13,3404,12971
880921,126.4,128.4,126.22,127.04,2111,13027
880922,126.4,126.95,125.6,125.83,1904,13051
880923,125,127.5,125,127.2,2484,13205
880926,127.25,128.2,125.7,126.83,2800,13842
880927,127.25,130.15,126.7,129.24,4330,13783
880928,130.88,131.25,129.52,130.25,3250,13532
880929,129.4,132.1,128.5,131.85,4575,13468
880930,130.95,132.4,130.4,131.93,3769,13244
881003,128.5,129.7,126.1,126.29,5058,13056
881004,125.7,125.9,123.85,124.4,4061,12237
881005,124.1,125.9,122.45,123.23,4384,11950
881006,123.3,124.7,123.3,124.39,2036,11878
881007,124.75,124.85,122.25,123.41,3198,12020
881010,122.3,124.8,122.3,124.77,1414,12012
881011,124.9,124.9,123.75,124.63,1809,12197
881012,123.65,124.1,122.25,122.69,2456,11748
881013,122,123.75,122,123.01,1938,11837
881014,122.7,124.5,122.55,123.19,2190,11778
881017,123.45,124.75,123.4,124.71,1276,11722
881018,125,125.8,123.2,123.48,4144,11616
881019,124.2,125.15,123.8,125.12,2168,11861
881020,125.25,125.3,124.25,125.16,1725,11591
881021,125.25,127,125.25,126.64,2981,11455
881024,126.3,126.85,125.05,125.08,2553,11289
881025,125.2,126.75,125.2,126.71,1900,11241
881026,126.5,126.7,125.82,126.43,1735,10903
881027,126.5,127.3,125.5,125.64,2829,10768
881028,125.25,126.25,123.8,123.89,2949,10369
881031,123.25,124.3,123.25,123.61,1613,10180
881101,123.25,124.75,123.25,124.62,1864,9835
881102,124.62,125.75,124.4,125.73,1902,9601
881103,125.73,126,125.1,125.31,1581,9533
881104,125.5,125.6,124.7,125.01,2138,9311
881107,125.01,127.25,125.01,127.25,3859,8255
881108,127,127.75,126,126.1,3002,7467
881109,126.1,127,125.86,126.98,1524,7111
881110,127.5,127.95,127.1,127.86,1995,6686
881111,128,128.85,127.1,128.79,3018,6586
881114,128.25,128.4,126.5,127.27,2509,6154
881115,127.5,127.55,126.15,126.94,1847,5563
881116,126.4,127.6,125.7,127.27,2629,4684
881117,126.85,127,125.5,125.54,3621,2693
881118,124.65,126.15,124.65,125.71,1159,1871
881121,125.95,126.6,125.2,126.2,289,1434
881122,126.5,126.7,125.7,125.99,337,1331
881123,125.5,125.5,123.85,125.29,386,1042
881128,125.25,125.9,123,123.18,208,949
881129,123.4,123.6,122.75,123.6,202,842
881130,124.25,124.95,123.95,124.92,149,823
881201,124.06,125.44,123.85,124.94,190,670
881202,125.5,125.5,124.45,124.6,89,607
881205,125.5,125.5,124.6,125.4,62,516
881206,125.5,125.5,125,125.25,36,508
881207,125.25,125.5,125.05,125.28,26,493
881208,125.5,127.05,125.5,127,67,469
881209,126.7,129.3,126.7,128.25,164,421
881212,129,130.75,129,130.5,43,418
881213,131,131.75,130,130.5,138,322
881214,132,135,132,135,179,203
881215,140,140,133.88,133.88,71,142
881216,136,142.5,136,142.25,41,46
881219,150,150,145,145.38,4,7
