920707,77.5,77.5,77.5,77.5,0,1
920708,77.65,77.65,77.65,77.65,0,1
920709,77.4,77.4,77.4,77.4,0,1
920710,78,78,78,78,12,13
920713,76.65,76.65,76.65,76.65,0,13
920714,77.2,77.2,77.2,77.2,0,13
920715,77.15,77.15,77.15,77.15,0,13
920716,78.25,78.25,78.25,78.25,0,13
920717,78.25,78.3,77.15,77.15,2,14
920720,76.75,76.75,75.4,75.45,5,19
920721,76.5,76.5,76.5,76.5,1,19
920722,77,77,77,77,21,30
920723,77,77,76.9,76.9,18,39
920724,76.1,76.1,76.1,76.1,0,39
920727,75,75.1,73.5,73.7,8,47
920728,74,74.05,74,74.05,2,49
920729,73.75,74,73,73.5,29,67
920730,74.4,74.4,74.4,74.4,4,66
920731,73.2,73.2,73.2,73.2,0,63
920803,73.65,73.65,73.65,73.65,0,63
920804,73.55,73.55,73.55,73.55,2,65
920805,73.75,73.75,73.75,73.75,21,59
920806,73.15,73.15,73.15,73.15,0,59
920807,73.25,73.25,72.45,72.45,2,60
920810,70.25,70.25,70.25,70.25,4,59
920811,70.5,70.55,70.5,70.55,23,74
920812,70,70,68.6,68.7,29,93
920813,69,69,68.9,68.9,1,92
920814,68.7,69,68.7,68.75,5,97
920817,68,68,66,66,4,96
920818,66.5,67.5,66.45,67.5,4,98
920819,67.25,67.25,67.25,67.25,0,98
920820,67.5,67.5,67.5,67.5,0,98
920821,67.25,67.25,67.25,67.25,1,99
920824,67,67,67,67,12,110
920825,67,67.7,66.25,66.25,9,116
920826,66.5,66.5,66.5,66.5,0,116
920827,67,67,67,67,0,116
920828,67,68.05,67,68.05,2,118
920831,66.7,67.5,66.25,67.5,3,118
920901,66.75,66.75,66.75,66.75,0,118
920902,68,68,68,68,6,124
920903,67.1,67.1,67.1,67.1,0,124
920904,66.75,66.75,66.75,66.75,3,126
920908,66,66.5,66,66,8,130
920909,64.35,64.35,63.5,63.5,11,133
920910,63.25,63.75,63,63.75,2,134
920911,63.4,63.95,63.25,63.45,7,138
920914,64,64,64,64,1,138
920915,64.4,64.4,64.4,64.4,0,137
920916,64.75,64.75,64.75,64.75,32,154
920917,63.75,63.75,63.75,63.75,3,153
920918,63.8,63.8,63.8,63.8,0,153
920921,64.7,66,62.9,62.9,8,155
920922,65.25,65.25,65.25,65.25,13,154
920923,66.25,66.25,66.05,66.05,2,154
920924,65.25,65.25,64.5,64.5,5,159
920925,64,65.25,64,65.25,10,164
920928,65.25,65.25,64.25,64.25,6,169
920929,64,64,63.5,63.5,18,178
920930,63.75,65.25,63.5,65.25,5,178
921001,66.6,67,66.6,66.6,7,183
921002,67.4,67.5,67.15,67.15,7,188
921005,68.3,68.3,68.3,68.3,38,196
921006,69.15,69.15,69.15,69.15,53,212
921007,70.45,70.45,70.45,70.45,0,212
921008,70.5,71.5,70,71,19,223
921009,72,72,72,72,0,223
921012,72.4,73,72,72.85,14,230
921013,72,74,72,73.8,19,246
921014,74,74,73.5,73.5,110,261
921015,73.5,73.5,72.05,72.05,5,261
921016,72,72.65,72,72.65,10,271
921019,71.5,71.5,71.5,71.5,15,277
921020,75,75,74.45,74.45,2,279
921021,75,76,74.75,74.75,11,289
921022,75,75.55,74.7,75.55,103,344
921023,76.75,76.75,75.1,75.1,3,346
921026,76.15,76.15,76.15,76.15,0,346
921027,76.5,76.5,76.5,76.5,17,347
921028,76.75,76.75,76.4,76.4,5,348
921029,76.5,77.25,76.5,77.25,6,350
921030,78.5,78.5,78.5,78.5,6,350
921102,78.5,78.5,77.4,77.4,7,354
921103,76.5,78.25,76.5,78.2,17,359
921104,78,78,77.25,77.7,29,378
921105,76.75,76.75,75,75,23,384
921106,74.6,75.6,74.6,75.25,37,394
921109,74.5,74.5,73.2,73.2,14,400
921110,73.5,74.85,73.5,74.85,4,399
921111,75.6,76,75.6,75.9,17,408
921112,76.45,77.25,76.45,77.25,20,413
921113,78.6,79.75,78.6,79,4,414
921116,81.5,81.5,81.5,81.5,1,414
921117,81.2,81.25,80.25,80.25,16,417
921118,80.75,80.75,80,80,6,412
921119,79.5,79.5,79.4,79.4,4,414
921120,79,80.35,79,80.25,5,414
921123,78.75,78.75,78.75,78.75,1,414
921124,78.25,78.25,77.5,77.5,12,414
921125,77.2,78.25,77.2,78.25,5,415
921130,81,81,81,81,5,411
921201,83.8,84,83.65,83.65,6,411
921202,84.2,86,83.9,83.9,22,417
921203,83.9,85.2,83.9,84.7,16,428
921204,85.2,85.2,84.05,84.05,13,439
921207,84.4,84.7,84.4,84.7,3,442
921208,84.7,86.55,84.7,86.55,24,451
921209,87.4,87.5,86.7,86.7,4,453
921210,87,87.75,86,87.75,81,525
921211,87.8,88,87,87,48,531
921214,88.25,88.25,87.55,87.55,9,515
921215,87.5,88,87.35,87.35,9,519
921216,86.65,86.65,86.65,86.65,119,536
921217,86.45,86.45,86.45,86.45,0,536
921218,88,88,87.4,87.4,71,590
921221,88.5,90.25,88.5,90.25,38,604
921222,89.5,91,89.4,89.4,3,606
921223,88.4,88.5,87,87,29,616
921224,86,87.25,85.9,86.95,13,624
921228,88.15,88.15,88.15,88.15,0,624
921229,90,90,86,86.1,12,632
921230,85.3,86.5,85,85.25,50,628
921231,85.75,86.1,85.75,86.1,29,641
930104,86,86.2,83.5,83.75,58,678
930105,83.05,83.2,81.2,81.2,73,705
930106,81,81.2,79.65,79.65,112,721
930107,81.5,83.25,81.25,83.25,38,752
930108,83,83,80.75,80.75,85,778
930111,80.5,80.6,79.8,80.45,156,851
930112,80.35,82.6,80.35,82.6,89,864
930113,83.3,84.85,83,84.45,16,858
930114,83.6,83.75,83.45,83.45,44,894
930115,82,82.3,80.55,80.75,51,897
930118,79.85,80.25,79,80.25,152,942
930119,80.25,80.25,77.45,77.5,50,970
930120,77.05,77.45,75.5,75.5,271,1180
930121,75.5,76.8,75.2,75.2,127,1207
930122,75.5,76.75,73.9,73.9,100,1235
930125,73.5,73.5,68.25,68.25,188,1257
930126,66.7,70.25,66.5,69.75,205,1382
930127,70.25,71.6,69.7,69.7,209,1435
930128,70,70.5,68.8,70.5,118,1487
930129,71.1,71.6,70.7,70.7,59,1517
930201,71.4,72.9,71.4,72.9,92,1544
930202,73.9,77.3,73.9,75.25,283,1699
930203,74.5,76,73.9,74.5,107,1747
930204,73.3,73.5,72.75,72.75,44,1696
930205,72.8,72.8,72.8,72.8,12,1695
930208,72,73.25,68.5,68.5,84,1697
930209,67.5,70.5,66,70.5,303,1840
930210,70.9,73,70,72.75,292,2019
930211,73.75,75,73.75,74.7,227,2106
930212,73.2,74.9,72.3,72.35,468,2292
930216,72.6,73.25,72,73,89,2325
930217,74.4,74.4,72.75,72.75,280,2401
930218,73.6,73.6,73.25,73.45,121,2456
930219,73.55,74.5,72.9,73.7,186,2574
930222,74.5,75.1,74.5,74.65,205,2592
930223,72.75,72.75,71.7,71.7,53,2639
930224,72.1,73.9,71.7,73.75,38,2642
930225,73.8,73.8,71.8,72.05,30,2653
930226,70.8,72,70.8,71.15,424,2562
930301,70.1,70.5,69.65,69.65,196,3085
930302,70.8,72.2,70.25,72.05,314,3241
930303,71.9,71.9,71.45,71.75,689,3834
930304,71.6,72.2,71.35,72.15,547,4053
930305,71.5,71.5,70.5,70.5,270,4100
930308,69.5,70.25,69,70.15,1486,4508
930309,69.95,70.1,68.95,69.7,940,4979
930310,69.65,69.7,68.1,68.55,678,5284
930311,68.05,68.6,67.95,68.2,247,5265
930312,67.6,68,67.4,67.45,421,5374
930315,67.6,69.6,67.6,69.35,298,5425
930316,69,69,66.45,66.45,520,5388
930317,66.3,67.15,65.8,66.45,548,5464
930318,66.6,66.6,66.2,66.35,358,5527
930319,66.5,67.25,66.5,67.15,204,5589
930322,67.5,68,67.35,67.35,128,5551
930323,66.7,67.35,66,67.35,167,5629
930324,67.8,69,67.8,68.45,131,5631
930325,68.1,68.1,67,67.05,140,5637
930326,66.8,66.9,65.1,65.15,541,5930
930329,65,65.2,62.75,63.1,588,5901
930330,63,63.75,62.75,62.8,379,5987
930331,63.2,65,62.4,64.8,334,5990
930401,64.2,65.2,63.7,63.7,405,6080
930402,63.6,63.6,62.7,62.7,268,6229
930405,62.2,62.4,61.75,61.8,221,6271
930406,62.1,62.6,61.75,62,542,6372
930407,62.2,62.7,60.75,60.85,320,6480
930408,60.9,61.5,59.5,59.6,647,6883
930412,60,60,59.05,59.75,378,6905
930413,60.5,61,59.9,60.9,303,7014
930414,61.1,61.35,60.2,60.75,221,7258
930415,61.2,61.8,60.75,60.9,525,7469
930416,60.5,60.65,60,60,215,7592
930419,59.5,59.75,59.1,59.3,606,7867
930420,59.65,60.7,59.3,59.95,365,8023
930421,59.75,59.8,59,59.15,957,8242
930422,59.2,60.25,59,59.3,1247,8486
930423,59.95,60.5,59.8,60.35,582,8568
930426,60.7,63.9,60.7,63.65,431,8585
930427,65,67,63.9,66.8,382,8686
930428,65.85,66.3,64.9,65.75,327,8700
930429,64.3,67.3,63.1,66.75,516,9006
930430,67.6,68.4,66.5,68.3,248,9021
930503,68.4,69,67.8,68.1,544,9005
930504,66.65,67.05,63.3,63.5,439,8924
930505,62.6,63.3,60.7,62.25,578,9073
930506,62.6,63.75,62.6,63.4,333,9068
930507,63,64.15,61.5,64.15,334,9122
930510,64.2,65.45,63.9,64.5,153,9106
930511,64.9,65.4,64.2,64.7,205,9113
930512,64.5,64.5,63.1,63.2,150,9053
930513,64.5,65.15,62.6,62.7,525,9275
930514,62.8,63.9,62.6,63.6,286,9357
930517,63.8,64.4,63.5,64.35,238,9415
930518,65.75,67.7,65.5,67.65,379,9413
930519,67,68.6,66,68,610,9552
930520,67.75,68.8,67.2,67.9,278,9474
930521,68.65,70,68.65,69.8,399,9512
930524,70,70.4,65.5,65.6,491,9648
930525,66.6,68.2,66.2,67.9,535,9777
930526,68.7,69.5,68.2,69.2,267,9809
930527,70.1,70.25,67,67.25,470,9624
930528,67.25,68.3,66.7,68,377,9800
930601,67.25,67.3,65.6,65.7,453,9905
930602,65.6,67,65.1,66.2,501,10046
930603,66.6,66.65,65.2,65.3,217,10125
930604,64.75,65.2,63.2,63.35,916,10561
930607,63.25,63.4,62.25,62.75,1268,10779
930608,62.7,63.7,62.6,62.95,503,11025
930609,63.5,63.6,62.45,62.9,604,11274
930610,63.25,63.6,63,63.5,297,11353
930611,63.6,63.6,61.8,61.9,840,11693
930614,61.7,63.5,61.7,63.45,737,11912
930615,62.75,66,62.7,66,437,11972
930616,65,65.6,63.2,64.1,711,12148
930617,64.1,66.9,64.1,66.65,1019,12621
930618,67.3,67.7,66.2,66.2,1686,13333
930621,65.85,66.9,64.7,65.05,836,13580
930622,66.1,66.25,65.3,66.15,646,13672
930623,65.5,66.65,65.35,66.35,1483,14134
930624,66.4,66.55,65.15,65.6,310,14151
930625,66,66.1,63.8,64.5,1086,14085
930628,64.3,65.3,64.3,65,355,14008
930629,64.5,64.6,62.9,63.1,899,14080
930630,63.1,63.9,62.8,63.7,974,14216
930701,64,64.75,63.5,64.65,745,14225
930702,65.2,67.6,65.2,67.1,1170,14226
930706,69.75,73.1,69.75,73.1,2383,14770
930707,74.05,74.2,71.45,71.95,2419,14500
930708,71,73.5,71,72.5,2011,14924
930709,73.95,74.1,72.2,72.3,1481,14956
930712,70.9,72,70.9,71.8,777,14981
930713,75.2,76.2,72.9,76.05,2576,15324
930714,74.6,76.6,73.3,73.5,2394,15251
930715,72.4,75.55,72.4,74.7,2144,15534
930716,73.9,75,73.05,73.55,1099,15620
930719,74.1,75.8,73.6,75.25,1450,15595
930720,76.25,77.5,74.2,74.75,2345,15844
930721,74.65,75.5,74,74.15,1101,15866
930722,73.75,76,73.75,75.35,1098,15956
930723,74.6,75.1,74,75,1460,16402
930726,75.2,75.4,73.6,74,1220,16575
930727,73.5,75.75,73.5,75.35,1444,16694
930728,75.1,76.45,75.1,76,1615,16871
930729,76.5,76.9,76,76.75,1843,16836
930730,78.25,80.3,76.95,79.05,4592,17462
930802,80.6,81.15,79.6,79.95,1932,17388
930803,79.5,81.8,79.5,81.7,2281,17571
930804,82.5,82.7,80.3,80.85,2903,18349
930805,80.35,82.5,80.3,81.45,2515,18610
930806,80.3,81,77.2,78.7,4880,19001
930809,78.5,80,78.5,79.4,1968,18872
930810,79.85,79.95,77.6,77.8,3310,19031
930811,77.8,77.85,71.8,73,10713,20292
930812,73.25,74.5,72.1,72.45,4838,20957
930813,70.8,72.6,69.5,72,7919,22419
930816,73.3,74.4,73.1,74.35,4538,23406
930817,75,75.45,73.4,74,6465,25448
930818,73.45,76.1,73.25,75.35,7311,27513
930819,74.85,75.85,74.15,75.05,6739,30036
930820,74.7,75.7,74.5,74.95,9374,31965
930823,75.25,78.4,75.1,78.25,7381,33232
930824,78.5,79.2,77.25,77.7,6042,33594
930825,77.9,79.25,76.55,79.05,5223,33706
930826,79.5,79.9,77.8,78.25,7998,33537
930827,78.5,79.65,78.3,79.15,6291,34265
930830,78.5,79.85,78.5,79.4,3231,33579
930831,78.6,79,77.5,77.9,6537,33957
930902,78.4,79.05,77.9,78,3468,33585
930903,76.8,77.3,75.4,76.25,7182,33657
930907,75.45,78.7,74.15,78.25,9390,33402
930908,79.05,79.7,78.4,78.8,5854,33812
930909,78.6,82.4,78.6,82.2,13447,35136
930910,82.2,83.5,80.8,83.15,9812,37060
930913,83.2,83.8,81.05,81.55,7750,37136
930914,81.4,83.7,81.4,82.65,8185,37789
930915,81.8,83.25,81.4,82.1,6323,37622
930916,82,82.4,81.2,81.5,4698,37283
930917,80.7,83,80.7,82.85,5754,37942
930920,82.1,82.8,80.5,81.45,7620,37793
930921,81.4,81.9,77,77.1,15922,36528
930922,78,79.2,78,78.55,6865,34831
930923,78.15,81.8,78.15,81.65,9371,35238
930924,81.7,82.2,79.55,81.1,7967,34489
930927,80.75,81.1,76.85,77.5,12026,34863
930928,77.7,79,76.8,77.4,6969,34317
930929,76.7,77,74.55,75.65,11526,33941
930930,74.5,76.95,74.4,74.5,8618,33998
931001,73.25,74.9,72.6,73.5,10187,33699
931004,73.6,74.45,72.8,73.35,4878,33361
931005,73.35,74.9,71.3,71.9,8974,33740
931006,71.9,72.2,70.8,72.05,7819,34090
931007,72.5,73,71.5,72.05,5041,34381
931008,72.3,74.2,72.3,74.1,7401,34539
931011,74.25,75.5,73.7,75.05,5118,33814
931012,73.75,74.5,71.5,72.45,9230,34668
931013,72.1,73.25,72.1,73.05,4308,34079
931014,72.6,75.3,72.6,74.7,8453,33569
931015,74.5,75.15,73.8,75.1,4248,33180
931018,76.5,78.3,76.5,78.15,8578,32602
931019,78.2,78.5,76.1,76.3,7167,32407
931020,75.8,78.2,75.4,75.6,9271,32006
931021,76.55,77.85,75.9,77.5,5800,31912
931022,77.4,77.6,76.5,77.15,3503,31821
931025,77.5,77.8,73.8,74.25,8771,33218
931026,74.3,75.85,72.8,74.7,10661,32983
931027,74.15,76.75,73.7,76.35,6060,32286
931028,76.85,78.15,76.25,78,7535,31618
931029,78.55,79.45,77.85,79.3,8116,31469
931101,79.3,79.6,77.1,77.55,6344,30983
931102,77.8,78.95,77.7,78.85,4483,30528
931103,78.5,79.45,78.05,78.3,5378,30733
931104,76.5,77.25,75.05,75.15,8688,30159
931105,75.75,77.25,74.6,77.05,7478,26961
931108,77.6,78,74.9,75.45,7167,25306
931109,75,76.8,74.7,75.75,6191,24235
931110,74.9,76.25,74.1,76.05,6589,22832
931111,75.4,76,74.2,75,5903,21718
931112,72,73.5,72,72.9,7605,19760
931115,73.65,73.95,73.1,73.85,3732,17505
931116,74.9,75.95,74.9,75.65,9046,14331
931117,76.1,76.15,74.8,74.85,13926,5257
931118,75.3,78.2,75.3,78.05,3239,3568
931119,77.5,78.05,75.25,75.3,1322,2907
931122,74.8,76.2,73.85,74.3,714,1788
931123,74.85,76.15,74.85,76.05,666,1348
931124,75.75,76.15,75.2,76,412,1401
931129,75.25,76.85,75.25,76.6,248,838
931130,76.6,76.65,74.8,74.95,201,655
931201,75.4,76.3,75.4,76.2,250,698
931202,76.25,76.25,73.65,73.9,386,470
931203,75.25,75.5,75.25,75.25,144,389
931206,76,76,73.5,73.95,74,355
931207,74.8,74.95,73.7,74.7,54,346
931208,74.75,75.45,74,75.45,89,292
931209,75.35,76.1,75.35,75.65,92,299
931210,77.25,77.4,76.8,77.25,36,217
931213,76,77.1,76,77.1,43,190
931214,77,78.7,77,78.55,73,165
931215,78.9,78.9,77.8,78.15,47,124
931216,79,79,77,77.15,79,34
931217,77,77.8,77,77.75,23,35
