940701,212,212,203.5,203.5,92,81
940705,194.5,196,194.5,194.5,16,92
940706,202,203,200.5,200.5,46,133
940707,202,202,202,202,130,176
940708,195.65,195.65,195.65,195.65,2,176
940711,204.65,204.65,204.65,204.65,0,176
940712,213.65,213.65,213.65,213.65,0,176
940713,222.65,222.65,222.65,222.65,66,208
940714,231.65,231.65,231.65,231.65,5,213
940715,240.65,240.65,240.65,240.65,1,213
940718,249.65,249.65,249.65,249.65,0,213
940719,245.5,245.5,245.5,245.5,0,213
940720,236.5,236.5,236.5,236.5,0,213
940721,240,242.5,240,242.5,3,216
940722,242,242,234.25,234.25,1,217
940725,225.25,225.25,225.25,225.25,0,217
940726,224,227,220,222.7,5,220
940727,225,225.1,223,225.1,5,225
940728,219.1,219.1,219.1,219.1,0,225
940729,214,216.25,214,216.25,2,227
940801,222.25,222.25,222.25,222.25,0,227
940802,228,228,225.85,225.85,3,228
940803,222,222,222,222,64,238
940804,222.5,222.5,221,221,5,238
940805,215,215,215,215,0,238
940808,214,214,209,209,5,240
940809,200,200,200,200,8,243
940810,196,198,191.5,191.5,236,344
940811,189.5,194.5,188.5,194.5,37,360
940812,193,193,190.5,190.5,2,361
940815,196.5,196.5,196.5,196.5,0,361
940816,201,202.5,200.5,202.5,211,211
940817,196.5,196.5,196.5,196.5,64,267
940818,194.6,194.6,194.6,194.6,0,267
940819,194,194,190.9,190.9,16,280
940822,189.5,195.75,188,195.75,33,296
940823,201.75,201.75,201.75,201.75,142,377
940824,203.75,203.75,201.5,201.5,2,378
940825,204,204.5,204,204.5,7,389
940826,210.5,210.5,210.5,210.5,0,389
940829,216.5,216.5,216.5,216.5,13,383
940830,222,222,219,219,5,383
940831,222.5,222.5,217,217,1,383
940901,219,219,219,219,5,387
940902,220,220,216.6,216.6,7,388
940906,222.6,222.6,222.6,222.6,0,388
940907,228.6,228.6,223.3,223.3,56,440
940908,222.2,222.2,222.2,222.2,31,440
940909,224,224.75,224,224,39,445
940912,228.6,230,228.6,230,11,455
940913,232,233,229.4,229.4,34,470
940914,223.4,223.4,223.4,223.4,1,469
940915,220,220,220,220,0,469
940916,224.8,226,224.8,226,25,467
940919,232,232,232,232,6,467
940920,238,238,234.05,234.05,55,517
940921,234,237.4,233,237.2,12,525
940922,234.2,234.2,234.2,234.2,4,525
940923,235.25,235.25,235.25,235.25,100,622
940926,234.5,234.5,232.25,232.25,46,627
940927,229,229,226.25,226.25,60,684
940928,226,227.25,221,221.3,98,675
940929,220.5,222.75,220.5,222.75,75,745
940930,216.75,217,216.75,216.75,10,750
941003,218.9,218.9,217.25,217.25,141,774
941004,223.25,223.25,223.25,223.25,14,769
941005,223.9,223.9,223.9,223.9,66,841
941006,217.9,217.9,217.9,217.9,0,841
941007,211.9,211.9,211.9,211.9,3,840
941010,202.9,202.9,202.9,202.9,4,840
941011,193.9,195,193.9,194.5,77,871
941012,195.5,200.1,195.5,200.1,19,838
941013,201,205,198,204.75,9,842
941014,199,201,198.5,199.55,61,840
941017,193.55,205.55,193.55,205.55,17,849
941018,204.5,204.5,204.5,204.5,8,856
941019,203,210.5,203,210.5,3,848
941020,212,212,212,212,0,848
941021,209.25,209.25,206,206,5,844
941024,205.5,205.5,205.5,205.5,0,844
941025,203.5,203.5,203.5,203.5,1,849
941026,201,201,201,201,1,849
941027,201,201,198.75,200,22,862
941028,200.5,201,199,199,95,878
941031,197.75,197.75,196.75,196.75,7,882
941101,197.5,197.5,197.5,197.5,5,886
941102,196.5,196.5,191.5,191.5,63,915
941103,191,192.5,189,192.5,34,902
941104,192.5,193.15,190.5,193.15,68,919
941107,194.25,194.25,194.25,194.25,36,894
941108,195,200.25,195,199.15,70,950
941109,201.5,202.5,198.25,198.4,72,971
941110,196,196,194.7,194.7,305,1005
941111,194.75,194.75,194.75,194.75,14,823
941114,191,191,188.75,188.75,8,825
941115,185.5,187.5,182.75,183.75,25,838
941116,183,187.05,183,187.05,35,841
941117,182.05,182.05,182.05,182.05,3,842
941118,183,184.25,177.5,178.5,65,860
941121,174.7,174.7,172.5,172.5,124,896
941122,174,175,172,172,5,846
941123,172.6,172.6,166.3,169.5,117,871
941128,172.15,172.15,172.15,172.15,33,914
941129,172.5,172.5,168.75,168.75,93,982
941130,165.5,167.6,164.7,167.25,317,1110
941201,167.95,167.95,167.95,167.95,21,1113
941202,167.5,167.5,166.9,166.9,36,1114
941205,167.5,169,167.5,169,79,1192
941206,172,172.5,172,172.05,19,1185
941207,172.5,174.75,170.25,170.65,185,1291
941208,170,170,169.45,169.45,259,1485
941209,169.25,169.25,167.75,168.4,19,1495
941212,172,172,170.85,170.85,26,1515
941213,168.75,169,164.85,164.85,175,1639
941214,158.85,158.85,158.85,158.85,51,1658
941215,154.25,154.25,151,153.15,117,1728
941216,156.2,162.15,156.2,160.2,162,1827
941219,161.35,162,159.5,160.1,232,1956
941220,160,163.3,160,163.1,276,2045
941221,169.1,169.1,169.1,169.1,286,2207
941222,171,173.5,170,173.3,1539,2637
941223,174.5,174.75,173.4,173.6,74,2703
941227,174.75,174.75,174,174.25,55,2716
941228,176,176.5,175.5,176.1,91,2754
941229,177,179.5,175.5,176.15,157,2742
941230,175,175,170.5,170.5,155,2718
950103,171.25,171.25,170,170.5,16,2726
950104,170.75,170.8,170.5,170.75,17,2734
950105,170,174.25,170,174.25,98,2756
950106,173.5,176.25,172.8,175.2,175,2843
950109,176.25,177,170,170.15,145,2899
950110,169,172,169,170.25,91,2936
950111,173,173,166.25,166.25,92,2955
950112,167,169.75,167,169.75,14,2955
950113,172.5,172.5,172,172,41,2992
950116,170.5,170.5,170.5,170.5,4,2993
950117,174,174,172.4,173,72,3041
950118,172.25,176,172,175.35,125,3092
950119,176.75,176.75,173,173.95,142,3162
950120,174,176.6,171.5,172,151,3133
950123,171.5,171.5,170.5,170.5,87,3127
950124,169.75,170,166.75,167.8,137,3162
950125,167.5,169,167,167.2,137,3145
950126,165.75,170,165.5,169.05,43,3130
950127,170.2,170.2,163.8,164,112,3156
950130,162.25,162.3,159,161,89,3197
950131,161,161,157.8,158.2,102,3260
950201,158.5,158.5,158,158,51,3278
950202,159,161.5,159,160.85,116,3321
950203,160.3,160.3,157,157.25,103,3345
950206,157.5,158.25,155.4,158.25,182,3399
950207,159.75,159.75,157.25,157.25,516,3337
950208,157,162.1,157,160.8,237,3404
950209,162.25,163.3,162.25,162.4,341,3551
950210,161.5,167,161.5,166.2,348,3571
950213,166.5,167,165.75,165.8,48,3589
950214,166.25,170,166.25,168,160,3554
950215,169.25,169.4,167,168.25,219,3663
950216,167.45,168.75,163.5,163.5,192,3661
950217,165.5,169.5,165,169.5,69,3703
950221,172.25,174,170.5,170.6,178,3679
950222,170.25,171,170.25,170.4,89,3671
950223,171,173,170.3,170.5,136,3632
950224,172.5,175.1,172.5,174.95,213,3641
950227,177.75,180.95,177.75,180.95,360,3798
950228,182.9,183.5,181.25,181.95,469,3978
950301,179.5,187.65,179.5,186.75,139,4093
950302,186.75,187,182.6,182.6,120,4108
950303,181.25,182.25,179,179.25,63,4145
950306,179.5,180.5,179.5,179.6,61,4146
950307,180.75,181.75,179,179.75,101,4164
950308,179.9,182,179.4,181.7,337,4413
950309,183.75,184.8,183,183,133,4502
950310,186,189,185.1,188.4,172,4519
950313,186,186,182.5,183.15,226,4559
950314,177.15,186.5,177.15,184.35,194,4582
950315,182.5,182.5,180.5,180.9,188,4650
950316,179.5,179.5,174.9,174.9,289,4741
950317,174,175.25,171,172.15,459,4852
950320,172.75,173.5,170.3,171.3,698,4979
950321,173,176,169.7,175.4,831,5306
950322,174.75,175,172.5,173.5,252,5391
950323,170.5,171.9,169.5,169.75,661,5698
950324,167.75,171,165.25,170.65,663,5534
950327,171.75,172.5,170.75,170.75,110,5607
950328,170.3,171.75,170.3,171.15,209,5592
950329,169.5,170.75,169,170.5,134,5602
950330,171.25,171.5,167.5,167.5,372,5666
950331,167.5,169,166.5,169,60,5665
950403,169.1,169.25,168,168,194,5804
950404,168,168.5,168,168,42,5826
950405,169.5,171,169.5,170.5,207,5819
950406,171,172.4,169.5,169.5,84,5781
950407,169.5,171.5,169.5,170.25,23,5794
950410,170.25,170.5,169.5,170.5,59,5797
950411,169.75,169.75,169,169,54,5823
950412,168.75,169.05,168.7,169,483,5693
950413,169,169,165.5,166.1,512,5527
950417,165.3,169,165.3,168.25,174,5438
950418,167.5,172.75,167.25,170.5,244,5464
950419,172.4,175,171.5,174.75,216,5453
950420,175.5,177.75,175.25,175.3,212,5490
950421,175.3,179.5,175.3,178.8,79,5495
950424,179.25,182.5,179.25,181.75,291,5569
950425,181.25,181.5,180,181.25,446,5643
950426,180,181.5,179.5,181.25,128,5637
950427,179.5,180,178.75,179.05,239,5654
950428,178,178,177,177.5,124,5701
950501,177,177.2,176.25,176.35,57,5712
950502,175.5,175.5,174.3,175.05,126,5698
950503,176,179.75,176,179.7,155,5704
950504,179.5,181,178.8,178.95,198,5736
950505,178.3,179.65,177.8,178.1,90,5721
950508,178.05,178.35,177.9,177.9,182,5690
950509,178,181.5,178,178.85,430,5614
950510,178.5,180.25,178.5,178.5,361,5588
950511,178.5,179.9,174,174.2,625,5386
950512,174,174.25,172,172.05,700,5265
950515,173.75,175,173.75,173.8,203,5312
950516,173.4,173.4,171.3,171.8,78,5301
950517,170.5,174.5,170.5,174.4,219,5326
950518,173.2,173.25,170.4,170.65,238,5347
950519,171.25,172.5,170.75,171.8,485,5166
950522,170.75,171,166.75,167,202,5221
950523,165.5,165.5,161,161,1611,5053
950524,159,163,156,156.65,763,5060
950525,156,160.5,155,160.05,325,5083
950526,162.55,163,155,157.5,213,5080
950530,158.5,160.8,158.5,159.55,108,5104
950531,160.6,161.5,158.25,158.3,108,5114
950601,160.25,164,160.25,163.15,413,5016
950602,165.5,166,162,164.45,422,4905
950605,163.25,163.45,163,163.15,101,4930
950606,161.5,161.75,159.9,161.1,366,5057
950607,160,160.25,155.1,155.25,493,5090
950608,155.3,156.2,154,155.45,422,5243
950609,157.5,158,155,156.15,341,5341
950612,155.8,158,155.8,157.45,392,5224
950613,156.75,157,151.45,151.45,1161,5017
950614,151.8,152.1,149.75,150,2038,5468
950615,151,156,150.5,156,523,5398
950616,155,155.25,151.5,152.65,570,5264
950619,150,150.25,148.2,149.75,549,5474
950620,150.3,153,150.3,151.5,521,5649
950621,153.75,156,150.4,151.1,467,5570
950622,153.5,154.5,150.75,150.75,242,5545
950623,149.75,150.6,143.5,145.7,953,5640
950626,147.3,147.5,139,139.4,916,5637
950627,140.7,141,135.15,138.75,967,5853
950628,139.6,141,138.1,140.15,597,5807
950629,141.5,142.5,137.6,138.15,458,5835
950630,135.6,136.75,131,131.45,761,5831
950705,131.8,134.9,126.5,126.8,1147,5835
950706,122,125.5,120.8,121.3,1962,6324
950707,123.5,131,123,130.1,1804,6466
950710,131.75,138.5,128.2,137.8,1794,6506
950711,139,140.5,135,136.5,1153,6610
950712,135.5,139.5,135,138.4,1671,6166
950713,138.6,139.5,137,138.7,545,6344
950714,139.1,145.25,139.1,144.05,1508,6080
950717,142.25,142.6,137.25,138.35,1574,6358
950718,134.75,138.45,132.25,137.25,1545,6367
950719,138.25,140.2,137,138.15,1098,6509
950720,138.5,140.25,137.25,140.1,1543,6568
950721,141.5,147,141.5,145.2,2473,7028
950724,145,145.3,143.25,144,877,6982
950725,142.25,146.5,141.7,145.15,1388,7127
950726,148.75,150,148.4,149.95,1336,7183
950727,148.5,149,145.25,145.55,2346,7576
950728,142.6,144.8,141.25,141.55,1864,7740
950731,139.25,144.2,137,143.6,1331,7735
950801,144.75,145,139.25,141,1758,7776
950802,139.7,145.1,139.7,142.9,1935,7783
950803,143.4,144.2,142.25,143.5,1828,7932
950804,141.25,143.5,139.75,142.9,1309,8090
950807,140.25,144.5,140,142.15,1228,8305
950808,141.35,143.9,140.75,143.65,1574,8503
950809,144.5,144.9,143,143.1,1679,8839
950810,143.5,146,143.5,145.35,2139,9138
950811,145.25,145.95,144,145.3,1795,9611
950814,145,145.5,144.15,144.35,1346,9855
950815,143.25,145.8,143,145.45,2423,10572
950816,147,147.35,145.1,146.35,3154,11082
950817,145.65,146.9,144.6,144.8,2989,11937
950818,143.75,145.2,143.5,143.95,3369,12596
950821,143.5,148.5,143.5,147.7,5022,14415
950822,147.5,152.45,147.05,151.65,8694,15207
950823,151.4,153.6,150.85,153.25,5349,15775
950824,152.5,153.25,150.8,151.85,3197,15878
950825,151.55,157,151.35,155.85,7093,17219
950828,156.1,157.35,155.5,155.8,3474,17458
950829,156.3,156.7,153.6,154.7,4537,17620
950830,153.85,154.9,147,148.2,9017,16615
950831,148.75,150.2,147.15,147.5,5697,16588
950901,146,151.9,146,151.15,5753,16428
950905,149.75,150.75,147.5,149.1,3251,16909
950906,149.1,149.5,145,145.6,5244,17350
950907,143.3,144.5,138.95,139.75,10964,17299
950908,139,141.4,135,136.85,8876,17044
950911,136.1,137.7,133.6,133.8,6115,16944
950912,130.25,132,126,127.15,10108,17031
950913,126.5,130.5,125.2,127,8752,17618
950914,127.25,129.6,126,128.85,5481,17388
950915,129.8,131,129.1,129.75,5126,17589
950918,131,133.3,124,124.2,8317,18027
950919,119.5,120.75,117,119.05,9117,18864
950920,121,123.9,117.25,122.85,8779,19058
950921,125,128,123.8,127.7,7015,19105
950922,127.5,128.25,125.1,125.6,3946,19011
950925,122.1,123.25,115.6,116.1,6782,19024
950926,113.5,120.9,113.15,119.8,7377,19143
950927,119.25,120,113.35,115.2,6493,18904
950928,113.3,117.7,113.3,115.25,5221,18679
950929,117.5,118.5,116.25,117.25,5762,18021
951002,120,123.2,119.5,121.8,6415,17791
951003,119.5,122.2,118.6,121.8,5212,16780
951004,122.75,124.35,121.6,123.15,4413,16818
951005,121,124,119.7,123.5,4752,16961
951006,124.35,124.75,117,118.1,7504,17401
951009,116.85,118.25,113.5,114.05,5742,17079
951010,112,118.7,111.5,117.8,7270,17155
951011,117.1,120.75,116.2,119.9,5516,16669
951012,117.75,120.4,117.75,118.65,2992,16745
951013,121,123.2,120.8,122.05,5180,16478
951016,124,126.9,123.8,125.9,7128,15824
951017,126.9,129,121.6,122.2,8054,16005
951018,122,125.95,120.5,123.55,7349,15990
951019,124,126.2,123.5,125.45,4208,15031
951020,124.5,125.4,121.8,124.95,5027,14901
951023,125,127.25,124.75,126.35,4136,14667
951024,128,128.45,123,124.6,6095,14768
951025,125.75,126.4,121.5,121.75,5088,14586
951026,121.95,123.75,120.75,123.4,4873,14458
951027,123.4,124.1,120.1,122.75,5053,14607
951030,121.25,122,119.25,120.55,4569,14385
951031,119.05,122.2,118.9,121.55,4399,14151
951101,121,123.25,120.35,122.25,4285,14271
951102,122.8,124,122.75,123.9,3490,14330
951103,123.5,126,123.5,125.8,4955,13523
951106,125.1,126.3,125,125.35,4141,12658
951107,125,126.1,124.6,124.95,3428,12111
951108,125.25,129,125.25,127.9,5952,11720
951109,128.25,128.9,126.7,126.9,4824,11072
951110,127.2,127.7,125.45,126.75,3236,10362
951113,127,130,127,128.4,3909,9870
951114,129.4,129.75,123.75,124.15,5958,8314
951115,124.25,126,123.8,125.45,4433,7133
951116,124.75,125.4,120.6,121.15,6664,5547
951117,121,122,120,120.35,5636,3087
951120,120.75,121.5,117.1,117.8,2066,2386
951121,116.8,118.25,115.7,116.5,859,2004
951122,116.6,116.9,111.75,114.15,1037,1704
951127,115,117,114.5,114.9,298,1529
951128,115.75,116,112.5,112.6,532,1171
951129,112.75,113.95,111.5,112,379,1102
951130,111.5,111.75,107.15,107.7,431,957
951201,107.5,109,106.5,107.1,226,760
951204,105,108,105,105.95,95,724
951205,106.9,108.4,106.9,108.15,60,695
951206,108.25,108.25,105,105,127,620
951207,104,107.3,104,106.9,84,583
951208,107.5,107.55,104.25,104.75,90,574
951211,105.75,105.9,104.75,105.9,20,555
951212,106,106.6,105.55,105.8,132,506
951213,107.7,108,106,107.75,129,428
951214,107.25,108,104.25,107.2,190,169
951215,107.3,108.75,107.3,108.6,131,109
951218,107.7,108,100.9,100.9,65,37
