"Date","Open","High","Low","Close","Volume","OpenInt"
04/05/2001,0.8482,0.8482,0.8482,0.8482,0,0
04/06/2001,0.8488,0.8488,0.8488,0.8488,0,0
04/09/2001,0.8417,0.8417,0.8417,0.8417,0,0
04/10/2001,0.8448,0.8448,0.8448,0.8448,0,0
04/11/2001,0.8428,0.8428,0.8428,0.8428,0,0
04/12/2001,0.8505,0.8505,0.8505,0.8505,0,0
04/16/2001,0.8466,0.8466,0.8466,0.8466,0,0
04/17/2001,0.8530,0.8530,0.8530,0.8530,0,0
04/18/2001,0.8675,0.8675,0.8590,0.8590,2,0
04/19/2001,0.8633,0.8633,0.8633,0.8633,0,0
04/20/2001,0.8563,0.8563,0.8563,0.8563,0,0
04/23/2001,0.8650,0.8650,0.8650,0.8650,0,0
04/24/2001,0.8583,0.8583,0.8583,0.8583,0,0
04/25/2001,0.8578,0.8578,0.8578,0.8578,0,0
04/26/2001,0.8507,0.8507,0.8507,0.8507,0,0
04/27/2001,0.8446,0.8446,0.8446,0.8446,0,0
04/30/2001,0.8468,0.8468,0.8468,0.8468,0,0
05/01/2001,0.8568,0.8568,0.8568,0.8568,0,0
05/02/2001,0.8590,0.8590,0.8590,0.8590,0,0
05/03/2001,0.8610,0.8610,0.8610,0.8610,0,0
05/04/2001,0.8624,0.8624,0.8624,0.8624,0,0
05/07/2001,0.8624,0.8624,0.8624,0.8624,0,0
05/08/2001,0.8615,0.8615,0.8615,0.8615,0,0
05/09/2001,0.8538,0.8538,0.8538,0.8538,0,0
05/10/2001,0.8510,0.8510,0.8510,0.8510,0,0
05/11/2001,0.8510,0.8510,0.8510,0.8510,0,0
05/14/2001,0.8463,0.8463,0.8463,0.8463,0,0
05/15/2001,0.8446,0.8446,0.8446,0.8446,0,0
05/16/2001,0.8442,0.8442,0.8442,0.8442,0,0
05/17/2001,0.8507,0.8507,0.8507,0.8507,0,0
05/18/2001,0.8433,0.8433,0.8433,0.8433,0,0
05/21/2001,0.8526,0.8526,0.8526,0.8526,0,0
05/22/2001,0.8517,0.8517,0.8517,0.8517,0,0
05/23/2001,0.8722,0.8722,0.8722,0.8722,0,0
05/24/2001,0.8702,0.8702,0.8702,0.8702,0,0
05/25/2001,0.8654,0.8654,0.8654,0.8654,0,0
05/29/2001,0.8688,0.8688,0.8688,0.8688,0,0
05/30/2001,0.8670,0.8670,0.8670,0.8670,0,0
05/31/2001,0.8749,0.8749,0.8749,0.8749,0,0
06/01/2001,0.8753,0.8753,0.8753,0.8753,0,0
06/04/2001,0.8736,0.8736,0.8736,0.8736,0,0
06/05/2001,0.8661,0.8661,0.8661,0.8661,0,0
06/06/2001,0.8657,0.8657,0.8657,0.8657,0,0
06/07/2001,0.8676,0.8676,0.8676,0.8676,0,0
06/08/2001,0.8625,0.8625,0.8625,0.8625,0,0
06/11/2001,0.8536,0.8536,0.8536,0.8536,0,0
06/12/2001,0.8541,0.8541,0.8541,0.8541,0,0
06/13/2001,0.8524,0.8524,0.8524,0.8524,0,0
06/14/2001,0.8569,0.8569,0.8569,0.8569,0,0
06/15/2001,0.8442,0.8442,0.8442,0.8442,0,0
06/18/2001,0.8423,0.8423,0.8423,0.8423,0,0
06/19/2001,0.8435,0.8435,0.8435,0.8435,0,0
06/20/2001,0.8391,0.8391,0.8391,0.8391,0,0
06/21/2001,0.8342,0.8342,0.8342,0.8342,0,0
06/22/2001,0.8339,0.8339,0.8339,0.8339,0,0
06/25/2001,0.8375,0.8375,0.8375,0.8375,0,0
06/26/2001,0.8380,0.8380,0.8380,0.8380,0,0
06/27/2001,0.8345,0.8345,0.8345,0.8345,0,0
06/28/2001,0.8318,0.8318,0.8318,0.8318,0,0
06/29/2001,0.8317,0.8317,0.8317,0.8317,0,0
07/02/2001,0.8339,0.8339,0.8339,0.8339,0,0
07/03/2001,0.8349,0.8349,0.8349,0.8349,0,0
07/05/2001,0.8255,0.8255,0.8255,0.8255,0,0
07/06/2001,0.8238,0.8238,0.8238,0.8238,0,0
07/09/2001,0.8275,0.8275,0.8275,0.8275,0,0
07/10/2001,0.8278,0.8278,0.8278,0.8278,0,0
07/11/2001,0.8342,0.8342,0.8342,0.8342,0,0
07/12/2001,0.8377,0.8377,0.8377,0.8377,0,0
07/13/2001,0.8304,0.8304,0.8304,0.8304,0,0
07/16/2001,0.8257,0.8257,0.8257,0.8257,0,0
07/17/2001,0.8278,0.8278,0.8278,0.8278,0,0
07/18/2001,0.8345,0.8345,0.8345,0.8345,0,0
07/19/2001,0.8380,0.8380,0.8380,0.8380,0,0
07/20/2001,0.8416,0.8416,0.8416,0.8416,0,0
07/23/2001,0.8309,0.8309,0.8309,0.8309,0,0
07/24/2001,0.8343,0.8343,0.8343,0.8343,0,0
07/25/2001,0.8359,0.8359,0.8359,0.8359,0,0
07/26/2001,0.8349,0.8349,0.8349,0.8349,0,0
07/27/2001,0.8352,0.8352,0.8352,0.8352,0,0
07/30/2001,0.8246,0.8246,0.8246,0.8246,0,0
07/31/2001,0.8248,0.8248,0.8248,0.8248,0,0
08/01/2001,0.8276,0.8276,0.8276,0.8276,0,0
08/02/2001,0.8331,0.8331,0.8331,0.8331,0,0
08/03/2001,0.8336,0.8336,0.8336,0.8336,0,0
08/06/2001,0.8323,0.8323,0.8323,0.8323,0,0
08/07/2001,0.8347,0.8347,0.8347,0.8347,0,0
08/08/2001,0.8352,0.8352,0.8352,0.8352,0,0
08/09/2001,0.8455,0.8455,0.8455,0.8455,0,0
08/10/2001,0.8441,0.8441,0.8441,0.8441,0,0
08/13/2001,0.8410,0.8410,0.8410,0.8410,0,0
08/14/2001,0.8464,0.8464,0.8464,0.8464,0,0
08/15/2001,0.8608,0.8608,0.8608,0.8608,0,0
08/16/2001,0.8588,0.8588,0.8588,0.8588,0,0
08/17/2001,0.8560,0.8560,0.8560,0.8560,0,0
08/20/2001,0.8521,0.8521,0.8521,0.8521,0,0
08/21/2001,0.8590,0.8590,0.8590,0.8590,0,0
08/22/2001,0.8541,0.8541,0.8541,0.8541,0,0
08/23/2001,0.8588,0.8588,0.8588,0.8588,0,0
08/24/2001,0.8560,0.8560,0.8560,0.8560,0,0
08/27/2001,0.8575,0.8575,0.8575,0.8575,0,0
08/28/2001,0.8557,0.8557,0.8557,0.8557,0,0
08/29/2001,0.8554,0.8554,0.8554,0.8554,0,0
08/30/2001,0.8555,0.8608,0.8555,0.8608,3,5
08/31/2001,0.8647,0.8647,0.8647,0.8647,1,5
09/04/2001,0.8603,0.8603,0.8603,0.8603,0,5
09/05/2001,0.8511,0.8511,0.8511,0.8511,0,5
09/06/2001,0.8486,0.8486,0.8486,0.8486,0,5
09/07/2001,0.8536,0.8541,0.8536,0.8541,2,7
09/10/2001,0.8481,0.8481,0.8481,0.8481,8,17
09/11/2001,0.8523,0.8523,0.8523,0.8523,4,17
09/13/2001,0.8621,0.8621,0.8621,0.8621,0,17
09/14/2001,0.8730,0.8731,0.8730,0.8731,1,17
09/17/2001,0.8690,0.8690,0.8690,0.8690,0,17
09/18/2001,0.8708,0.8708,0.8708,0.8708,0,17
09/19/2001,0.8678,0.8678,0.8678,0.8678,0,17
09/20/2001,0.8730,0.8779,0.8730,0.8779,1,16
09/21/2001,0.8724,0.8724,0.8724,0.8724,0,16
09/24/2001,0.8664,0.8664,0.8664,0.8664,0,16
09/25/2001,0.8660,0.8660,0.8660,0.8660,0,16
09/26/2001,0.8640,0.8640,0.8640,0.8640,0,16
09/27/2001,0.8509,0.8509,0.8509,0.8509,0,16
09/28/2001,0.8518,0.8518,0.8518,0.8518,0,16
10/01/2001,0.8464,0.8464,0.8464,0.8464,0,16
10/02/2001,0.8417,0.8417,0.8417,0.8417,0,16
10/03/2001,0.8417,0.8417,0.8417,0.8417,0,16
10/04/2001,0.8422,0.8422,0.8422,0.8422,0,16
10/05/2001,0.8443,0.8443,0.8443,0.8443,0,16
10/09/2001,0.8448,0.8448,0.8448,0.8448,0,16
10/10/2001,0.8440,0.8440,0.8440,0.8440,0,16
10/11/2001,0.8366,0.8366,0.8366,0.8366,0,16
10/12/2001,0.8369,0.8369,0.8369,0.8369,0,16
10/15/2001,0.8397,0.8397,0.8397,0.8397,0,16
10/16/2001,0.8370,0.8370,0.8370,0.8370,0,16
10/17/2001,0.8372,0.8372,0.8372,0.8372,3,19
10/18/2001,0.8376,0.8376,0.8376,0.8376,0,19
10/19/2001,0.8365,0.8376,0.8365,0.8376,5,23
10/22/2001,0.8284,0.8284,0.8284,0.8284,0,23
10/23/2001,0.8268,0.8268,0.8268,0.8268,0,23
10/24/2001,0.8256,0.8256,0.8256,0.8256,0,23
10/25/2001,0.8248,0.8248,0.8248,0.8248,0,23
10/26/2001,0.8230,0.8258,0.8230,0.8258,1,24
10/29/2001,0.8306,0.8306,0.8306,0.8306,0,24
10/30/2001,0.8304,0.8304,0.8303,0.8303,1,25
10/31/2001,0.8282,0.8282,0.8282,0.8282,0,25
11/01/2001,0.8305,0.8305,0.8305,0.8305,0,25
11/02/2001,0.8316,0.8316,0.8316,0.8316,0,25
11/05/2001,0.8315,0.8315,0.8315,0.8315,0,25
11/06/2001,0.8360,0.8360,0.8360,0.8360,0,25
11/07/2001,0.8369,0.8369,0.8369,0.8369,0,25
11/08/2001,0.8415,0.8426,0.8415,0.8426,3,27
11/09/2001,0.8418,0.8418,0.8418,0.8418,2,25
11/13/2001,0.8321,0.8321,0.8321,0.8321,0,25
11/14/2001,0.8301,0.8321,0.8301,0.8321,39,57
11/15/2001,0.8267,0.8267,0.8267,0.8267,16,72
11/16/2001,0.8238,0.8238,0.8238,0.8238,1,72
11/19/2001,0.8212,0.8212,0.8212,0.8212,1,72
11/20/2001,0.8249,0.8249,0.8249,0.8249,1,72
11/21/2001,0.8217,0.8217,0.8217,0.8217,1,72
11/23/2001,0.8138,0.8138,0.8138,0.8138,1,72
11/26/2001,0.8142,0.8154,0.8142,0.8154,3,72
11/27/2001,0.8161,0.8161,0.8161,0.8161,1,72
11/28/2001,0.8219,0.8219,0.8219,0.8219,1,72
11/29/2001,0.8163,0.8171,0.8163,0.8171,2,73
11/30/2001,0.8182,0.8182,0.8182,0.8182,1,73
12/03/2001,0.8145,0.8145,0.8145,0.8145,1,73
12/04/2001,0.8137,0.8137,0.8137,0.8137,1,73
12/05/2001,0.8134,0.8134,0.8134,0.8134,68,105
12/06/2001,0.8115,0.8115,0.8102,0.8102,484,587
12/07/2001,0.8045,0.8045,0.8045,0.8045,20,603
12/10/2001,0.8002,0.8003,0.8002,0.8003,28,624
12/11/2001,0.7995,0.7999,0.7995,0.7999,10,629
12/12/2001,0.8005,0.8005,0.7986,0.7997,20004,20383
12/13/2001,0.7997,0.7997,0.7997,0.7997,109,20383
12/14/2001,0.7920,0.7931,0.7919,0.7931,5,20382
12/17/2001,0.7898,0.7916,0.7898,0.7916,20,20393
12/18/2001,0.7898,0.7898,0.7898,0.7898,0,20394
12/19/2001,0.7879,0.7879,0.7879,0.7879,0,20394
12/20/2001,0.7849,0.7849,0.7849,0.7849,7,20401
12/21/2001,0.7780,0.7783,0.7780,0.7781,194,20488
12/24/2001,0.7773,0.7780,0.7760,0.7779,6,20493
12/26/2001,0.7710,0.7730,0.7705,0.7713,19,20517
12/27/2001,0.7663,0.7670,0.7655,0.7660,36,20618
12/28/2001,0.7700,0.7700,0.7682,0.7694,11,20621
12/31/2001,0.7666,0.7666,0.7666,0.7666,0,20621
01/02/2002,0.7632,0.7637,0.7625,0.7633,5,20625
01/03/2002,0.7653,0.7665,0.7651,0.7651,3,20616
01/04/2002,0.7709,0.7709,0.7698,0.7698,9,20619
01/07/2002,0.7710,0.7710,0.7693,0.7693,1,20619
01/08/2002,0.7594,0.7598,0.7594,0.7596,11,20629
01/09/2002,0.7612,0.7616,0.7594,0.7601,7,20632
01/10/2002,0.7610,0.7610,0.7590,0.7595,8,20634
01/11/2002,0.7630,0.7637,0.7621,0.7637,8,20637
01/14/2002,0.7634,0.7640,0.7634,0.7638,6,20640
01/15/2002,0.7685,0.7689,0.7672,0.7672,6,20640
01/16/2002,0.7667,0.7667,0.7624,0.7638,30,20668
01/17/2002,0.7619,0.7619,0.7605,0.7607,382,20767
01/18/2002,0.7592,0.7594,0.7590,0.7594,8,20769
01/22/2002,0.7501,0.7521,0.7500,0.7519,50,0
01/23/2002,0.7508,0.7508,0.7490,0.7500,18,20767
01/24/2002,0.7488,0.7488,0.7471,0.7471,315,20820
01/25/2002,0.7500,0.7505,0.7487,0.7497,16,20823
01/28/2002,0.7530,0.7560,0.7513,0.7549,72,20798
01/29/2002,0.7564,0.7564,0.7535,0.7548,54,20811
01/30/2002,0.7588,0.7588,0.7564,0.7582,15,20807
01/31/2002,0.7529,0.7529,0.7458,0.7471,58,20809
02/01/2002,0.7525,0.7564,0.7525,0.7561,136,20834
02/04/2002,0.7551,0.7619,0.7551,0.7611,21,20892
02/05/2002,0.7565,0.7567,0.7496,0.7522,63,20916
02/06/2002,0.7546,0.7549,0.7523,0.7537,162,20989
02/07/2002,0.7529,0.7540,0.7529,0.7540,244,20938
02/08/2002,0.7485,0.7494,0.7457,0.7475,127,20947
02/11/2002,0.7515,0.7543,0.7515,0.7541,82,20951
02/12/2002,0.7531,0.7596,0.7531,0.7589,715,21234
02/13/2002,0.7600,0.7600,0.7548,0.7552,432,21381
02/14/2002,0.7611,0.7625,0.7598,0.7618,44,21434
02/15/2002,0.7575,0.7587,0.7566,0.7584,12,21416
02/19/2002,0.7515,0.7543,0.7515,0.7528,278,21498
02/20/2002,0.7530,0.7530,0.7513,0.7525,141,21619
02/21/2002,0.7492,0.7501,0.7481,0.7491,83,21676
02/22/2002,0.7512,0.7533,0.7497,0.7497,131,21730
02/25/2002,0.7516,0.7521,0.7504,0.7507,61,21756
02/26/2002,0.7506,0.7506,0.7465,0.7469,358,21980
02/27/2002,0.7455,0.7490,0.7449,0.7490,495,22181
02/28/2002,0.7491,0.7534,0.7491,0.7523,891,22553
03/01/2002,0.7547,0.7553,0.7526,0.7544,328,22691
03/04/2002,0.7607,0.7627,0.7598,0.7603,2088,24171
03/05/2002,0.7620,0.7625,0.7592,0.7603,1729,25297
03/06/2002,0.7625,0.7688,0.7623,0.7684,3038,26513
03/07/2002,0.7799,0.7955,0.7785,0.7921,8321,32292
03/08/2002,0.7864,0.7864,0.7811,0.7816,28122,51350
03/11/2002,0.7807,0.7869,0.7807,0.7844,27137,56089
03/12/2002,0.7810,0.7819,0.7783,0.7812,21031,63129
03/13/2002,0.7762,0.7775,0.7756,0.7767,11910,67699
03/14/2002,0.7812,0.7838,0.7780,0.7783,16185,74807
03/15/2002,0.7793,0.7797,0.7773,0.7787,7100,75347
03/18/2002,0.7661,0.7667,0.7638,0.7650,10183,74864
03/19/2002,0.7647,0.7653,0.7583,0.7612,13613,70172
03/20/2002,0.7642,0.7653,0.7622,0.7641,5427,70323
03/21/2002,0.7602,0.7628,0.7595,0.7609,4902,70537
03/22/2002,0.7564,0.7576,0.7555,0.7562,6568,69986
03/25/2002,0.7540,0.7543,0.7525,0.7534,7488,72412
03/26/2002,0.7538,0.7594,0.7537,0.7559,5490,71357
03/27/2002,0.7576,0.7584,0.7562,0.7566,3772,70193
03/28/2002,0.7577,0.7593,0.7567,0.7567,5420,70188
04/01/2002,0.7505,0.7544,0.7501,0.7525,14816,76929
04/02/2002,0.7526,0.7545,0.7518,0.7525,5159,77188
04/03/2002,0.7570,0.7584,0.7560,0.7565,13140,71991
04/04/2002,0.7621,0.7626,0.7579,0.7592,9631,72003
04/05/2002,0.7601,0.7645,0.7599,0.7628,8124,68685
04/08/2002,0.7623,0.7655,0.7620,0.7638,5681,67442
04/09/2002,0.7628,0.7670,0.7616,0.7660,6563,68524
04/10/2002,0.7699,0.7701,0.7668,0.7679,5377,68095
04/11/2002,0.7620,0.7638,0.7618,0.7629,8266,68950
04/12/2002,0.7593,0.7604,0.7590,0.7596,4832,70280
04/15/2002,0.7624,0.7630,0.7588,0.7605,9913,72505
04/16/2002,0.7630,0.7667,0.7623,0.7650,9367,70344
04/17/2002,0.7684,0.7692,0.7662,0.7671,4496,70896
04/18/2002,0.7685,0.7743,0.7683,0.7723,25178,65419
04/19/2002,0.7690,0.7701,0.7675,0.7696,6980,66635
04/22/2002,0.7722,0.7737,0.7715,0.7718,5110,66041
04/23/2002,0.7708,0.7727,0.7698,0.7704,4636,66299
04/24/2002,0.7724,0.7747,0.7719,0.7740,6468,68258
04/25/2002,0.7802,0.7824,0.7792,0.7795,8299,70429
04/26/2002,0.7807,0.7844,0.7799,0.7841,7788,70763
04/29/2002,0.7833,0.7840,0.7815,0.7830,12736,79954
04/30/2002,0.7806,0.7823,0.7792,0.7802,5034,80930
05/01/2002,0.7814,0.7881,0.7807,0.7865,10918,81953
05/02/2002,0.7835,0.7847,0.7822,0.7833,4336,80533
05/03/2002,0.7874,0.7901,0.7870,0.7889,8061,81033
05/06/2002,0.7875,0.7878,0.7858,0.7872,2980,81240
05/07/2002,0.7814,0.7848,0.7809,0.7828,7323,81927
05/08/2002,0.7795,0.7806,0.7780,0.7782,6101,81622
05/09/2002,0.7789,0.7821,0.7788,0.7804,6056,80847
05/10/2002,0.7831,0.7854,0.7822,0.7853,4827,83310
05/13/2002,0.7841,0.7860,0.7839,0.7844,2833,83085
05/14/2002,0.7813,0.7814,0.7777,0.7792,14715,80821
05/15/2002,0.7803,0.7850,0.7803,0.7844,11302,81533
05/16/2002,0.7860,0.7863,0.7797,0.7816,7438,81179
05/17/2002,0.7932,0.7977,0.7927,0.7960,18914,89972
05/20/2002,0.7972,0.8000,0.7960,0.7991,7294,92142
05/21/2002,0.8028,0.8094,0.8020,0.8082,15330,92619
05/22/2002,0.8051,0.8072,0.8047,0.8062,5623,91773
05/23/2002,0.7999,0.8023,0.7985,0.8015,5780,91394
05/24/2002,0.8001,0.8034,0.7999,0.8032,2844,90729
05/28/2002,0.8036,0.8053,0.8019,0.8044,8435,91725
05/29/2002,0.8046,0.8064,0.8041,0.8053,3510,91200
05/30/2002,0.8104,0.8148,0.8102,0.8123,12026,93901
05/31/2002,0.8067,0.8086,0.8040,0.8054,7057,91990
06/03/2002,0.8054,0.8095,0.8050,0.8083,5485,91959
06/04/2002,0.8108,0.8113,0.8040,0.8073,10328,88646
06/05/2002,0.8048,0.8055,0.8020,0.8040,6423,88148
06/06/2002,0.8011,0.8065,0.7998,0.8051,24253,78840
06/07/2002,0.8038,0.8063,0.8022,0.8042,17588,67186
06/10/2002,0.8025,0.8045,0.8014,0.8023,21757,60903
06/11/2002,0.7975,0.7986,0.7952,0.7983,28506,48413
06/12/2002,0.7963,0.7972,0.7945,0.7960,6159,36365
06/13/2002,0.7962,0.8015,0.7962,0.7998,3866,33167
06/14/2002,0.8050,0.8069,0.8044,0.8060,8851,25026
06/17/2002,0.8047,0.8047,0.8037,0.8037,12630,29436
