800527,45.55,45.55,45.35,45.35,7,36
800528,44.75,44.75,44.55,44.55,5,40
800529,44.25,44.25,44.25,44.25,0,40
800530,44.65,44.65,44.65,44.65,0,40
800602,44.92,44.92,44.6,44.6,8,45
800603,44.9,45.2,44.87,45.1,12,53
800604,45.2,45.2,44.85,44.85,3,56
800605,45.5,45.6,45.5,45.6,50,104
800606,45.7,45.85,45.7,45.85,1,105
800609,46.15,46.25,46.15,46.25,2,106
800610,46.5,46.5,46.08,46.09,6,112
800611,45.8,45.8,45.8,45.8,0,112
800612,46.1,46.1,46.1,46.1,1,113
800613,46.3,46.3,46.28,46.3,30,116
800616,46.35,46.35,46.1,46.1,6,120
800617,46.2,46.2,46.2,46.2,0,120
800618,46.35,46.35,46.15,46.15,1,121
800619,46.3,46.3,46.15,46.15,1,122
800620,46.2,46.2,45.8,46.1,19,134
800623,46.3,46.3,46.15,46.15,2,135
800624,46.2,46.2,46.13,46.15,3,138
800625,45.7,45.7,45.7,45.7,1,139
800626,45.85,45.85,45.85,45.85,0,139
800627,45.85,45.85,45.85,45.85,1,138
800630,45.4,45.4,45.25,45.25,2,137
800701,45.3,45.35,45.3,45.35,1,136
800702,45.55,45.55,45.48,45.5,5,134
800703,45.5,45.5,45.5,45.5,0,134
800707,45.65,45.7,45.65,45.7,1,134
800708,45.7,45.7,45.4,45.41,6,140
800709,45.58,45.58,45.58,45.58,0,140
800710,45.9,45.9,45.88,45.9,1,141
800711,45.7,45.7,45.55,45.55,33,141
800714,45.6,45.6,45.57,45.57,1,141
800715,45.3,45.31,45.3,45.31,1,141
800716,45.51,45.51,45.51,45.51,0,141
800717,45.55,45.65,45.3,45.3,24,159
800718,45.3,45.3,45,45,45,137
800721,45.05,45.05,45.05,45.05,0,138
800722,45,45,44.75,44.75,2,138
800723,44.1,44.21,44.1,44.14,2,138
800724,44.4,44.45,44.35,44.35,2,137
800725,44.02,44.02,43.77,43.85,36,146
800728,43.7,43.7,43.45,43.5,23,164
800729,43.95,43.95,43.63,43.72,61,212
800730,43.8,44,43.7,43.82,4,196
800731,43.55,43.68,43.5,43.68,1,197
800801,43.7,43.75,43.59,43.73,80,262
800804,43.9,44.1,43.9,44.1,31,262
800805,43.9,44.04,43.9,44.04,4,262
800806,43.95,44.28,43.9,44.15,160,255
800807,44,44.2,44,44.15,3,207
800808,43.87,44,43.87,43.9,5,209
800811,44.1,44.35,44.1,44.27,62,223
800812,44.8,45,44.8,45,10,223
800813,44.6,44.7,44.55,44.7,14,213
800814,44.48,44.68,44.48,44.55,3,214
800815,44.4,44.4,44.2,44.2,8,214
800818,44.2,44.38,44.2,44.38,12,212
800819,44.7,44.8,44.7,44.8,5,213
800820,44.85,44.9,44.62,44.62,30,199
800821,44.52,44.65,44.52,44.57,8,201
800822,44.75,44.9,44.75,44.9,4,204
800825,44.85,45.07,44.85,44.95,104,276
800826,45.7,45.95,45.62,45.9,54,294
800827,45.82,46.05,45.78,45.9,120,348
800828,46.4,46.4,46.15,46.21,7,343
800829,46.2,46.21,46.1,46.1,19,350
800902,47,47,46.8,46.8,188,483
800903,46.5,46.64,46.4,46.4,31,489
800904,46.6,46.7,46.2,46.27,66,536
800905,46,46.4,46,46.1,11,537
800908,46.55,46.63,46.5,46.5,9,537
800909,46.68,46.68,46.45,46.53,15,547
800910,46.55,46.55,46.48,46.48,1,547
800911,46.8,47.35,46.8,47.15,87,630
800912,47.18,47.45,47.18,47.3,12,629
800915,47.45,47.53,47.35,47.36,22,638
800916,47.65,47.85,47.55,47.63,133,709
800917,47.72,47.77,47.56,47.59,114,746
800918,47.39,47.39,47.27,47.35,34,745
800919,47.55,47.82,47.55,47.76,60,757
800922,47.12,47.12,46.76,46.76,98,752
800923,46.13,46.27,45.76,46.12,184,754
800924,46.4,46.88,46.4,46.6,161,794
800925,46.98,47.15,46.69,46.77,253,772
800926,47.28,47.77,47.26,47.77,196,824
800929,47.39,47.78,47.36,47.55,120,824
800930,48.02,48.1,47.85,48.07,213,948
801001,48.64,48.71,48.45,48.6,115,944
801002,48.87,48.87,48.57,48.57,75,943
801003,48.82,49,48.78,48.99,76,927
801006,48.68,48.68,48.41,48.62,60,929
801007,48.28,48.45,48.18,48.32,142,930
801008,48.4,48.54,48.4,48.48,53,942
801009,48.33,48.46,48.26,48.45,23,941
801010,48.43,48.43,48.3,48.37,27,948
801013,48.7,48.85,48.54,48.78,300,846
801014,48.95,49.06,48.92,48.96,60,871
801015,48.71,48.84,48.63,48.77,121,827
801016,48.6,48.63,48.52,48.55,94,814
801017,48.62,48.92,48.62,48.92,49,813
801020,48.86,48.86,48.58,48.73,98,831
801021,48.67,48.82,48.65,48.8,28,839
801022,48.57,48.6,48.35,48.57,185,816
801023,48.3,48.33,48.04,48.09,338,814
801024,47.67,47.86,47.5,47.52,281,870
801027,47.59,47.8,47.39,47.47,423,1008
801028,47.81,47.96,47.75,47.84,439,1200
801029,48.25,48.84,48.25,48.79,348,1213
801030,48.65,48.65,48.24,48.4,125,1216
801031,48.12,48.39,48.12,48.33,144,1220
801103,48.23,48.62,48.23,48.58,108,1212
801105,48.23,48.55,48.22,48.52,490,1274
801106,48.52,48.52,47.9,47.97,195,1381
801107,47.97,48.08,47.63,48.02,414,1364
801110,48.06,49.02,48.02,48.94,841,1521
801111,48.43,48.77,48.13,48.6,697,1518
801112,47.75,48.15,47.65,47.86,331,1492
801113,48,48.13,47.8,47.82,444,1581
801114,47.8,47.95,47.77,47.92,188,1576
801117,47.96,48.03,47.75,47.85,400,1715
801118,47.87,48.15,47.81,47.87,524,1831
801119,47.93,47.98,47.77,47.94,494,1843
801120,47.76,47.76,47.5,47.57,1529,2483
801121,47.6,47.73,47.58,47.65,742,2568
801124,47.8,47.86,47.71,47.74,838,2831
801125,47.75,47.82,47.46,47.49,1595,3584
801126,47.3,47.3,46.98,47.03,3658,5090
801128,47.06,47.16,46.94,46.96,1595,5778
801201,46.8,46.92,46.78,46.86,2836,7575
801202,47.46,47.46,47.05,47.17,3155,8368
801203,47.53,47.81,47.48,47.7,5070,7198
801204,48.05,48.43,48.05,48.26,4415,5952
801205,48.1,48.56,48.1,48.4,2611,5579
801208,49.3,49.35,49.02,49.18,4044,4991
801209,48.81,49.64,48.73,49.62,5371,6031
801210,49.1,49.33,48.82,48.85,3859,5391
801211,48.8,49.15,48.78,48.97,3153,5834
801212,49.12,49.2,48.72,48.97,1596,5449
801215,49.36,49.37,48.93,49.16,1177,5468
801216,48.96,49.34,48.9,49.27,2596,5750
801217,49.07,49.22,49.05,49.08,1605,5677
801218,49.02,49.12,48.64,48.83,1542,5324
801219,49.05,49.55,49,49.21,2907,6228
801222,49.17,49.28,49.1,49.18,1206,6083
801223,49.07,49.23,49.02,49.14,1008,6507
801224,49.12,49.12,48.65,48.78,773,6533
801229,49.3,49.57,49.26,49.56,1430,6685
801230,50.56,50.56,50.1,50.33,1889,6901
801231,50.3,50.43,50.08,50.25,465,6898
810102,50.18,50.49,50.18,50.35,823,7175
810105,51.03,51.28,50.94,51.13,1928,7688
810106,50.9,51.02,50.78,50.84,1463,7974
810107,50.66,50.79,50.45,50.57,1611,7736
810108,50.59,50.72,50.26,50.32,2353,7083
810109,50.41,50.48,50,50.26,2048,6741
810112,50.14,50.15,49.82,49.96,1755,6759
810113,50,50.24,49.89,50.16,1892,7269
810114,50.15,50.31,50.14,50.22,875,7238
810115,50.3,50.58,50.29,50.3,1719,7614
810116,50.22,50.36,49.97,50.02,2180,7024
810119,50.48,50.53,50.28,50.34,1322,7224
810120,50.5,50.83,50.48,50.7,3933,7945
810121,51.08,51.11,50.8,50.87,2328,7770
810122,50.56,50.77,50.34,50.54,2967,7768
810123,50.35,50.44,50.01,50.03,2348,7420
810126,49.8,49.99,49.75,49.77,4335,7665
810127,50,50.22,49.94,50.04,4767,8568
810128,49.74,49.8,49.3,49.32,7218,7903
810129,49.46,49.55,49.32,49.45,5121,7826
810130,49.07,49.15,48.83,48.98,3803,7981
810202,49.85,49.87,49.59,49.72,2461,8356
810203,49.3,49.74,49.3,49.64,2906,7664
810204,49.76,49.89,49.56,49.58,1897,7573
810205,49.96,50.06,49.44,49.52,3594,7426
810206,49.66,49.69,49.43,49.62,2068,7340
810209,49.46,49.48,49.28,49.47,1928,7252
810210,49.39,49.46,49.26,49.45,1434,7244
810211,49.42,49.51,49.32,49.41,1044,7140
810212,49.2,49.24,48.97,49.07,2296,7592
810213,48.93,48.93,48.36,48.38,4983,8690
810217,48.98,48.98,48.55,48.93,4144,7287
810218,48.9,48.98,48.56,48.62,3491,7883
810219,48.89,48.93,48.5,48.83,3917,6522
810220,49,49.06,48.15,48.74,3986,6926
810223,48.26,48.3,48.05,48.17,4218,7739
810224,48.45,48.7,48.3,48.68,3739,6525
810225,48.32,48.51,48.27,48.34,1622,6494
810226,48.34,48.41,48.12,48.15,1424,6234
810227,47.78,47.97,47.64,47.83,2315,5938
810302,47.51,47.55,47.4,47.5,1771,5108
810303,47.85,48.25,47.85,48.19,2074,4126
810304,48.25,48.28,47.93,48.09,574,3869
810305,48.04,48.06,47.78,47.92,684,3625
810306,47.98,48,47.91,47.94,528,3331
810309,48.31,48.67,48.31,48.59,468,3104
810310,48.45,48.53,48.14,48.14,815,2585
810311,48.1,48.25,48.08,48.21,1943,1109
810312,48.24,48.26,48.11,48.25,587,682
810313,48.15,48.24,48.14,48.2,413,499
810316,48.3,48.44,48.3,48.34,63,448
