830610,42.4,42.4,42.3,42.3,2,3
830613,42.2,42.2,42.2,42.2,0,3
830614,42.25,42.25,42.25,42.25,0,3
830615,42.22,42.35,42.21,42.35,8,7
830616,42.8,42.8,42.8,42.8,0,7
830617,42.9,42.9,42.9,42.9,0,7
830620,42.8,42.8,42.79,42.8,5,8
830621,42.75,43.05,42.74,43.05,25,25
830622,43.25,43.29,43.06,43.06,12,31
830623,43.1,43.12,43.05,43.08,1,32
830624,43.17,43.17,43.11,43.11,5,37
830627,43.13,43.15,42.75,42.78,6,43
830628,42.9,42.93,42.71,42.71,7,50
830629,42.99,42.99,42.76,42.85,11,61
830630,42.85,42.85,42.85,42.85,0,61
830701,42.85,42.85,42.85,42.85,0,61
830705,42.7,42.7,42.7,42.7,0,61
830706,42.82,42.82,42.82,42.82,0,61
830707,42.65,42.65,42.65,42.65,0,61
830708,42.67,42.67,42.48,42.5,3,63
830711,42.46,42.46,42.46,42.46,0,63
830712,42.66,42.66,42.66,42.66,0,63
830713,42.86,42.88,42.73,42.73,3,66
830714,42.75,42.76,42.58,42.58,4,70
830715,42.49,42.49,42.49,42.49,0,68
830718,42.65,42.66,42.58,42.58,3,67
830719,42.52,42.52,42.52,42.52,6,70
830720,42.87,42.95,42.81,42.88,14,82
830721,42.84,42.84,42.73,42.73,1,80
830722,42.71,42.71,42.65,42.65,2,82
830725,42.5,42.57,42.49,42.57,30,82
830726,42.65,42.65,42.59,42.65,7,89
830727,42.65,42.65,42.5,42.5,12,101
830728,42.54,42.58,42.5,42.5,20,101
830729,42.35,42.4,42,42,35,102
830801,42.1,42.11,41.96,42,7,100
830802,42.15,42.24,42.09,42.16,9,102
830803,42.16,42.17,42.1,42.1,8,106
830804,42.12,42.13,42,42.02,4,106
830805,41.9,42.07,41.9,42.02,15,119
830808,41.98,42.06,41.98,41.98,12,130
830809,42.07,42.1,41.98,41.98,7,130
830810,41.82,41.84,41.68,41.68,14,132
830811,41.63,41.65,41.46,41.46,21,133
830812,41.42,41.55,41.4,41.5,238,348
830815,41.6,41.8,41.48,41.75,39,383
830816,41.87,42.18,41.87,41.88,67,442
830817,41.98,42.18,41.95,42.05,8,447
830818,42.05,42.13,41.97,41.97,25,455
830819,41.9,42.03,41.83,41.83,37,452
830822,42,42.09,42,42.02,11,455
830823,42.23,42.24,41.92,41.92,44,495
830824,41.96,42.06,41.96,41.97,20,497
830825,42,42,41.84,41.84,2,499
830826,41.75,41.75,41.35,41.35,60,518
830829,41.36,41.47,41.36,41.43,36,518
830830,41.38,41.45,41.38,41.39,30,519
830831,41.4,41.55,41.32,41.5,115,596
830901,41.47,41.5,41.25,41.25,49,610
830902,41.33,41.41,41.32,41.41,18,614
830906,41.55,41.55,41.42,41.42,38,643
830907,41.36,41.48,41.36,41.46,31,656
830908,41.6,41.64,41.55,41.56,24,667
830909,41.63,41.68,41.58,41.59,106,738
830912,41.84,41.9,41.66,41.67,123,815
830913,41.69,41.76,41.63,41.66,128,894
830914,41.64,41.66,41.44,41.48,339,929
830915,41.53,41.6,41.53,41.53,154,884
830916,41.7,41.83,41.7,41.78,55,928
830919,41.88,42.08,41.88,42.03,319,942
830920,41.97,42.03,41.76,41.79,164,1033
830921,41.91,41.95,41.78,41.79,112,1120
830922,41.87,42.07,41.81,42,94,1167
830923,42.22,42.53,42.22,42.47,148,1255
830926,42.53,42.7,42.52,42.65,314,1353
830927,42.53,42.7,42.5,42.67,842,1468
830928,42.95,42.95,42.77,42.82,119,1507
830929,42.82,42.91,42.75,42.8,197,1540
830930,42.93,43.09,42.93,43.02,168,1596
831003,43.44,43.46,43.24,43.27,288,1682
831004,43.2,43.53,43.2,43.5,340,1773
831005,43.63,43.65,43.41,43.61,277,1990
831006,43.49,43.7,43.49,43.52,117,2002
831007,43.82,43.96,43.78,43.94,123,2072
831010,43.7,43.8,43.47,43.8,308,2182
831011,43.69,43.72,43.52,43.54,297,2200
831012,43.24,43.41,43.2,43.21,458,2137
831013,43.5,43.53,43.42,43.46,241,2136
831014,43.31,43.66,43.3,43.58,196,2196
831017,43.68,43.7,43.48,43.68,286,2170
831018,43.7,43.73,43.52,43.53,162,2162
831019,43.45,43.59,43.34,43.4,118,2172
831020,43.53,43.71,43.48,43.67,99,2234
831021,43.6,43.63,43.51,43.52,344,2524
831024,43.34,43.48,43.31,43.45,163,2632
831025,43.62,43.65,43.5,43.5,102,2662
831026,43.46,43.66,43.45,43.62,508,3064
831027,43.52,43.6,43.47,43.5,291,2947
831028,43.52,43.66,43.3,43.34,217,2967
831031,43.29,43.33,43.08,43.08,354,2964
831101,43.12,43.27,43.1,43.21,572,2684
831102,43.16,43.25,43.15,43.15,441,2746
831103,43.34,43.35,43.18,43.2,259,2820
831104,42.94,43,42.72,42.73,805,2820
831107,42.73,42.81,42.68,42.77,521,2715
831108,42.95,42.95,42.83,42.84,441,2795
831109,42.94,43.13,42.94,43.09,610,3087
831110,43.09,43.23,43.06,43.2,1348,3803
831111,43.1,43.13,42.7,42.89,1263,4319
831114,43.2,43.25,43.1,43.15,2595,5078
831115,43.15,43.21,43.12,43.18,1654,5375
831116,43.17,43.17,42.9,42.91,1650,5677
831117,42.97,42.99,42.8,42.92,1663,6118
831118,42.9,42.93,42.81,42.9,1449,6372
831121,42.95,43.08,42.9,43.05,1484,6604
831122,43.05,43.15,43.02,43.08,1492,6785
831123,43.14,43.14,42.85,42.88,2100,7137
831128,43.05,43.13,42.93,42.96,1778,7303
831129,43,43.14,42.98,43.11,3810,9041
831130,43.3,43.57,43.28,43.47,13958,14832
831201,43.36,43.49,43.36,43.44,12095,19996
831202,43.41,43.41,43.21,43.27,12000,22254
831205,43.1,43.14,42.92,43,16403,22290
831206,43.09,43.21,43.07,43.2,9168,23835
831207,43.14,43.24,43.08,43.22,10782,27060
831208,43.19,43.24,43.07,43.08,10219,25221
831209,42.75,42.75,42.6,42.66,21560,23383
831212,42.74,42.75,42.6,42.62,14177,22299
831213,42.87,42.89,42.7,42.77,11621,21279
831214,42.77,43.04,42.74,42.97,12354,20044
831215,43.08,43.11,42.94,43.03,10119,20660
831216,42.85,42.94,42.79,42.88,7352,20867
831219,42.76,42.82,42.67,42.8,5230,21272
831220,42.95,43.1,42.93,42.94,6987,21243
831221,42.88,43,42.87,42.93,5546,21312
831222,43.08,43.2,43.03,43.19,8287,23451
831223,43.17,43.21,42.98,43.15,5161,23365
831227,43.15,43.18,43.06,43.15,4536,23003
831228,43.16,43.3,43.15,43.25,8976,25386
831229,43.41,43.54,43.37,43.53,12403,28779
831230,43.49,43.73,43.42,43.71,9111,31662
840103,43.46,43.59,43.07,43.15,24276,28637
840104,42.99,43.24,42.98,43.23,16069,29361
840105,43.21,43.32,43.13,43.25,14035,30625
840106,43.3,43.37,43.24,43.26,11092,30828
840109,43.2,43.23,43.02,43.07,15592,29363
840110,43.13,43.17,43.06,43.08,13959,29999
840111,43.05,43.09,42.84,42.87,19131,27833
840112,42.75,43,42.73,42.93,14971,27749
840113,42.87,43.21,42.87,43.06,15487,28428
840116,43.07,43.21,43.07,43.19,11094,28021
840117,43.04,43.07,42.91,43,14171,27523
840118,43,43.09,42.99,43.03,9989,28032
840119,43.14,43.16,43.08,43.08,5004,27631
840120,43.01,43.01,42.85,42.88,9935,27042
840123,43,43.02,42.96,42.96,5411,26359
840124,42.91,42.94,42.86,42.89,4415,26419
840125,42.92,42.96,42.9,42.95,4211,26275
840126,42.93,42.95,42.86,42.9,3922,26069
840127,42.93,42.93,42.86,42.9,2563,25884
840130,42.84,42.85,42.79,42.8,7082,25707
840131,42.81,42.83,42.77,42.8,4789,25676
840201,42.82,42.91,42.81,42.85,7513,25694
840202,43,43.02,42.95,43.01,8936,26035
840203,43.05,43.2,43.04,43.15,11318,27340
840206,43,43.11,43,43.04,6806,27424
840207,42.94,42.97,42.79,42.81,12009,26609
840208,42.98,42.98,42.83,42.9,7462,26434
840209,42.97,42.99,42.83,42.85,8066,26000
840210,42.79,42.82,42.71,42.81,8983,25579
840213,42.82,42.85,42.8,42.83,2630,25730
840214,42.76,42.97,42.73,42.94,9037,25924
840215,42.97,43.05,42.96,42.96,9031,26952
840216,43.12,43.17,43.03,43.07,10048,27142
840217,42.96,43.09,42.94,43.02,5525,26463
840221,42.82,42.9,42.78,42.88,6350,26057
840222,42.99,43.04,42.98,42.99,6137,26249
840223,42.99,42.99,42.84,42.93,7086,25687
840224,43.04,43.07,42.94,42.95,5618,25521
840227,42.94,42.96,42.88,42.9,4765,25397
840228,42.95,42.95,42.86,42.88,4950,24540
840229,42.89,42.98,42.88,42.92,4692,23515
840301,42.9,42.93,42.88,42.92,2070,23168
840302,42.99,44.17,42.97,43.98,16610,21954
840305,44.75,44.91,44.48,44.82,10630,19756
840306,44.66,44.97,44.51,44.95,5986,17374
840307,45.12,45.14,44.66,44.72,4479,15552
840308,44.6,45.05,44.48,45,4536,13530
840309,44.62,44.72,44.32,44.5,2323,12994
840312,44.32,44.63,44.3,44.57,931,12292
840313,44.8,44.88,44.72,44.85,1544,11454
840314,44.93,45.15,44.45,44.52,1960,10437
840315,44.55,44.7,44.43,44.61,1252,9916
840316,44.28,44.38,44.15,44.17,1821,8904
840319,44.06,44.19,44.06,44.16,708,8267
