830802,42.5,42.5,42.5,42.5,0,13
830803,42.48,42.48,42.48,42.48,0,13
830804,42.4,42.4,42.4,42.4,0,13
830805,42.4,42.4,42.4,42.4,0,13
830808,42.4,42.4,42.4,42.4,1,14
830809,42.4,42.4,42.4,42.4,1,15
830810,42.32,42.32,42.1,42.1,7,22
830811,42.1,42.1,41.9,41.9,2,24
830812,41.85,41.85,41.85,41.85,1,25
830815,41.9,42.15,41.8,42.15,4,27
830816,42.55,42.55,42.3,42.3,5,30
830817,42.4,42.4,42.4,42.4,0,30
830818,42.48,42.57,42.42,42.42,2,32
830819,42.4,42.4,42.25,42.25,2,34
830822,42.25,42.25,42.25,42.25,0,35
830823,42.6,42.6,42.22,42.22,1,36
830824,42.25,42.25,42.25,42.25,0,34
830825,42.21,42.21,42.21,42.21,0,34
830826,42.2,42.2,41.75,41.75,2,36
830829,41.75,41.75,41.75,41.75,2,38
830830,41.75,41.75,41.75,41.75,0,36
830831,41.75,41.75,41.75,41.75,0,36
830901,41.8,41.8,41.8,41.8,1,36
830902,41.8,41.8,41.8,41.8,0,36
830906,41.8,41.8,41.8,41.8,0,36
830907,41.85,41.85,41.85,41.85,0,36
830908,41.95,41.95,41.95,41.95,0,36
830909,41.95,41.95,41.95,41.95,0,36
830912,42.25,42.25,42.05,42.05,3,39
830913,42.1,42.12,42.05,42.05,5,43
830914,42,42,41.9,41.9,23,66
830915,41.99,41.99,41.93,41.93,1,67
830916,42.15,42.15,42.15,42.15,0,67
830919,42.35,42.35,42.35,42.35,0,67
830920,42.31,42.45,42.08,42.11,18,80
830921,42.25,42.25,42.13,42.14,7,83
830922,42.31,42.31,42.31,42.31,0,83
830923,42.6,42.8,42.6,42.8,3,84
830926,42.87,43.03,42.87,42.97,23,92
830927,42.88,42.98,42.88,42.98,23,92
830928,43.25,43.27,43.13,43.14,4,93
830929,43.14,43.18,43.12,43.12,12,100
830930,43.35,43.35,43.34,43.35,9,97
831003,43.78,43.8,43.6,43.6,17,104
831004,43.59,43.88,43.59,43.83,41,106
831005,43.98,43.98,43.75,43.95,35,110
831006,43.92,44.1,43.86,43.86,22,125
831007,44.2,44.35,44.15,44.27,18,130
831010,44,44.2,43.8,44.1,6,132
831011,44,44,43.82,43.82,39,149
831012,43.59,43.68,43.49,43.5,16,150
831013,43.81,43.88,43.76,43.76,18,156
831014,43.68,44,43.68,43.87,42,174
831017,43.94,44,43.89,44,7,177
831018,44.13,44.13,43.83,43.85,26,200
831019,43.75,43.88,43.71,43.71,7,200
831020,43.88,44.05,43.88,44.01,36,204
831021,43.93,43.95,43.85,43.85,9,212
831024,43.69,43.77,43.69,43.77,28,215
831025,44.04,44.04,43.82,43.82,7,201
831026,43.84,43.95,43.8,43.95,13,196
831027,43.86,43.9,43.86,43.87,6,199
831028,43.9,43.96,43.68,43.68,11,202
831031,43.58,43.58,43.41,43.41,3,204
831101,43.45,43.57,43.45,43.53,10,209
831102,43.54,43.55,43.5,43.5,3,211
831103,43.61,43.7,43.53,43.53,8,208
831104,43.38,43.38,43.08,43.08,7,209
831107,43.11,43.17,43.03,43.17,8,206
831108,43.29,43.34,43.23,43.24,16,210
831109,43.38,43.47,43.37,43.47,3,208
831110,43.49,43.62,43.49,43.6,18,219
831111,43.5,43.5,43.2,43.29,61,234
831114,43.6,43.6,43.5,43.52,8,237
831115,43.58,43.58,43.56,43.56,38,268
831116,43.54,43.55,43.3,43.3,28,281
831117,43.3,43.3,43.22,43.3,13,288
831118,43.3,43.3,43.23,43.26,6,291
831121,43.33,43.43,43.32,43.38,2,293
831122,43.44,43.48,43.44,43.45,1,294
831123,43.47,43.5,43.24,43.25,15,304
831128,43.49,43.5,43.32,43.32,71,309
831129,43.41,43.46,43.39,43.45,6,314
831130,43.7,43.92,43.66,43.84,33,342
831201,43.77,43.85,43.77,43.8,60,388
831202,43.78,43.78,43.6,43.61,49,421
831205,43.52,43.52,43.36,43.37,29,439
831206,43.48,43.6,43.48,43.58,71,458
831207,43.5,43.63,43.48,43.61,67,489
831208,43.63,43.63,43.47,43.47,53,536
831209,43.1,43.17,43.03,43.04,151,574
831212,43.1,43.11,42.98,43,97,606
831213,43.25,43.25,43.12,43.16,69,609
831214,43.16,43.44,43.16,43.37,39,622
831215,43.55,43.55,43.37,43.44,58,653
831216,43.26,43.3,43.25,43.29,131,732
831219,43.15,43.24,43.11,43.23,33,750
831220,43.37,43.47,43.3,43.35,52,784
831221,43.26,43.38,43.26,43.35,38,778
831222,43.49,43.63,43.49,43.59,58,795
831223,43.55,43.56,43.4,43.54,19,810
831227,43.54,43.59,43.46,43.52,66,859
831228,43.57,43.7,43.54,43.62,38,885
831229,43.8,43.95,43.8,43.94,331,1043
831230,43.9,44.14,43.82,44.12,288,1262
840103,43.89,43.99,43.48,43.53,621,1219
840104,43.42,43.67,43.42,43.64,240,1087
840105,43.59,43.73,43.58,43.64,151,1152
840106,43.72,43.77,43.65,43.65,235,1285
840109,43.62,43.64,43.43,43.46,148,1319
840110,43.52,43.59,43.47,43.48,155,1366
840111,43.47,43.5,43.26,43.27,263,1446
840112,43.16,43.42,43.14,43.34,104,1473
840113,43.4,43.62,43.4,43.45,156,1571
840116,43.5,43.6,43.47,43.58,120,1573
840117,43.42,43.45,43.31,43.39,434,1830
840118,43.42,43.49,43.4,43.42,791,2359
840119,43.5,43.55,43.46,43.47,227,2289
840120,43.36,43.38,43.26,43.28,575,2698
840123,43.43,43.43,43.35,43.37,324,2801
840124,43.33,43.33,43.26,43.28,83,2829
840125,43.31,43.36,43.3,43.35,362,2888
840126,43.33,43.33,43.26,43.3,381,2748
840127,43.3,43.3,43.25,43.28,289,2906
840130,43.23,43.23,43.16,43.17,1512,2676
840131,43.16,43.2,43.15,43.18,207,2643
840201,43.22,43.29,43.2,43.24,302,2741
840202,43.39,43.4,43.33,43.39,392,2816
840203,43.43,43.57,43.42,43.53,885,3086
840206,43.41,43.49,43.39,43.43,291,3167
840207,43.35,43.35,43.17,43.19,524,3273
840208,43.34,43.36,43.22,43.29,238,3321
840209,43.37,43.39,43.23,43.24,452,3374
840210,43.19,43.22,43.1,43.21,801,3539
840213,43.23,43.25,43.18,43.23,652,3908
840214,43.15,43.37,43.12,43.34,656,3926
840215,43.39,43.45,43.35,43.36,2607,5201
840216,43.56,43.56,43.42,43.47,2193,6494
840217,43.36,43.48,43.35,43.43,816,6917
840221,43.2,43.31,43.18,43.28,1421,7349
840222,43.38,43.44,43.37,43.4,1308,7446
840223,43.39,43.4,43.26,43.34,1500,7727
840224,43.46,43.48,43.35,43.36,1938,8251
840227,43.35,43.36,43.28,43.29,1905,8925
840228,43.35,43.37,43.27,43.28,1989,9498
840229,43.3,43.38,43.29,43.32,1487,9691
840301,43.31,43.35,43.31,43.34,1077,9905
840302,43.4,44.34,43.4,44.34,24141,20384
840305,45.23,45.34,44.93,45.27,23849,25835
840306,45.16,45.42,44.98,45.41,23228,31466
840307,45.58,45.6,45.13,45.19,23969,30990
840308,45.11,45.55,44.94,45.48,26867,37519
840309,45.15,45.22,44.7,44.98,21916,36978
840312,44.82,45.12,44.78,45.07,18844,39638
840313,45.3,45.37,45.19,45.31,15595,38544
840314,45.4,45.65,44.88,44.98,27721,36932
840315,45.05,45.18,44.91,45.08,14576,36937
840316,44.67,44.87,44.55,44.63,14551,35126
840319,44.53,44.88,44.51,44.57,15122,35267
840320,44.72,44.86,44.65,44.68,11143,35338
840321,44.6,44.7,44.53,44.65,9772,36480
840322,44.64,44.68,44.53,44.55,8839,34834
840323,44.82,44.92,44.71,44.8,11334,36658
840326,44.98,45.01,44.89,44.93,10730,39150
840327,45.13,45.27,44.87,44.94,16814,38321
840328,44.86,45.08,44.74,45.07,14994,40361
840329,45.1,45.22,44.98,45.01,11326,39398
840330,44.98,45.11,44.88,44.98,7395,40196
840402,44.99,45.04,44.85,44.87,7666,39076
840403,44.85,44.98,44.75,44.8,8532,38022
840404,44.78,44.89,44.76,44.86,7671,38433
840405,44.93,44.95,44.7,44.72,9440,37538
840406,44.75,44.84,44.71,44.75,5374,37055
840409,44.83,44.86,44.72,44.76,5661,36476
840410,44.76,44.84,44.74,44.82,6234,36837
840411,45.26,45.43,45.21,45.25,21668,41461
840412,45.2,45.24,44.87,44.93,18293,42388
840413,44.9,44.94,44.78,44.82,13022,40092
840416,44.72,44.76,44.68,44.71,10942,38943
840417,44.85,44.89,44.77,44.88,8213,38375
840418,44.82,44.88,44.76,44.86,7236,38984
840419,44.85,44.93,44.72,44.73,7806,38096
840423,44.75,44.88,44.75,44.81,5712,38224
840424,44.7,44.74,44.55,44.59,16233,34130
840425,44.7,44.7,44.59,44.63,9013,32814
840426,44.55,44.63,44.45,44.59,14091,31077
840427,44.5,44.53,44.35,44.36,12135,29650
840430,44.41,44.43,44.29,44.4,9559,27588
840501,44.26,44.4,44.24,44.33,9115,27240
840502,44.33,44.39,44.28,44.35,4434,26693
840503,44.36,44.49,44.32,44.42,5868,27529
840504,44.43,44.45,44.28,44.3,8117,26040
840507,44.05,44.07,43.9,43.94,12025,24296
840508,43.95,43.99,43.85,43.91,7589,23674
840509,43.83,44.03,43.72,43.77,9937,23789
840510,43.67,43.92,43.63,43.79,8240,23162
840511,43.7,43.72,43.51,43.54,8015,22549
840514,43.53,43.58,43.34,43.43,9715,22236
840515,43.37,43.44,43.27,43.42,9109,22579
840516,43.38,43.57,43.36,43.56,9307,22628
840517,43.18,43.28,43.15,43.19,8351,22267
840518,42.97,43.1,42.95,43.04,5925,22230
840521,43.06,43.09,42.9,42.93,8950,22861
840522,43.04,43.08,42.93,43.01,7620,22458
840523,43.09,43.74,43.07,43.29,30581,21295
840524,43.2,43.65,43.09,43.43,14987,21024
840525,43.33,43.51,43.2,43.22,7610,20737
840529,43.16,43.29,43.15,43.18,5639,20120
840530,43.34,43.45,43.27,43.35,5908,20310
840531,43.27,43.34,43.22,43.28,3258,20540
840601,43.52,43.61,43.4,43.54,11037,20025
840604,43.72,43.73,43.56,43.64,5860,18523
840605,43.6,43.6,43.39,43.45,4501,16381
840606,43.4,43.47,43.31,43.38,2564,15150
840607,43.34,43.34,43.16,43.23,1915,14074
840608,43.23,43.26,43.18,43.23,1882,13660
840611,43.27,43.33,43.13,43.16,3064,11783
840612,43.07,43.11,42.95,43,2632,10521
840613,43.06,43.14,43,43.07,3642,8667
840614,43.23,43.33,43.08,43.1,1466,8036
840615,42.98,43,42.86,42.88,3592,6529
840618,42.89,42.89,42.84,42.85,989,5983
