841126,41.9,41.9,41.8,41.8,0,0
841127,41.86,41.86,41.86,41.86,3,3
841128,41.86,41.86,41.86,41.86,0,3
841129,41.78,41.78,41.78,41.78,0,3
841130,41.5,41.5,41.5,41.5,0,3
841203,41.5,41.5,41.5,41.5,0,3
841204,41.7,41.7,41.7,41.7,0,3
841205,41.6,41.6,41.6,41.6,0,3
841206,41.7,41.7,41.7,41.7,0,3
841207,41.5,41.5,41.5,41.5,0,3
841210,41.55,41.55,41.55,41.55,0,3
841211,41.6,41.6,41.6,41.6,0,3
841212,41.52,41.52,41.52,41.52,0,3
841213,41.44,41.44,41.44,41.44,0,3
841214,41.41,41.41,41.41,41.41,0,3
841217,41.5,41.5,41.45,41.45,0,3
841218,41.59,41.59,41.59,41.59,1,4
841219,41.36,41.36,41.36,41.36,0,4
841220,41.36,41.36,41.31,41.31,0,4
841221,41.31,41.38,41.3,41.3,20,24
841224,41.17,41.19,41.17,41.17,1,23
841226,41.1,41.15,40.98,40.98,11,28
841227,40.95,41,40.87,40.93,9,23
841228,40.87,40.87,40.87,40.87,6,26
841231,40.6,40.6,40.6,40.6,0,24
850102,40.6,40.6,40.6,40.6,0,24
850103,40.6,40.6,40.6,40.6,0,24
850104,40.34,40.34,40.34,40.34,0,24
850107,40.14,40.14,39.9,40.13,23,37
850108,40.24,40.24,40.12,40.12,9,45
850109,40.01,40.05,39.97,40,19,49
850110,40.07,40.21,40.07,40.21,6,43
850111,40.19,40.2,40.09,40.09,9,39
850114,40.03,40.03,39.98,39.98,3,38
850115,39.98,39.98,39.98,39.98,0,33
850116,40.04,40.04,39.97,39.97,16,41
850117,40.03,40.03,40.03,40.03,0,41
850118,40.02,40.15,40.02,40.1,15,45
850121,40.09,40.2,40.09,40.18,13,39
850122,40.08,40.09,40.05,40.05,12,41
850123,39.99,40,39.97,40,2,39
850124,40,40.1,40,40.05,20,40
850125,40.1,40.1,40,40,6,44
850128,39.99,40.02,39.99,40.02,7,46
850129,40.03,40.05,39.93,39.93,2,53
850130,39.95,39.96,39.91,39.96,18,58
850131,39.88,39.89,39.84,39.84,35,75
850201,39.71,39.73,39.59,39.59,33,70
850204,39.3,39.36,39.25,39.25,49,76
850205,39.3,39.32,39.15,39.22,29,69
850206,39.22,39.24,39.15,39.15,29,70
850207,39.14,39.14,39.04,39.04,8,74
850208,39.1,39.15,39.1,39.15,7,56
850211,39.05,39.05,38.89,39,7,59
850212,38.7,38.7,38.7,38.7,0,59
850213,38.76,38.83,38.76,38.83,37,63
850214,39.05,39.15,39.02,39.1,9,63
850215,39.64,39.73,39.54,39.73,21,78
850219,38.95,39.14,38.85,39.05,7,81
850220,39.09,39.09,38.96,39,19,81
850221,38.9,39,38.9,39,8,79
850222,38.7,38.85,38.7,38.74,23,82
850225,38.71,38.8,38.71,38.8,41,102
850226,38.87,39.14,38.87,39.14,15,109
850227,39.4,39.4,39.15,39.4,32,127
850228,39.35,39.35,39.26,39.26,18,128
850301,39.08,39.31,39.05,39.21,28,143
850304,39.21,39.29,39.2,39.29,18,152
850305,39.1,39.17,39.1,39.12,39,158
850306,39.02,39.13,39,39.13,23,166
850307,39.05,39.07,39,39,20,169
850308,38.95,39.08,38.95,39.04,66,232
850311,39.2,39.34,39.18,39.31,113,263
850312,39.08,39.13,38.76,39.1,171,336
850313,39.2,39.22,39.12,39.13,111,357
850314,39.04,39.13,39.03,39.13,50,409
850315,39.04,39.14,39.03,39.03,130,511
850318,39.13,39.3,39.13,39.2,54,529
850319,39.45,40.09,39.39,40.08,257,635
850320,39.7,39.85,39.47,39.54,111,673
850321,39.85,40.1,39.85,40.02,158,731
850322,39.92,39.92,39.72,39.79,59,742
850325,39.67,39.71,39.54,39.56,108,754
850326,39.62,39.79,39.62,39.72,89,807
850327,40.2,40.34,40.05,40.08,201,855
850328,40.2,40.22,39.98,40.08,111,885
850329,40.4,40.5,40.3,40.48,121,923
850401,40.05,40.28,39.99,40.2,86,967
850402,39.92,40.05,39.87,40,281,1111
850403,40.04,40.1,39.96,39.98,143,1180
850404,39.87,39.96,39.79,39.9,80,1190
850408,39.54,39.75,39.52,39.75,124,1200
850409,39.74,39.81,39.65,39.69,94,1231
850410,39.75,39.86,39.75,39.83,68,1247
850411,40,40.37,40,40.35,212,1200
850412,40.3,40.32,40.15,40.26,66,1229
850415,40.4,40.52,40.35,40.43,257,1208
850416,40.61,40.61,40.44,40.52,375,1216
850417,40.45,40.54,40.35,40.41,161,1204
850418,40.39,40.88,40.39,40.78,172,1225
850419,40.74,40.88,40.72,40.75,150,1218
850422,40.63,40.68,40.5,40.53,123,1217
850423,40.53,40.71,40.11,40.25,214,1247
850424,40.17,40.34,40.1,40.22,212,1169
850425,40.13,40.13,39.98,40.01,266,1224
850426,39.95,40.01,39.85,39.86,96,1297
850429,40.02,40.06,39.88,40.04,116,1320
850430,40.18,40.28,39.96,39.97,117,1371
850501,39.91,40.04,39.88,39.99,66,1403
850502,39.88,39.95,39.82,39.89,41,1392
850503,39.78,39.88,39.55,39.55,153,1369
850506,39.55,39.61,39.46,39.52,252,1374
850507,39.84,39.87,39.79,39.83,246,1443
850508,39.82,39.88,39.77,39.81,198,1412
850509,40.09,40.11,40.01,40.04,203,1481
850510,39.95,39.98,39.86,39.92,118,1496
850513,40.11,40.13,40.04,40.12,243,1571
850514,40.42,40.49,40.15,40.27,773,2122
850515,40.19,40.25,40.09,40.23,561,2244
850516,39.9,40.07,39.9,40.01,237,2259
850517,40.1,40.22,40.1,40.17,317,2349
850520,40.35,40.37,40.13,40.2,914,2707
850521,40.28,40.33,40.09,40.22,336,2839
850522,40.2,40.2,40.04,40.11,573,2963
850523,39.96,40.05,39.96,40.03,1554,3502
850524,40.08,40.11,40.02,40.08,362,3634
850528,39.97,40,39.93,39.96,866,4072
850529,39.89,39.97,39.83,39.95,1853,4979
850530,40,40,39.89,39.93,1232,5499
850531,39.85,40.1,39.85,40.1,1256,5789
850603,40.22,40.52,40.17,40.47,13280,14412
850604,40.25,40.42,40.25,40.28,7702,17502
850605,40.29,40.33,40.23,40.31,5419,19713
850606,40.5,40.56,40.27,40.35,9538,21709
850607,40.36,40.36,40.18,40.2,5108,21194
850610,40.14,40.2,40.06,40.19,5860,21072
850611,40.19,40.25,40.13,40.14,6030,21667
850612,40.22,40.24,40.17,40.17,5544,21795
850613,40.12,40.29,40.02,40.25,8425,21046
850614,40.32,40.42,40.29,40.33,6648,22012
850617,40.33,40.37,40.31,40.34,2985,22877
850618,40.48,40.75,40.47,40.71,14005,29709
850619,40.62,40.65,40.45,40.48,8810,27432
850620,40.51,40.53,40.32,40.42,6520,25960
850621,40.34,40.5,40.32,40.46,2614,26279
850624,40.32,40.4,40.3,40.34,3998,26272
850625,40.31,40.37,40.2,40.34,6077,25322
850626,40.3,40.41,40.3,40.34,4115,25045
850627,40.34,40.36,40.25,40.26,7820,22052
850628,40.24,40.41,40.24,40.39,4706,21530
850701,40.45,40.52,40.42,40.42,5067,21888
850702,40.37,40.42,40.33,40.4,3204,21613
850703,40.44,40.47,40.42,40.46,1605,21864
850705,40.46,40.67,40.44,40.62,8836,26064
850708,40.68,40.82,40.6,40.77,10392,28864
850709,40.9,41.25,40.88,41.04,14050,31527
850710,41.2,41.36,41.16,41.24,11428,32003
850711,41.17,41.35,41.13,41.26,10636,33100
850712,41.55,41.73,41.46,41.71,12970,33663
850715,42.06,42.3,41.92,42.24,16463,35256
850716,42.14,42.26,42.1,42.15,10815,35101
850717,42.49,42.68,42.03,42.22,21065,34357
850718,42.42,42.58,41.92,42,16633,30125
850719,42.04,42.23,41.96,42.04,6980,30350
850722,41.82,41.9,41.7,41.87,7720,30661
850723,42.12,42.26,41.9,42.02,10219,29813
850724,41.9,41.98,41.78,41.94,8086,29639
850725,41.87,42.03,41.78,41.86,8404,29136
850726,41.84,42.14,41.82,42.11,7240,31333
850729,42.22,42.32,42.09,42.12,9285,32184
850730,42.2,42.39,42.15,42.21,14990,34453
850731,42.4,42.48,42.28,42.46,10142,35854
850801,42.43,42.44,41.59,42.04,19793,28405
850802,42.19,42.28,42.11,42.27,4424,28340
850805,42.21,42.3,42.11,42.22,6600,27856
850806,42.01,42.05,41.94,41.98,8420,26810
850807,41.93,42.21,41.91,41.96,8312,27734
850808,42.03,42.09,41.96,42,5746,28968
850809,42,42.18,41.96,42.16,6047,30364
850812,42.18,42.33,42.15,42.3,7661,32018
850813,42.23,42.32,42.15,42.27,9949,30684
850814,42.1,42.18,42.02,42.11,8043,29527
850815,42.3,42.39,42.19,42.28,9898,30997
850816,42.25,42.36,42.25,42.28,6337,30784
850819,42.31,42.33,42.25,42.3,5696,31476
850820,42.15,42.22,42.09,42.21,6338,30335
850821,42.17,42.33,42.16,42.32,8310,33583
850822,42.38,42.56,42.23,42.32,16768,34448
850823,42.35,42.4,42.3,42.33,4780,34978
850826,42.37,42.38,42.23,42.26,4534,33175
850827,42.23,42.25,42.16,42.25,6786,31436
850828,42.27,42.29,42.21,42.26,3145,30740
850829,42.21,42.23,42.16,42.22,3291,30003
850830,42.2,42.22,41.81,41.84,13006,28216
850903,41.82,41.88,41.7,41.73,18757,20967
850904,41.72,41.9,41.68,41.76,4362,18213
850905,41.76,41.77,41.49,41.5,5218,15229
850906,41.23,41.44,40.9,41.34,4748,13963
850909,41.03,41.22,41.01,41.04,2512,13076
850910,41.18,41.25,41.14,41.16,2144,11815
850911,41.18,41.19,41.02,41.04,1412,11055
850912,41.02,41.15,41.01,41.11,3301,9712
850913,41.31,41.4,41.21,41.32,2078,8360
850916,41.33,41.38,41.28,41.34,1022,7712
