800529,74,74,74,74,1,1
800530,74.5,74.5,74.5,74.5,0,1
800602,73.6,73.6,73.35,73.35,12,13
800603,72.9,72.9,72.85,72.85,0,13
800604,73.5,73.5,73,73,5,17
800605,73,73,73,73,0,17
800606,73.8,73.8,73.8,73.8,0,17
800609,75,75,75,75,1,17
800610,75.15,75.45,75,75.45,7,22
800611,75.3,75.3,75.3,75.3,0,22
800612,75.3,75.3,75.3,75.3,0,22
800613,76.5,76.5,76.5,76.5,0,22
800616,76.4,76.6,76.4,76.4,0,22
800617,77,77.5,77,77.5,0,23
800618,77.05,77.8,77.05,77.3,12,29
800619,77.45,77.45,77,77,3,26
800620,77,77,76.7,76.9,1,27
800623,78,78.4,78,78.4,11,38
800624,78.6,78.75,78.5,78.5,10,48
800625,78.5,78.5,78.3,78.5,8,56
800626,78.5,78.5,78.5,78.5,0,55
800627,78.25,78.25,78.25,78.25,0,55
800630,77.25,77.25,77,77.05,3,57
800701,77.4,77.9,77,77.9,7,57
800702,78.9,79.4,78.9,79.4,11,64
800703,79,79.5,78.9,79,15,65
800707,79,79,78.15,78.4,9,63
800708,78.5,78.5,77,77.45,5,62
800709,77.4,78,77.2,78,2,62
800710,77.5,77.5,77.5,77.5,0,62
800711,77.5,77.75,77.4,77.4,20,79
800714,77.75,78.25,75.9,75.9,44,88
800715,75.5,76.7,75.2,76.5,36,117
800716,77,77.7,77,77.7,18,126
800717,78,78.4,77.7,78.4,47,132
800718,78.6,79.45,78.05,79.45,55,159
800721,79.2,80,79.15,79.7,38,167
800722,79.8,79.8,79.5,79.5,15,175
800723,80,80.7,80,80.6,46,163
800724,80.6,80.7,80.4,80.65,23,176
800725,81,81.9,81,81.4,39,198
800728,81.15,81.8,80.9,81.8,46,182
800729,80.3,80.3,80.3,80.3,8,183
800730,80,80,79.2,79.2,44,179
800731,79.5,79.5,78.8,78.8,7,179
800801,78.7,79.25,78.7,78.8,12,182
800804,79,79.45,79,79.45,7,180
800805,79.5,79.85,79.3,79.3,13,183
800806,78.25,78.75,78.25,78.75,9,185
800807,79.5,79.5,78.4,78.4,8,190
800808,79.4,79.9,79.4,79.9,22,199
800811,80.25,80.75,79.6,79.6,12,208
800812,79.25,79.27,78.6,78.95,9,203
800813,79.2,79.25,78.72,79.25,8,200
800814,78.5,79.4,78.5,79.4,24,211
800815,79.35,79.35,79,79.25,4,210
800818,78.9,78.95,78.8,78.8,4,208
800819,78.35,78.5,78,78.5,13,216
800820,78.5,78.6,78.4,78.6,6,215
800821,78.4,78.4,78.35,78.35,6,207
800822,78.3,78.3,78.3,78.3,0,207
800825,78.1,78.1,77.6,77.6,5,212
800826,78,78.2,77.82,78.2,24,213
800827,77.65,78.2,77.65,77.7,11,220
800828,78,78.05,77.67,78,7,214
800829,78.2,79,78.2,78.8,30,213
800902,78.8,80,78.8,79.95,30,214
800903,79.75,80.2,79.7,80.1,27,224
800904,80.25,80.55,80,80.2,23,234
800905,80,80.2,79.9,80.2,36,269
800908,80.25,81,80.25,80.85,29,286
800909,80.75,80.75,79.8,79.8,41,271
800910,79.9,79.9,79.5,79.5,26,275
800911,79.5,79.5,79.5,79.5,0,275
800912,79,79.32,79,79.3,30,299
800915,79.3,80.7,79.15,80.65,51,324
800916,80.75,81.4,80.5,81.15,84,290
800917,81.25,81.5,81.15,81.15,29,297
800918,81.2,81.5,81.17,81.25,51,308
800919,81,81.3,81,81.1,35,316
800922,81.1,81.1,80.7,80.75,44,332
800923,80.5,80.5,80.15,80.3,54,350
800924,80.05,81,80,80.7,34,379
800925,80.7,81.25,80.7,81.25,22,386
800926,81,81.27,80.6,80.6,21,388
800929,80.4,80.4,79.7,79.8,30,401
800930,80,80.35,79.95,80,37,417
801001,80.4,80.4,80.05,80.15,104,509
801002,80.1,80.1,79.5,79.6,72,510
801003,79.8,79.95,79.35,79.95,10,501
801006,80.75,81.45,80.75,81.45,73,495
801007,81.75,82,81.55,81.75,32,499
801008,81.6,82.6,81.25,82.55,75,537
801009,82.5,83.4,82.5,83.37,103,595
801010,83.4,83.4,82.85,83.22,46,600
801013,83.55,84.05,83.35,83.4,86,646
801014,83.4,83.5,82.9,83,124,684
801015,83,83,82.5,82.8,45,683
801016,82.5,83.1,82.3,83.1,50,714
801017,82.9,83.4,82.7,83.4,20,707
801020,82.95,83.5,82.75,83,98,729
801021,83.9,83.9,82.75,83.07,139,729
801022,83.25,83.65,83,83.25,52,744
801023,82.8,82.9,82.4,82.55,40,750
801024,82.45,82.55,82.02,82.5,75,766
801027,82,82,81.15,81.37,130,785
801028,81.45,81.5,81,81.07,98,782
801029,80.95,81.2,80.7,80.77,93,820
801030,80.9,81.1,80.3,80.4,65,845
801031,80.45,80.7,79.85,79.97,114,840
801103,80.1,80.6,79.25,80.4,186,885
801105,80.1,80.15,79.2,79.6,148,921
801106,79.6,80.1,79.4,80.05,93,953
801107,79.6,79.95,79.25,79.95,136,1019
801110,79.2,79.25,78.75,78.8,149,1064
801111,78.9,79.4,78.8,79.05,125,1099
801112,79.1,79.85,79.1,79.85,74,1114
801113,79.5,79.55,79.15,79.5,107,1156
801114,80.25,80.4,80,80.15,130,1149
801117,79.8,79.9,79.2,79.75,101,1147
801118,79.62,79.9,79.25,79.9,55,1171
801119,80,80.5,79.7,80.5,200,1238
801120,80.62,81.65,80.6,81.62,222,1255
801121,81.25,81.55,80.9,80.95,167,1334
801124,81,81.2,80.15,80.15,216,1339
801125,80.25,80.52,80,80.15,104,1361
801126,80.5,80.5,79.87,79.95,116,1399
801128,79.95,80.6,79.5,80.6,79,1393
801201,79.95,81,79.55,79.55,172,1454
801202,79.55,79.9,78.6,79.9,270,1470
801203,79.2,80.1,79.15,79.75,96,1480
801204,79.7,80.1,79.25,79.75,77,1502
801205,79.5,79.52,78.5,78.67,255,1488
801208,78.9,79.25,77.85,78,220,1482
801209,77.5,77.5,76.5,76.52,779,1442
801210,76.22,77.2,75.9,76.65,403,1434
801211,76.05,76.05,75.15,75.15,295,1455
801212,73.65,75.9,73.65,74.77,462,1403
801215,75.4,76.27,75.35,76.15,189,1406
801216,75.9,76.67,75.3,76.52,223,1424
801217,76.65,77.45,76.5,77.05,187,1421
801218,77,77.1,76.35,76.52,88,1420
801219,77,77.7,76.85,77.25,234,1454
801222,77.95,78,77.4,77.85,169,1493
801223,77.87,78.1,77.55,77.8,137,1484
801224,76.3,76.3,76.3,76.3,89,1532
801229,76.12,77.25,76.1,77.1,152,1549
801230,76.9,76.95,75.6,75.6,275,1580
801231,76,77.1,75.8,77.1,127,1606
810102,77.25,77.6,76.6,76.95,150,1609
810105,77.25,78.45,77.15,77.7,263,1695
810106,77.55,77.75,76.95,77.7,328,1788
810107,77.55,77.55,76.3,76.75,347,1789
810108,76.45,76.77,75.75,75.82,254,1761
810109,75.85,76.1,74.82,75.07,378,1859
810112,75,75.85,75,75.82,213,1911
810113,75.85,76.7,75.85,76.62,233,1934
810114,76.5,76.9,75.5,75.62,221,1892
810115,75.5,76.25,75.4,76.12,212,1899
810116,76.25,76.5,76.25,76.3,147,1882
810119,76.35,76.6,76,76.3,169,1873
810120,75.7,76.85,75.45,76.82,288,1978
810121,76.75,76.95,75.95,76.07,316,2002
810122,75.8,76.2,74.55,75.02,629,2182
810123,74.85,74.95,73.75,73.8,569,2226
810126,73.7,74.2,72.7,74.17,466,2299
810127,74.6,75,73.75,74.05,342,2311
810128,73.7,74.8,73.6,74.3,202,2284
810129,74.15,74.15,73.6,73.9,358,2258
810130,74.1,74.9,74.05,74.45,434,2219
810202,74,74,72.95,72.95,426,2372
810203,72,72.5,71.7,71.85,770,2421
810204,72.05,72.8,71.75,72.2,540,2469
810205,72.4,72.95,72.4,72.92,424,2489
810206,73.5,74.42,73.5,74.37,653,2520
810209,75.2,75.5,74.65,75.12,619,2551
810210,75,75.1,74.35,75.05,640,2541
810211,74.95,75,74,74.12,327,2547
810212,73.95,74.3,73.5,73.82,529,2668
810213,73.75,74.75,73.7,74.72,420,2679
810217,74.25,75.9,74.15,74.9,884,2787
810218,74.85,75.1,74.3,74.5,443,2862
810219,74.55,75.3,74.1,74.95,350,2877
810220,74.9,74.9,73.9,74.1,544,2976
810223,73.8,73.95,73.27,73.85,553,3000
810224,73.9,74.37,73.7,73.77,457,3116
810225,73.7,73.7,72.82,72.9,605,3297
810226,72.5,73.35,72.5,72.55,864,3487
810227,72.65,72.7,71.15,71.4,1355,3689
810302,71,71.2,69.9,69.9,936,3688
810303,70.2,71.4,70.2,71.27,1177,3818
810304,71.2,71.5,69.82,69.85,1535,3957
810305,70.2,70.95,70.1,70.42,717,4011
810306,70.75,71.9,70.45,71.85,1119,4022
810309,72.6,72.65,72.02,72.02,753,4013
810310,72.25,72.37,71.25,72.32,680,3997
810311,71.95,71.95,70.82,70.82,797,4020
810312,70.7,71.8,70.7,71.7,683,4051
810313,72.15,72.15,70.2,70.4,1203,4196
810316,68.9,68.9,68.9,68.9,380,4201
810317,68.85,69.2,67.8,68.85,1545,4195
810318,68.95,69,67.35,67.35,1840,4218
810319,66.95,67.25,65.95,66.4,1776,4261
810320,66.15,66.15,64.9,64.9,1267,4233
810323,66.4,66.4,66.4,66.4,38,4243
810324,67.9,67.9,67.9,67.9,204,4243
810325,68.3,68.45,67.25,67.3,1800,4426
810326,67.05,68.8,66.8,68.8,2779,4757
810327,68.8,69.9,68.3,69.42,2068,4441
810330,69.7,70.6,69.35,70.45,1407,4389
810331,69.9,71.57,69.6,71.52,1421,4246
810401,71.8,72.1,71.05,71.42,1287,4220
810402,71,71.45,70.5,70.52,1166,4102
810403,70.6,70.6,69.8,70.07,1479,4264
810406,69.9,71.57,69.7,71.57,1341,4060
810407,71.25,71.95,70.72,70.95,1256,4039
810408,71.15,71.87,70.95,71.72,923,4140
810409,71.95,72.72,71.5,72.67,1804,4331
810410,72.9,73.2,72.25,72.87,1235,4414
810413,72.4,72.45,71.85,72.12,1037,4369
810414,72.5,73.15,72.25,72.37,1083,4275
810415,72.4,72.42,71.22,71.6,1031,4215
810416,71.9,72,71.15,71.7,782,4130
810420,71.7,72.07,71.15,71.35,556,4050
810421,71.5,72.85,71.5,72.7,1633,3870
810422,72.2,72.2,71.25,71.52,1087,3526
810423,71.5,71.77,70.45,70.62,1197,3313
810424,70.55,71.2,70.4,70.52,552,3189
810427,71.02,71.5,70.8,71.42,879,2851
810428,71.2,71.35,70.25,70.35,619,2608
810429,69.6,69.7,68.85,68.85,1092,2086
810430,68.25,68.4,67.35,67.35,925,1630
810501,66.2,67.4,66.05,66.72,1592,901
810504,65.5,65.65,65.22,65.45,460,779
810505,65.35,65.75,64.9,65.6,431,634
810506,65.7,66.25,65.5,65.6,419,417
810507,65.4,66.5,65.35,66.07,252,307
810508,66.5,67.2,66.4,67.1,83,265
810511,67.1,67.6,66.95,67,83,198
810512,66.02,66.02,65.5,65.5,16,187
810513,65.45,65.85,65.25,65.25,38,184
810514,65.75,66.5,65.7,66.5,13,175
810515,65,65,65,65,6,180
810518,65.25,65.7,64.7,64.75,43,166
810519,64.95,64.95,64,64.25,92,80
810520,64.25,65.3,64.25,65.3,32,71
