790815,407,407,400,401,37,60
790816,400,410.5,400,410.5,3,59
790817,415,415,414,414,1,60
790820,414.5,414.5,404,404,6,60
790821,414,414,414,414,0,60
790822,424,424,424,424,0,60
790823,433.8,433.8,433.8,433.8,0,60
790824,430.5,439,430.5,430.5,16,61
790827,431.6,435.2,431.6,435.2,26,85
790828,435,435,435,435,0,85
790829,432.9,432.9,432.9,432.9,0,85
790830,440,442.9,440,442.9,12,77
790831,438,438.2,438,438.2,0,77
790904,448,448,443.8,443.8,2,77
790905,450.8,450.8,450.8,450.8,0,77
790906,442,442,442,442,0,77
790907,435.5,437.3,435,437.3,5,72
790910,446,446,446,446,0,72
790911,442.5,442.5,442.5,442.5,0,72
790912,433.4,433.4,433.4,433.4,0,72
790913,443.4,443.4,443.4,443.4,0,72
790914,451,451,434.7,434.7,5,76
790917,442.7,444.7,442.7,444.7,13,82
790918,454.7,454.7,454.7,454.7,4,81
790919,458,469.7,458,469.7,21,96
790920,489.7,489.7,488,489.7,19,101
790921,489.7,509.7,489.7,509.7,58,144
790924,529.7,529.7,529.7,529.7,0,144
790925,535,549.7,535,549.7,49,188
790926,544,567.2,544,567.2,74,249
790927,577.2,577.2,577.2,577.2,1,250
790928,587.2,587.2,587.2,587.2,4,252
791001,602.2,602.2,602.2,602.2,3,255
791002,622.2,622.2,582.2,592.2,91,323
791003,586,592,582.2,582.2,91,382
791004,572.2,572.2,572.2,572.2,7,382
791005,557.2,558,557.2,557.2,39,380
791008,537.2,537.2,537.2,537.2,0,380
791009,549.8,557.2,545,557.2,104,384
791010,567.2,567.2,567.2,567.2,19,390
791011,557.2,557.2,557,557.2,2,388
791012,551,551,537.2,537.2,65,429
791015,549,551,519.2,519.2,85,491
791016,511,511,511,511,0,491
791017,502.5,502.6,500.5,502.6,1,492
791018,501,516.1,501,516.1,11,488
791019,536,536,525.3,525.3,2,490
791022,530,533.1,530,533.1,8,489
791023,523,523,521.6,521.6,1,488
791024,535,535,532.9,532.9,2,483
791025,529,534,526.5,526.5,2,485
791026,508.5,517,506.5,506.5,22,485
791029,508,508,491,491,40,487
791030,493,505,493,496.5,35,489
791031,509,512,503,503,7,492
791101,498,501,486.5,486.5,116,541
791102,492,500,492,496.2,22,543
791105,513,514,510.2,510.2,2,545
791106,521.9,530.2,521.9,530.2,13,554
791107,535,547,535,545.6,7,549
791108,545,545,533.3,533.3,2,550
791109,533,539,531.9,531.9,29,546
791112,540,546,536.8,536.8,22,555
791113,533,533,516.8,516.8,6,555
791114,527,527,514,514,11,556
791115,509,511,499.4,499.4,17,552
791116,510,515,508,508,10,552
791119,518,518,514.8,514.8,6,555
791120,515,525,515,521.7,14,564
791121,535,538,527.6,527.6,3,565
791123,530.4,530.4,528,530.3,6,567
791126,537,537,515.2,515.2,3,570
791127,526,535.2,526,535.2,2,572
791128,555,565.2,543.4,543.4,30,601
791129,556,556,548,550.1,11,602
791130,558,566,558,561.7,4,604
791203,573.9,581,573.9,578.5,119,640
791204,570.1,577,565,570.5,10,640
791205,565,572,565,567.4,17,642
791206,575,575,558.7,558.7,5,644
791207,556,569,556,565.5,10,646
791210,572,572,569.9,569.9,3,648
791211,580,582.5,580,581.5,17,664
791212,583,585,570,570,12,676
791213,582,583,577.5,581.4,44,708
791214,573.5,585,573.5,576.8,57,714
791217,584,596.8,584,596.8,46,740
791218,626.8,626.8,626,626.8,67,730
791219,665,666.8,648,648,102,739
791220,647,678,643,664.4,8,745
791221,655,684.4,654,681.4,64,752
791226,701.4,701.4,701.4,701.4,27,755
791227,731.4,731.4,726.7,726.7,63,758
791228,715,725,706.7,706.7,26,758
800102,736.7,736.7,736.7,736.7,0,758
800103,776.7,776.7,776.7,776.7,1,757
800104,751,805,749,782.5,96,808
800107,808,808,768,774,67,831
800108,754,766,754,754,162,844
800109,760,763,729.7,729.7,127,869
800110,740,744,734,737.2,54,866
800111,757.2,757.2,757.2,757.2,6,867
800114,787.2,787.2,787.2,787.2,0,867
800115,827.2,827.2,827.2,827.2,0,867
800116,867.2,867.2,867.2,867.2,1,866
800117,890,907.2,890,907.2,32,849
800118,947.2,947.2,947.2,947.2,15,852
800121,987.2,987.2,950.7,950.7,91,835
800122,920.7,920.7,920.7,920.7,2,830
800123,880.7,894,880.7,880.7,18,829
800124,880,892,840.7,850.6,48,813
800125,860,860,820.6,820.6,56,806
800128,818,818,797,797,14,803
800129,827,827,827,827,3,804
800130,845,860,845,853.5,52,808
800131,865,878,863,872,14,804
800201,880,892,880,892,55,811
800204,922,922,922,922,52,801
800205,945,962,945,962,13,794
800206,1002,1002,1002,1002,4,793
800207,1031,1031,985,1008,40,775
800208,1035,1038,1020,1038,112,772
800211,1078,1078,1068,1068,115,781
800212,1062,1074,1040,1064,7,784
800213,1065,1081,1044,1053,31,787
800214,1055,1055,1033,1043,81,794
800215,1024,1024,1024,1024,21,787
800219,1025,1025,1004,1004,1,786
800220,974,982,974,982,60,771
800221,998,1002,998,1002,11,772
800222,973,973,973,973,3,773
800225,967,1010,942,995.7,51,778
800226,1007,1010,987.2,987.2,5,777
800227,1000,1007.2,979.5,979.5,46,753
800228,995,998.5,992,998.5,18,745
800229,1000,1028.5,1000,1028.5,20,745
800303,1030,1068.5,1020,1068.5,129,704
800304,1060,1108.5,1060,1108.5,175,699
800305,1148.5,1148.5,1148.5,1148.5,109,620
800306,1140,1140,1108.5,1108.5,34,621
800307,1068.5,1068.5,1068.5,1068.5,3,617
800310,1028.5,1028.5,1028.5,1028.5,3,614
800311,988.5,988.5,988.5,988.5,19,610
800312,955,989,948.5,948.5,256,565
800313,908.5,908.5,908.5,908.5,38,542
800314,868.5,868.5,868.5,868.5,9,528
800317,828.5,828.5,828.5,828.5,1,518
800318,788.5,788.5,788.5,788.5,6,519
800319,748.5,793.5,748.5,791,36,531
800320,800,800,761,761,41,557
800321,721,778.5,721,778.5,89,596
800324,748.5,748.5,748.5,748.5,26,583
800325,725,725,708.5,708.5,33,579
800326,668.5,668.5,668.5,668.5,27,566
800327,628.5,628.5,628.5,628.5,6,569
800328,588.5,620,588.5,597.5,74,570
800331,585,637.5,585,637.5,72,553
800401,675,675,597.5,630,39,548
800402,630,635,600,630,22,550
800403,621,621,621,621,0,547
800407,630,641,630,641,12,542
800408,671,671,671,671,2,541
800409,711,711,678.5,678.5,40,553
800410,670,708.5,670,696.5,12,553
800411,694.5,694.5,694.5,694.5,0,551
800414,680,680,674.5,674.5,3,532
800415,644.5,685.4,644.5,685.4,11,530
800416,684,684,665.4,665.4,10,526
800417,658,659,646,646,17,522
800418,636,647.6,636,647.6,32,544
800421,627.6,627.6,627.6,627.6,35,539
800422,603,611,603,611,46,535
800423,623,623,615,616,13,538
800424,626,636,626,636,39,533
800425,666,666,658,664,54,544
800428,625,633,624,624,39,537
800429,620,637,620,637,20,547
800430,624,624,607,607,53,538
800501,567,578,567,576.2,19,531
800502,570,587,570,577.7,36,548
800505,589.1,589.1,589.1,589.1,0,548
800506,579.3,579.3,579.3,579.3,0,548
800507,587,599.3,580,588.5,39,551
800508,597,602,582,589,70,567
800509,572,585,572,581.7,26,588
800512,583,583,574.6,574.6,27,586
800513,572,594.6,572,592.2,70,605
800514,597,601,597,601,33,623
800515,590,590,582,582,13,634
800516,582,586,582,584.9,7,639
800519,582,582,564.9,574.2,38,641
800520,570,570,570,570,0,641
800521,572,573,571.8,571.8,11,646
800522,551.8,571.5,551.8,571.5,22,644
800523,571,573.5,569.8,569.8,6,646
800527,574,589.8,574,589.5,48,655
800528,597,601,589,594.9,19,661
800529,600,600,593,594.3,34,633
800530,610,614.3,605,614.3,42,636
800602,644.3,644.3,637,644.3,87,635
800603,633,636,630,634.2,64,661
800604,655,664.2,628,664.2,73,696
800605,665,694,665,683.9,54,707
800606,705,705,693,702.5,72,699
800609,722.5,722.5,722.5,722.5,29,695
800610,700,703,692.5,692.5,71,701
800611,663,692.5,652.5,652.5,181,738
800612,655,677,655,670.5,44,751
800613,682,687,670,674.8,171,803
800616,660,663,654.8,654.8,47,799
800617,655,670.4,642,670.4,41,793
800618,677,679.5,650.4,651.8,36,816
800619,662.5,670.1,655,670.1,17,817
800620,674,674,665,667.1,11,816
800623,655,661,650,660.4,97,853
800624,662,680.4,661,680.4,92,886
800625,690,697,680,680.9,292,1019
800626,692,693.5,678,686.5,81,1067
800627,704,706.5,697,706.5,122,1090
800630,715,736.5,707,719.2,140,1116
800701,737,739.2,735,739.2,106,1156
800702,735,741,719,730.2,176,1173
800703,730,747,710.5,739.6,194,1260
800707,734,758,734,753.2,133,1277
800708,769,769,745,746.4,104,1280
800709,750,750,727,730.4,94,1293
800710,727,732,713,731.2,184,1310
800711,731,739,719,725,51,1319
800714,705,710,705,705,98,1316
800715,675,680,675,675,110,1319
800716,668,684,666.5,673.5,429,1385
800717,674,678,660,666.5,248,1449
800718,646.5,653.5,646.5,646.5,169,1471
800721,653,657,652.5,653.3,71,1490
800722,643,673.3,643,673.3,171,1498
800723,669,689,669,678.7,198,1548
800724,687,695,678,684.8,199,1519
800725,698,701,693,698.9,187,1558
800728,681,694,681,694,77,1570
800729,700,702,679,684.7,374,1611
800730,682,683,664.7,664.7,264,1718
800731,660,662,634.7,657,359,1766
800801,659.5,662,656,659.2,82,1734
800804,663.5,670.5,663.5,667.6,151,1705
800805,673,675,661,668.2,89,1693
800806,665,676.5,661,672,165,1682
800807,670,683,667.5,680.3,131,1659
800808,676,680,666.9,666.9,63,1665
800811,648,655.5,646.9,646.9,69,1666
800812,643,654,638,653.4,190,1709
800813,650,657.5,647,655.6,156,1691
800814,658,665,658,665,81,1697
800815,661.5,661.5,650,651.8,89,1685
800818,641,660,641,660,96,1680
800819,665,672,662,671.6,165,1683
800820,685,691.6,685,691.6,215,1704
800821,695,700,670,688.5,239,1759
800822,692,694,667.5,688,113,1753
800825,684.5,688.3,674,675.5,142,1747
800826,684,684,679,682.1,48,1748
800827,685.5,687.5,680,680.3,192,1782
800828,682,685.5,679,682.6,79,1772
800829,680,686.5,677,684.2,77,1791
800902,687,692.5,686,690.7,288,1860
800903,690,695,688,689.8,463,2104
800904,695,709.8,695,709.8,862,2441
800905,717,722,714,720.4,785,2737
800908,740.4,740.4,736,740.4,365,2852
800909,737,741,732.5,734,726,3042
800910,750,754,740,742,896,3354
800911,736,757,736,756.1,618,3551
800912,759,769,740,741.7,749,3675
800915,725,733,721.7,721.7,1165,3809
800916,726,739,717.1,738.8,779,3989
800917,738,745,722,723.6,953,4103
800918,726.5,728.5,714.5,720.7,1189,3964
800919,724,740.7,723,740.7,799,4020
800922,770.7,770.7,757,770.7,888,4160
800923,768,782.9,760,772.6,1523,4553
800924,773,773.5,756,759.8,1681,5066
800925,748.5,764,745,761,962,5337
800926,753,775,741,741,1309,5639
800929,736,741,711,711,1990,5840
800930,715,719,704,713.8,1854,5985
801001,725,727,718,719.9,1309,6136
801002,710,713,699.9,708.5,2066,6167
801003,696,705,689,702.7,1661,6452
801006,705,721,704,719.6,1626,6440
801007,713,716.5,707,709.4,1382,6470
801008,710,715,709,714.2,578,6359
801009,724,728.5,715,715.3,1917,6582
801010,716,724,714,721.4,1153,6430
801013,716,718,712,715,712,6402
801014,707,718,702,717.5,1454,6330
801015,715,720.5,714,716.7,1241,6182
801016,715.5,718.5,703,703.4,1133,6337
801017,705,708.5,684.5,688.8,2174,6513
801020,683,686,673,682.7,1918,6587
801021,679.5,688.5,675.5,687.7,1088,6724
801022,689,692,677.5,679.4,1429,6759
801023,665,667.5,659.4,659.4,1148,6601
801024,658,666,653,658.4,1007,6463
801027,665,665,655,658.6,741,6336
801028,657,666,651,664,1008,6406
801029,672,674.5,668,668.7,926,6217
801030,671,673,665.5,666.7,626,6157
801031,660,661,647.5,657.3,1106,6378
801103,659,677.3,659,677.3,1122,6224
801105,688,688,657,663.3,1731,6131
801106,660,660,643.3,643.3,1455,6169
801107,613.3,623,613.3,618.6,1122,6068
801110,628,631,612,614.4,1711,6285
801111,602,631,594.5,629.4,2482,6443
801112,624,635,622,630.2,1610,6245
801113,636,636,617,620,1963,6307
801114,625,634,618,632.9,1405,6174
801117,624,641.5,624,636.4,1713,5862
801118,640,643.5,635,635,898,5902
801119,650,653,644.5,651.2,860,5939
801120,652,664,650,663.2,1089,5899
801121,657,664,653,660.3,990,5822
801124,656,657.5,640.3,640.3,780,5670
801125,630,645,630,641.1,957,5712
801126,643,646,622,629.5,1107,5632
801128,628,645,626,643.9,549,5355
801201,651.9,651.9,632.5,641.7,879,5333
801202,643,643,634,634.8,834,5306
801203,639,644.5,637,641.5,485,5221
801204,646,646,631,632.9,1006,5153
801205,627.9,634,622,630.8,958,5035
801208,622.5,626,621.5,622.2,704,4995
801209,615,616,603.5,604.6,1064,5094
801210,601,604.5,574.6,574.6,1283,5096
801211,545,552,534,534.6,1518,4874
801212,540,563,534,560.2,1360,4797
801215,576,576,556,567.5,1238,4605
801216,558,558,547.5,555,829,4634
801217,560,575,560,568.5,1160,4346
801218,568.5,571,563.5,566.3,760,4268
801219,568,586.3,566,586.3,922,4135
801222,587,591,580,580.7,849,4053
801223,587,595,586,591.5,848,3877
801224,589,590,584,585,279,3595
801229,575,577,570,572.5,539,3456
801230,573,578,560,569,455,3235
801231,567,581,566,578,238,3177
810105,578,593,578,585.5,704,1915
810106,592,599,588,593.5,594,1463
810107,583,583,558,560.5,482,1048
810108,570,570,552,552,160,873
810109,564,564,553,556,222,884
810112,545,547,535,544.5,247,769
810113,546.5,548,542,546,213,699
810114,534,555,534,554.7,213,777
810115,554,556,536,536,106,637
810116,535,548.3,535,539.5,79,511
810119,535.5,540,532,532,52,522
810120,535,539,525,539,60,477
810121,548,548,532,532,184,512
810122,524.9,524.9,515,515,71,237
810123,507,507,500,500,64,140
810126,471,479,469.5,472,504,251
810127,471,476.2,469,469,138,178
