910627,396.8,396.8,396.8,396.8,165,150
910628,402.4,402.4,402.4,402.4,50,200
910701,406,406,406,406,50,250
910702,403.9,403.9,403.9,403.9,0,250
910703,402.1,402.1,402.1,402.1,0,250
910705,409.3,409.3,409.3,409.3,0,250
910708,409.3,409.3,409.3,409.3,0,250
910709,406.7,406.7,406.7,406.7,0,250
910710,402.1,402.1,402.1,402.1,0,250
910711,396.3,396.3,396.3,396.3,0,250
910712,399.4,399.4,399.4,399.4,0,250
910715,401.1,401.1,401.1,401.1,0,250
910716,400.7,400.7,400.7,400.7,0,250
910717,402.8,402.8,402.8,402.8,0,250
910718,404,404,402.6,402.6,60,300
910719,401.7,401.7,401.7,401.7,30,300
910722,400.7,400.7,400.7,400.7,0,300
910723,399.9,399.9,399.9,399.9,0,300
910724,387.6,387.6,387.6,387.6,0,300
910725,387.5,387.5,387.5,387.5,0,300
910726,387.9,387.9,387.9,387.9,0,300
910729,391,391,387.9,387.9,3,301
910730,379,383.2,379,383.2,2,301
910731,387.4,387.4,387.4,387.4,0,301
910801,384.7,384.7,384.7,384.7,0,301
910802,380,380,375.7,375.7,2,303
910805,375,375.1,375,375.1,1,304
910806,378.9,378.9,378.9,378.9,0,304
910807,379.1,379.1,379.1,379.1,0,304
910808,371.6,371.6,371.6,371.6,0,304
910809,375.9,375.9,375.9,375.9,0,304
910812,377.3,377.3,377.3,377.3,0,304
910813,372.2,372.2,372.2,372.2,0,304
910814,367.2,367.2,367.2,367.2,0,304
910815,365,365,359.4,359.4,71,373
910816,365.4,365.4,365.4,365.4,67,439
910819,370.2,370.2,370.2,370.2,0,437
910820,366.5,366.5,366.5,366.5,0,437
910821,368,368,364.3,364.3,3,437
910822,355,355,355,355,0,437
910823,353.8,353.8,353.8,353.8,0,437
910826,356.7,356.7,356.7,356.7,0,437
910827,352.3,352.3,352.3,352.3,0,437
910828,360.5,360.5,360.5,360.5,0,437
910829,356.5,358.1,356.5,358.1,5,440
910830,358.9,358.9,358.9,358.9,0,440
910903,364.1,364.1,364.1,364.1,2,440
910904,365,365,365,365,0,440
910905,362,362,360.8,360.8,2,442
910906,370.9,370.9,370.9,370.9,0,440
910909,371,371,371,371,0,466
910910,368,368,368,368,0,440
910911,363.8,363.8,363.5,363.5,7,440
910912,368,368,365.7,365.7,4,441
910913,367.5,367.5,367.2,367.2,52,441
910916,369.4,369.4,369.4,369.4,0,441
910917,372.5,372.5,372.5,372.5,40,440
910918,374.3,374.3,374.3,374.3,0,440
910919,374.2,374.2,374.2,374.2,0,440
910920,373.9,373.9,373.9,373.9,10,442
910923,374.9,374.9,374.9,374.9,0,440
910924,376.2,376.2,376.2,376.2,0,440
910925,374.8,374.8,374.8,374.8,2,438
910926,373.6,373.6,369.4,369.4,3,442
910927,367.6,367.6,367.6,367.6,0,442
910930,372.1,372.1,372.1,372.1,15,440
911001,375,375,374.3,374.3,73,494
911002,380,380,373.6,373.6,1,489
911003,375.4,375.4,375.4,375.4,0,489
911004,377,377,377,377,0,489
911007,377,377,377,377,0,489
911008,375.8,375.8,374.7,374.7,8,481
911009,379,381.8,379,381.8,3,481
911010,383,383,382.2,382.2,1,481
911011,393.2,393.2,393.2,393.2,0,480
911014,390,390,388,388.2,56,469
911015,383,383,383,383,0,460
911016,381.5,385.4,381.5,385.4,1,460
911017,386.8,386.8,386.8,386.8,33,480
911018,387.8,388,387.5,387.5,16,496
911021,389.1,389.1,389.1,389.1,0,495
911022,385.3,385.3,385.3,385.3,0,496
911023,381.3,381.3,381.3,381.3,0,496
911024,381.6,381.6,381.6,381.6,0,496
911025,381.3,381.3,381.3,381.3,7,496
911028,374.9,374.9,374.9,374.9,0,496
911029,378.6,378.6,378.6,378.6,0,0
911030,379,379,379,379,0,496
911031,379,379.5,379,379.3,2,496
911101,380,380,377.7,377.7,10,501
911104,381.9,381.9,381.9,381.9,0,501
911105,378.9,378.9,378.9,378.9,0,501
911106,378.4,378.4,378.4,378.4,0,501
911107,371.2,371.2,371.2,371.2,0,501
911108,367,369.6,367,369.6,20,537
911111,372.1,372.1,372.1,372.1,0,537
911112,376,376,376,376,2,515
911113,378,378,377,377,1,515
911114,373,373,372.8,372.8,2,515
911115,377,378,376.8,376.8,7,517
911118,375.6,375.6,375.6,375.6,0,516
911119,379.7,379.7,379.7,379.7,0,516
911120,384.6,384.6,384.6,384.6,0,516
911121,385.6,385.6,385.6,385.6,0,516
911122,385.2,385.2,385.2,385.2,0,516
911125,382.5,382.5,382.5,382.5,0,516
911126,379,379,378.1,378.1,3,516
911127,382.9,382.9,382.9,382.9,0,516
911129,381.6,381.6,381.6,381.6,0,516
911202,376.5,376.5,376.5,376.5,0,516
911203,378,378,376.2,376.2,2,518
911204,378.3,378.3,378.3,378.3,0,517
911205,380.3,380.3,380.3,380.3,0,517
911206,382.5,384,382,384,180,627
911209,386.5,386.5,382.3,382.3,24,612
911210,382.1,382.1,382.1,382.1,0,612
911211,382,382,379.4,379.4,4,616
911212,371,372.2,371,372.2,1,617
911213,367,367,366.7,366.7,23,598
911216,364.5,367.1,364.5,367.1,2,604
911217,359.5,359.8,358,358.4,12,603
911218,358,358,353.9,353.9,5,610
911219,354,357.5,354,355.5,784,1059
911220,350,351.1,349,351.1,8,1063
911223,351.8,352,350.9,350.9,5,1067
911224,349.7,349.7,349.7,349.7,0,1067
911226,345,346,342.5,342.5,20,1073
911227,343.5,343.5,341,342.2,104,1078
911230,342,343.9,342,343.9,20,1113
911231,344.5,345.4,344.4,345.4,40,1095
920102,345.5,345.5,344.8,344.8,172,1220
920103,345.5,345.5,340.8,340.8,11,1202
920106,337,341.5,336,340.8,20,1195
920107,341,342.5,340,340.8,17,1179
920108,344,344.5,344,344.5,22,1167
920109,349,350.5,346.8,346.8,11,1177
920110,349.5,349.5,346.9,346.9,2,1177
920113,342,343.5,340.4,340.4,15,1189
920114,339,343.1,339,343.1,11,1200
920115,347,347,343.4,343.4,6,1205
920116,351,354,349,349,79,1240
920117,354,354,347.7,347.7,6,1231
920120,347.7,351,347.7,348.7,8,1233
920121,351,351,347.9,347.9,6,1232
920122,347,349.7,344,349.7,14,1238
920123,350.4,354,347.6,347.6,159,1352
920124,346,349.5,345,349.5,135,1484
920127,355,355,354.5,354.5,2,1486
920128,354.5,354.5,353.9,353.9,58,1529
920129,353,353,352.4,352.4,64,1590
920130,351.5,353.8,348.7,348.7,340,1741
920131,357,357,357,357,140,1851
920203,356,357.6,356,357.6,19,1842
920204,363,364,361.5,362.9,145,1870
920205,362,363.7,362,363.7,82,1882
920206,371.5,371.5,369.5,369.5,15,1877
920207,373.5,373.5,367.7,367.7,33,1886
920210,367,369,367,368.1,40,1859
920211,368.7,368.7,368.7,368.7,25,1859
920212,371.5,372.2,371,371.3,21,1868
920213,372.3,373.5,372,372.3,21,1871
920214,366.8,366.8,366.8,366.8,0,1867
920218,362,365.3,362,365.3,9,1866
920219,363,365.1,363,365.1,4,1865
920220,362.5,367,362.5,364.6,51,1867
920221,362.8,362.8,361,362.4,24,1885
920224,361,361.1,360.5,361.1,9,1884
920225,360,360,356.4,356.4,42,1884
920226,355,359.4,355,359.4,140,1906
920227,364,364,362.2,362.2,124,1964
920228,363,363,362.7,362.7,56,1988
920302,361.5,364.9,361.5,364.9,149,1967
920303,366,366.5,363.3,363.3,202,2101
920304,363,365.4,362,365.4,134,2035
920305,366,369.1,366,369.1,58,2013
920306,367.5,367.5,365.6,365.6,121,2014
920309,363,365,363,365,10,2016
920310,366,366.5,364.5,365.2,112,2052
920311,367,367,364.9,364.9,13,2050
920312,362,362,360.5,361.6,234,2210
920313,362,362,361,362,108,2194
920316,361,362.5,360.5,362,80,2200
920317,358,358,353,354.6,189,2211
920318,354,354,348,348.4,273,2207
920319,348,352,345,352,214,2208
920320,354,355.5,353.4,353.4,69,2187
920323,354,354,352.5,353.3,26,2211
920324,352.5,354.5,352,354.3,46,2238
920325,356.6,359,356.5,357.5,268,2294
920326,357,358,356,356,86,2358
920327,356,359,356,358.2,116,2354
920330,359.5,359.5,357.6,357.6,138,2413
920331,360,365,360,364.2,57,2416
920401,366,366.5,363.6,363.6,82,2440
920402,359,362,359,360,105,2469
920403,360,360,359.9,359.9,82,2509
920406,358,359.5,358,358.1,33,2514
920407,355,357,353.5,355.2,66,2538
920408,353.5,354,347.4,347.4,143,2534
920409,348,350,348,349.8,26,2533
920410,353,353.5,351,351.6,53,2551
920413,351.5,352,351,351.5,79,2575
920414,349.5,352,349.5,351.4,32,2575
920415,348,349,347.5,348.1,31,2568
920416,347.5,347.6,347.5,347.6,99,2609
920420,345,345,342,342.2,41,2634
920421,344,346.5,344,346,4,2643
920422,345.5,347.3,345.5,347.3,21,2638
920423,347.5,347.6,346,347.6,7,2638
920424,345.5,347,345.5,347,141,2676
920427,348,348.5,346.3,346.3,82,2702
920428,348.5,348.5,344.5,346.4,63,2697
920429,344.5,347.5,344,346.7,85,2718
920430,349,351.7,348.5,351.7,137,2737
920501,353,359.5,353,359.3,184,2749
920504,357,358.5,357,357.1,41,2739
920505,357,358.5,357,357.5,90,2776
920506,357,357.5,356,356,181,2858
920507,354.5,355.5,353.5,354.8,201,2870
920508,356,356.5,355.9,355.9,21,2839
920511,358.5,358.5,357.5,358,61,2860
920512,357,358,356,357.5,221,2974
920513,356.5,359,356.5,357.1,63,2966
920514,360,361.5,359.5,361.1,279,2952
920515,364,364,361,361.9,88,2967
920518,361.5,363,361.5,362.3,60,2981
920519,367,368.5,364.5,365.7,207,2991
920520,364,367,364,366.5,48,2981
920521,366,367,364,364.4,54,2994
920522,368,371,368,368.9,94,2994
920526,368,370.4,368,370.4,100,3018
920527,370.5,374.8,370.5,372.4,343,3176
920528,371.5,374.4,371.5,371.7,446,3312
920529,371,372.4,369.5,370,378,3188
920601,370,372.4,369.5,372.3,244,3185
920602,377,382,377,381.5,1042,3515
920603,381.9,382.5,378,379.2,489,3852
920604,378.5,379,374.5,377.6,517,4017
920605,378.5,378.5,373.5,374.1,1504,4716
920608,373.5,374.4,372,373,893,5144
920609,372,372,369,369.7,606,5215
920610,370.5,373,370.5,372.9,712,5423
920611,372.5,376,372,375.5,684,5751
920612,377.5,378,373,377.1,726,5967
920615,377,377.5,375,375.4,756,6137
920616,372,373,371,371.9,335,6155
920617,373,373.5,369,369.8,1234,6307
920618,366,368.8,366,366.3,2011,6895
920619,368,369,365.4,365.4,2346,7099
920622,366,369.5,364.6,368.6,2760,8011
920623,370,371,367,368.7,1853,8322
920624,368,368.5,364.5,367.1,1889,8079
920625,367.1,370.5,366.5,367.6,3300,8625
920626,368.5,369.5,367,368.1,2133,10078
920629,369.5,385,368.5,384.8,4522,11965
920630,383.8,386,380,382.1,5269,12972
920701,386,389.8,384,388.4,3730,13768
920702,388.4,394,387.1,388.6,4117,15138
920706,389.5,391,387.5,388,1271,15052
920707,384,386.5,383,386,1468,15223
920708,387,388.5,383,384.8,1488,15466
920709,385.5,390.5,385.5,389.5,1291,15590
920710,389.5,390,386.7,388.6,1457,15703
920713,389.5,392,389.5,391.5,1034,15943
920714,394.5,395.5,389,390.5,2498,16421
920715,388.5,390,386,389.8,1762,16387
920716,385,386,381.5,383.5,3109,15641
920717,383,394,383,391.3,2873,15861
920720,392.5,394,388,390.3,2275,15754
920721,381.5,383.5,375,376.5,7854,13750
920722,376.5,383,376.5,381.8,3440,12832
920723,384.5,385.8,382,382.5,2586,12639
920724,382,383.3,377,383.1,2497,12334
920727,379,380.9,378.2,378.5,987,12262
920728,374,377.3,374,374.9,2096,11954
920729,373,374.5,372,374,1897,11632
920730,375.3,378,375,377.7,1319,11778
920731,383.5,388.3,383.5,385.1,3144,11831
920803,381,381,378,378.3,1799,11274
920804,376.5,378.5,376.5,377.7,777,11199
920805,376,377,375,376.3,1439,11195
920806,376,377.3,374.3,376.5,1178,11323
920807,377.5,379.4,377.5,378.6,1007,11227
920810,377.8,378,368.5,370.3,4192,11134
920811,368.2,370.3,367.5,367.7,1536,10999
920812,365.5,368.5,348,354.3,6953,11795
920813,352,353.8,344.5,347.9,5213,11314
920814,346.5,348.5,338.5,344.2,4656,10794
920817,345,348,344.5,347.1,1224,10999
920818,342,344.3,341,343.3,1295,10877
920819,346,348,346,346.3,883,10811
920820,345,349,344.5,348.9,1281,10695
920821,349.5,352.3,348.5,349,2061,10683
920824,352,352,349,349.8,829,10637
920825,347.5,353,347.5,351.2,1225,10782
920826,350,355,348.5,352,1906,10765
920827,354.9,356,354,355,1616,10538
920828,357,358.9,356,358,1840,10244
920831,358.8,362,358.8,360.9,1061,9718
920901,362,362.5,355.7,357.7,1213,9653
920902,355.5,356.5,353.6,354,857,9605
920903,354.5,356.8,353.5,356.3,1169,9553
920904,357,359,357,358.3,855,9508
920908,359.5,362,358.3,361.7,2334,9722
920909,365,366.5,361.5,361.9,2518,9551
920910,361.5,362.5,356.5,358.6,1971,8189
920911,356.5,358,353.5,357.6,1826,8038
920914,359,363,359,361.5,1175,7505
920915,361.5,365.5,359.6,364.9,1693,7012
920916,366,368,365,367.4,3324,6748
920917,365.8,367.5,363,363.5,1800,6267
920918,363.5,366.8,360.5,365.6,1986,6038
920921,364.5,364.5,363.4,363.7,553,5776
920922,361,366.5,360.5,366.2,1471,5629
920923,366.2,368,364.8,365.8,968,5345
920924,367,375,367,373.7,2475,4244
920925,373,373.7,369,372.2,1283,3791
920928,372,372,369.5,370.5,709,3242
920929,368.5,369,367,367.6,318,2942
920930,369,371,369,370.9,803,2357
921001,370.5,371,368,368.4,170,2248
921002,366,368.5,366,366.7,257,2112
921005,367,367.8,366.5,367.8,130,2044
921006,365.2,365.5,363,363.6,320,1798
921007,359,361,359,360,22,1809
921008,358,359,352,355.5,809,1772
921009,354,359,354,357.9,70,1500
921012,358,359,357.1,357.1,14,1575
921013,357.5,357.5,356.5,356.5,14,1540
921014,356.5,357.5,356.5,357.2,112,1443
921015,361,361,359,359,108,1359
921016,357.5,362,357.5,360.6,2,1424
921019,360.5,362.1,360.5,362.1,15,1238
921020,362,363.4,362,363.4,2,1229
921021,361,361.1,360.5,361.1,71,1203
921022,360,360,357.5,358.4,25,1220
921023,359.5,359.5,359.5,359.5,11,1152
921026,359,359,357,358.6,51,928
921027,358.5,358.5,357.8,357.8,98,0
