920212,41.3,44,41.3,44,1,1
920213,44.6,45.5,43.5,45.5,2,2
920214,45.7,46,45.7,46,1,3
920218,47.5,47.65,47.3,47.3,3,5
920219,47.3,47.3,47.3,47.3,1,5
920220,47.5,47.85,47.5,47.85,7,11
920221,47.75,47.75,47.75,47.75,0,11
920224,48,48,47,47.15,22,23
920225,47.57,47.75,47.25,47.6,21,30
920226,47.85,47.85,46.4,46.5,28,48
920227,47,47.4,46.75,46.75,10,51
920228,46.7,47.2,46.5,47.2,4,56
920302,47.2,47.45,46.95,47.42,10,59
920303,47.3,47.75,47,47.75,20,64
920304,48,48.45,47.85,48.3,22,72
920305,48.25,48.5,48.25,48.5,6,71
920306,48.4,49.2,48.4,49,28,85
920309,49.17,49.3,48.8,49.2,17,83
920310,48.9,49,48.05,48.05,5,83
920311,48,48.05,47.9,48.05,8,89
920312,48.15,48.15,48.15,48.15,0,89
920313,48,48.35,48,48,8,89
920316,48,48,47.82,48,3,90
920317,48,48.15,47.75,47.8,12,90
920318,48.9,48.9,48.8,48.8,6,94
920319,48.6,48.6,48.5,48.6,11,99
920320,48.7,48.9,48.3,48.9,5,100
920323,48.55,48.85,48.4,48.85,4,103
920324,48.85,48.85,48.85,48.85,2,103
920325,48,48.25,48,48.25,9,99
920326,47.9,48.17,47.9,48.17,6,100
920327,48.07,48.1,47.8,47.85,5,103
920330,45.85,45.85,45.85,45.85,8,104
920331,45.55,46.07,45.55,45.6,43,126
920401,45.5,45.65,44.9,44.95,33,134
920402,44.75,44.9,44.6,44.87,7,136
920403,44.75,44.9,44.5,44.9,40,150
920406,44.9,45,44.7,44.7,12,154
920407,44.35,44.6,43.8,43.9,70,191
920408,44,44.1,43.2,43.6,68,211
920409,44,44,43.2,43.4,19,212
920410,43.42,43.42,42.9,42.95,84,249
920413,43,43,42.6,42.82,9,250
920414,42.5,42.8,42.37,42.75,25,261
920415,42.5,42.52,42.3,42.52,75,282
920416,42.52,42.75,42.1,42.52,75,311
920420,42.1,42.95,42.1,42.95,38,314
920421,43,43,42.65,42.95,36,331
920422,42.6,42.9,42.2,42.35,57,360
920423,42.3,42.82,42.3,42.5,113,423
920424,42.6,43.2,42.45,43.17,51,437
920427,43.6,44,43,43.45,75,471
920428,43.2,43.6,42.8,43.47,52,486
920429,43.15,43.45,42.8,43.1,42,500
920430,43.45,43.45,42.5,42.72,155,560
920501,42.9,43.15,42.65,42.85,86,571
920504,43.22,43.4,42.85,43.05,64,599
920505,43.2,43.3,42.6,42.8,68,624
920506,42.95,43.05,42.7,42.85,33,623
920507,43.3,43.9,42.6,43.82,190,676
920508,45.75,45.8,44.25,44.75,235,670
920511,44.9,45.2,43.95,43.97,144,714
920512,43.9,44.1,43.85,44.1,57,738
920513,44.25,45.8,43.9,45.8,70,738
920514,45.7,46.1,45.5,45.77,113,729
920515,45.7,46.5,45.6,46.17,189,754
920518,46.1,46.47,46.05,46.37,82,762
920519,46.45,46.7,46.15,46.3,67,769
920520,46.2,46.4,45.15,45.52,141,794
920521,45.25,45.5,44.95,45.02,179,812
920522,44.9,45.05,44.4,44.82,91,815
920526,44.82,44.95,44.12,44.6,134,844
920527,44.25,44.77,44.2,44.77,51,844
920528,44.6,44.6,43.3,43.47,235,908
920529,43.65,43.95,43.35,43.6,194,916
920601,43.85,44.65,43.75,44.12,194,942
920602,44.35,44.4,43.75,44.25,128,975
920603,44.4,44.4,43.95,44.2,125,982
920604,44.5,44.8,44.17,44.7,154,1000
920605,44.92,44.92,43.35,43.55,193,1034
920608,43.55,44,43.12,43.67,145,1076
920609,43.85,44.05,43.4,43.75,120,1095
920610,43.5,43.85,43.05,43.3,150,1143
920611,43.3,43.4,42.85,42.92,236,1188
920612,42.95,42.95,42.5,42.67,161,1232
920615,42.65,42.65,42.07,42.4,283,1313
920616,42.7,42.9,42.07,42.42,243,1351
920617,42.4,42.77,42,42.5,422,1398
920618,42.5,42.55,41.85,42.1,158,1406
920619,42,42.7,41.62,42.25,201,1428
920622,42.25,42.35,41.7,41.92,107,1465
920623,41.8,41.8,41,41.35,152,1515
920624,41.12,41.55,40.1,40.25,567,1663
920625,39.4,40.4,39.3,40.3,668,2074
920626,40.55,40.95,40.25,40.72,508,1922
920629,40.72,40.72,39.8,39.92,668,2127
920630,39.87,41.17,39.82,40.72,375,2218
920701,39.8,39.8,38.72,38.72,502,2345
920702,38.4,38.65,36.72,36.72,1340,2778
920706,36.7,37.3,36.02,36.2,933,2970
920707,36.4,37.02,35.9,36.67,658,3008
920708,36.5,37.35,36.17,36.67,707,3132
920709,37,37.4,36.97,37.32,615,3206
920710,37.25,37.35,37,37.27,315,3206
920713,37.2,37.3,36.1,36.87,676,3496
920714,36.87,36.95,36.3,36.42,548,3637
920715,36.3,36.6,36.25,36.42,602,3733
920716,36.35,38.4,36.35,38.17,1558,4167
920717,38.45,39.8,37.85,39.75,1599,4224
920720,39.85,40.4,39.25,39.65,1706,3897
920721,39.5,39.5,37.65,37.65,1177,4061
920722,37.3,38.2,36.75,38.05,1250,4149
920723,37.95,39.9,37.95,38.75,1512,4177
920724,39,39.2,38.02,38.35,875,4247
920727,38.6,38.95,38.05,38.4,894,4403
920728,38.27,38.65,37.45,38.6,1219,4563
920729,38.7,39.7,38.55,39.65,2063,4895
920730,40,40.47,39.55,40.07,2226,5329
920731,40.6,40.67,38.4,39.12,2303,5244
920803,39.8,40.65,39.4,40.57,2132,5138
920804,40.5,40.5,39.15,39.5,1968,5172
920805,39.5,39.9,39.27,39.37,1149,5173
920806,39.5,39.6,39.15,39.45,691,5266
920807,39.5,40.4,39,39.82,1473,5219
920810,39.9,40.3,39.45,40.22,1098,5289
920811,40.25,40.25,38.25,38.3,2416,5245
920812,38.3,38.7,37.52,37.65,3149,5264
920813,38.1,39.65,38.1,39.65,2347,5162
920814,41.25,41.25,39.27,40.27,3235,5007
920817,40,40.05,39.6,39.77,1120,4957
920818,39.85,41.77,39.85,41.77,3114,5019
920819,41.77,42.15,41.4,41.82,2577,4718
920820,41.65,41.95,41.3,41.52,1402,4633
920821,41.5,41.5,39.52,39.95,2288,4326
920824,39.95,40.5,39,40.3,1940,4479
920825,39.95,40,38.4,39.05,2544,4735
920826,38.95,39.5,38.55,39.3,1628,4888
920827,39.3,39.92,39.15,39.87,1127,4950
920828,39.85,40.1,39.07,39.52,1865,4765
920831,39.4,39.7,38.95,39.45,1098,4824
920901,39.3,40,39.25,39.97,820,4906
920902,40.2,41.9,40.2,41.75,2957,5243
920903,41.75,42.05,41.05,41.17,2295,5232
920904,40.65,41.45,40.5,41.35,1024,5253
920908,41.1,41.75,40.9,41.22,1276,5280
920909,40.9,41.25,40.25,40.8,1478,5215
920910,41.1,41.65,40.87,41.6,1538,5331
920911,41.65,41.9,40.47,40.52,2139,5471
920914,40.1,41.7,40.1,41.5,2254,5617
920915,41.3,41.55,40.65,40.82,1440,5622
920916,40.8,41.5,40.47,40.6,1720,5685
920917,40.6,41.1,40.5,40.57,987,5652
920918,40.55,40.9,40.2,40.65,1081,5705
920921,40.65,41.05,40.45,41,1156,5784
920922,40.82,40.95,39,39.32,3173,5534
920923,39.15,39.15,38.5,38.82,3514,5305
920924,39.1,39.47,38.9,39.12,1557,5207
920925,39.4,39.4,39,39.22,819,5205
920928,39,39.25,38.55,38.75,1567,5300
920929,38.85,39.15,38.55,38.67,1123,5171
920930,38.7,39.1,38.42,39.02,1581,4843
921001,37.6,40,37.6,39.9,2337,4966
921002,39.9,40.05,39.25,39.87,2156,4937
921005,39.4,39.4,38.4,39.3,1872,4894
921006,39.1,39.5,38.7,38.8,1204,4892
921007,38.9,39.12,38.65,38.87,745,4970
921008,39.15,39.65,39.05,39.52,1335,5085
921009,39.55,39.65,38.92,39.3,1194,5168
921012,39.7,41.3,39.7,41.3,2670,5295
921013,41.35,43.3,41.3,43.3,5027,5760
921014,43.5,44.45,42.75,43.22,4414,5999
921015,42.85,43.8,42.85,43.62,1903,5990
921016,43.65,43.75,42.32,42.87,2375,6114
921019,42.8,44.87,42.7,44.8,2865,6563
921020,44.6,44.85,43.7,44.05,2691,6983
921021,44,44.85,43.5,44.67,2395,7063
921022,44.6,44.6,42.9,43.05,2684,6962
921023,43,43.8,42.57,42.72,1797,6970
921026,42.45,43.4,42.12,42.6,2777,7061
921027,42.95,43.25,42.4,42.8,1777,7082
921028,42.85,43.1,40.82,40.9,4529,6934
921029,40.8,41.3,39.95,40.25,4707,6358
921030,40.2,41.1,39.8,40.52,3067,5857
921102,40.27,41.75,40.15,41.6,2753,6532
921103,41.7,42.22,41.12,42.15,2290,6650
921104,42.3,43.75,41.9,42.8,3945,6747
921105,42.8,43.1,42.25,42.7,2091,6828
921106,42.4,42.8,41,41.47,2852,6610
921109,41.45,42.2,41.1,41.85,2190,6471
921110,41.77,41.77,40.65,40.92,2615,6439
921111,41.25,41.7,41.07,41.42,1669,6566
921112,41.2,42.25,41.15,42.15,2341,6569
921113,42,42.37,41.15,42.1,2177,6695
921116,42.2,43.9,42.2,43.47,3896,7411
921117,43.4,44.1,43.3,43.8,2906,7211
921118,43.5,43.85,43,43.52,1971,7332
921119,43.35,43.77,43.12,43.2,1707,7457
921120,43.05,43.1,41.7,42.37,3043,7489
921123,41.9,42.35,41,41.45,3259,7020
921124,41.15,41.57,40.5,41.37,2266,7053
921125,41.45,41.85,41.15,41.35,1492,7018
921127,41.45,41.55,40.12,40.15,1938,7349
921130,39.5,39.92,39.1,39.22,3734,7384
921201,39.22,39.85,39.22,39.57,2378,7571
921202,39.5,39.8,38.57,38.62,2968,7314
921203,38.4,38.8,38.05,38.25,3230,7710
921204,38.35,38.95,38.25,38.4,2060,7622
921207,38.7,39.8,38.7,39.7,2804,7775
921208,39.8,39.85,38.9,39.1,2064,7794
921209,38.7,38.7,38.1,38.25,2787,7412
921210,38.37,38.8,37.12,37.2,2611,7315
921211,37.25,38.15,36.92,38.12,3179,7694
921214,38.5,38.7,37.6,38.57,3131,7310
921215,38.45,38.8,38.15,38.72,2046,7295
921216,38.85,39.2,38.15,38.67,3027,7406
921217,38.27,38.65,37.9,38.3,2221,7461
921218,38.2,38.95,37.95,38.7,1845,7540
921221,38.6,38.75,38.1,38.25,1075,7417
921222,38.15,38.5,38.15,38.2,980,7395
921223,37.8,37.95,37.5,37.77,1285,7473
921224,37.65,37.77,37.27,37.45,711,7478
921228,37.45,37.55,37.3,37.37,636,7361
921229,37.3,37.37,37.1,37.3,849,7227
921230,37.3,38.25,37.25,37.85,1240,7031
921231,37.3,37.8,36.85,37.75,1437,7221
930104,37.95,38.6,37.7,37.82,1835,7462
930105,37.8,37.8,36.85,37.32,2448,7413
930106,37.05,38.05,37.02,37.55,1966,7411
930107,37.42,37.87,37.3,37.4,1211,7315
930108,37.55,38.1,37.4,37.8,1522,7309
930111,38.15,39.8,37.9,39.8,4342,6604
930112,40,40.15,38.75,39.87,4201,5867
930113,39.4,39.45,38.05,38.45,3378,5291
930114,38.3,38.4,37.35,37.97,2533,4787
930115,37.65,38.25,37.25,37.5,2342,4976
930118,37.4,37.52,35.55,35.67,3513,4766
930119,35.6,36.25,35.17,36.15,2656,4749
930120,36.3,36.52,35.55,35.95,2368,4567
930121,36.2,36.75,35.95,36.57,2056,4292
930122,37,37.45,36.3,36.4,2250,4043
930125,36.25,36.85,36.25,36.35,1317,3720
930126,36.35,36.4,34.85,35.22,2235,3225
930127,35.17,36,35.12,35.8,1538,2795
930128,35.8,36.2,34.3,34.37,1961,2110
930129,34.6,35.5,34.6,34.97,1523,1427
930201,35.1,36,34.65,35.62,1131,984
930202,35.25,35.8,34.57,34.72,824,755
930203,34.62,35.65,34.6,35.02,575,527
930204,34.9,35.7,34.82,35.55,159,462
930205,35.6,35.85,35.2,35.45,122,387
930208,35.3,36,35.15,35.77,99,394
930209,36.05,36.2,35.5,35.75,111,320
930210,36.2,37.6,36.2,36.95,176,270
930211,37,37.35,36.55,37.35,96,202
930212,37.55,37.9,37.27,37.7,42,157
930216,38.4,38.4,36.5,36.62,57,120
930217,36.7,37.2,36.55,37,58,116
930218,36.97,37.35,36.6,37.35,34,32
930219,37.35,37.47,36.95,37.47,22,10
