941122,39.8,40,39.8,40,1,1
941123,41,41,41,41,0,1
941125,42.5,42.5,42.5,42.5,0,1
941128,44,44,44,44,0,1
941129,46,46,46,46,0,1
941130,46.5,46.5,46.5,46.5,0,1
941201,46.5,46.5,46.5,46.5,0,1
941202,47.05,47.05,47.05,47.05,0,1
941205,47.4,47.4,47.4,47.4,0,1
941206,47.4,47.4,47.4,47.4,0,1
941207,47.97,47.97,47.97,47.97,0,1
941208,47.97,47.97,47.97,47.97,0,1
941209,47.97,47.97,47.97,47.97,0,1
941212,48.85,48.85,48.85,48.85,0,1
941213,48.85,48.85,48.85,48.85,0,1
941214,49.55,49.55,49.55,49.55,0,1
941215,50.12,50.12,49.5,49.5,4,4
941216,50.02,50.02,49,49,5,9
941219,48.35,48.35,48.35,48.35,0,9
941220,47.82,47.82,47.82,47.82,0,9
941221,47.6,47.6,47.6,47.6,0,9
941222,47.6,47.6,47.6,47.6,0,9
941223,47.2,47.2,47.2,47.2,0,9
941227,46.7,46.7,46.7,46.7,0,9
941228,46.7,46.7,46.7,46.7,0,9
941229,47,47,47,47,0,9
941230,49,49,49,49,0,9
950103,49,49,49,49,0,9
950104,49,49,49,49,0,9
950105,49,49,49,49,0,9
950106,49,49,49,49,0,9
950109,49,49,49,49,0,9
950110,49,49,49,49,0,9
950111,49,49,49,49,0,9
950112,49,49,49,49,0,9
950113,49,49,49,49,0,9
950116,49,49,49,49,0,9
950117,49,49,49,49,0,9
950118,49,49,49,49,0,9
950119,49,49,49,49,0,9
950120,49,49,49,49,0,9
950123,50,50,50,50,0,9
950124,50,50,50,50,0,9
950125,50,50,50,50,0,9
950126,50,50,50,50,0,9
950127,50,50,50,50,0,9
950130,50,50,50,50,0,9
950131,50,50,50,50,0,9
950201,50,50,50,50,0,9
950202,50,50,50,50,0,9
950203,50,50,50,50,0,9
950206,50,50,50,50,0,9
950207,50,50,50,50,0,9
950208,50,50,50,50,0,9
950209,50,50,50,50,0,9
950210,50,50,50,50,0,9
950213,50,50,50,50,0,9
950214,50,50,50,50,0,9
950215,50,50,50,50,0,9
950216,50,50,50,50,0,9
950217,50,50,50,50,0,9
950221,50,50,50,50,0,9
950222,50,50,50,50,0,9
950223,50,50,50,50,0,9
950224,50,50,50,50,0,9
950227,50,50,50,50,0,9
950228,50,50,50,50,0,9
950301,50,50,50,50,0,9
950302,50,50,50,50,0,9
950303,50,50,50,50,0,9
950306,50,50,50,50,0,9
950307,50,50,50,50,0,9
950308,50,50,50,50,0,9
950309,50,50,50,50,0,9
950310,50,50,50,50,0,9
950313,50,50,50,50,0,9
950314,51.5,51.5,51.5,51.5,0,9
950315,52.55,52.55,52.55,52.55,0,9
950316,52.55,52.55,52.55,52.55,0,9
950317,52.55,52.55,52.55,52.55,0,9
950320,52.55,52.55,52.55,52.55,0,9
950321,52.5,52.5,52.5,52.5,0,9
950322,52.5,52.5,52.5,52.5,0,9
950323,51.2,51.2,51.2,51.2,0,9
950324,50.02,50.02,50.02,50.02,0,9
950327,49.5,49.5,49.5,49.5,0,9
950328,49.5,49.5,49.5,49.5,0,9
950329,49.42,49.42,49.42,49.42,0,9
950330,49.52,49.52,49.52,49.52,0,9
950331,49.45,49.9,48.3,48.3,9,18
950403,48.57,48.57,48.57,48.57,0,18
950404,48.57,48.57,48.57,48.57,0,18
950405,50.57,50.57,50.57,50.57,0,18
950406,50.3,50.3,50.3,50.3,0,18
950407,50.1,50.1,50.1,50.1,0,18
950410,50.1,50.1,50.1,50.1,0,18
950411,50.1,50.1,50.1,50.1,0,18
950412,50.1,50.1,50.1,50.1,0,18
950413,49.3,49.3,49.3,49.3,0,18
950417,51.1,51.1,50,50.55,1,19
950418,49.3,49.3,49.3,49.3,0,19
950419,49.6,49.6,49.6,49.6,0,19
950420,48.8,48.8,48.8,48.8,0,19
950421,48.4,49.2,48.4,48.4,1,19
950424,48,48,47.8,47.8,6,24
950425,48,48,48,48,1,24
950426,47.3,47.3,47.3,47.3,4,28
950427,47.5,47.5,47.5,47.5,1,28
950428,47.8,47.8,47.8,47.8,1,28
950501,48.7,48.9,48.7,48.9,6,25
950502,49.9,49.9,49,49.45,1,26
950503,49.85,49.85,49.25,49.25,2,28
950504,48.8,48.8,47.75,47.75,1,29
950505,47.8,47.8,47.8,47.8,0,29
950508,47.5,47.5,46.95,46.95,4,32
950509,47.75,47.75,47.75,47.75,0,32
950510,47,47,47,47,0,32
950511,47.5,47.5,47.5,47.5,1,31
950512,47,47,47,47,0,31
950515,48.3,48.4,48.2,48.2,0,31
950516,48.1,48.1,48.1,48.1,1,30
950517,47.8,47.8,47.8,47.8,0,30
950518,47.8,47.8,47.8,47.8,0,30
950519,47.8,47.8,47.8,47.8,0,30
950522,48.25,48.25,48.25,48.25,0,30
950523,50.2,50.25,50.2,50.25,1,30
950524,50,50.7,49.85,49.85,11,30
950525,49.5,49.5,49.5,49.5,0,30
950526,49.5,49.5,49.5,49.5,0,30
950530,50,50.2,49.5,49.5,3,32
950531,48.85,48.85,48.85,48.85,0,32
950601,48.2,48.2,48.2,48.2,0,32
950602,48.25,48.25,48.25,48.25,0,32
950605,48.25,48.25,48.25,48.25,0,32
950606,48.25,48.25,48.25,48.25,0,32
950607,49.07,49.07,48.7,48.7,4,35
950608,48.7,48.7,48.7,48.7,1,36
950609,48.7,48.7,48.7,48.7,0,36
950612,49.6,49.6,49.6,49.6,1,36
950613,48.5,48.5,47.6,47.62,4,40
950614,47.5,47.5,46.2,46.55,9,40
950615,47.72,48.2,47.72,47.72,2,40
950616,47.72,47.72,47.72,47.72,0,40
950619,49,49.72,49,49.72,3,40
950620,50,51.72,50,51.45,12,42
950621,51.9,52.55,51.9,52.55,8,38
950622,52.55,52.55,52.55,52.55,0,38
950623,53.25,53.25,53.25,53.25,0,38
950626,53.5,53.5,53,53,4,39
950627,53,53,52.6,52.6,1,38
950628,52.6,52.6,52.2,52.2,1,38
950629,52.2,52.2,52.2,52.2,0,38
950630,52.8,52.8,52.8,52.8,0,38
950703,52,52,51.22,51.22,22,41
950705,51,51.2,50.02,50.02,9,44
950706,50.02,50.6,50,50.5,19,51
950707,51.05,51.05,50.45,50.6,25,63
950710,50.85,50.85,48.62,48.62,43,95
950711,49.25,49.3,48.77,48.77,5,95
950712,48.05,48.05,48.05,48.05,0,95
950713,48,48.85,48,48.1,3,95
950714,48.1,48.1,48.1,48.1,1,95
950717,49.75,49.75,49.5,49.5,4,93
950718,49.3,49.3,49.3,49.3,2,93
950719,49.85,49.85,48.8,48.8,2,92
950720,49.8,49.8,49.35,49.37,2,92
950721,51.3,51.37,51.3,51.37,4,88
950724,53,53,51.65,51.65,8,86
950725,52.65,53.65,52.3,53.65,12,88
950726,53.95,54.22,52.65,52.65,25,105
950727,52.5,53.15,52.15,52.62,13,100
950728,52.9,54.52,52.9,54.05,12,97
950731,54.55,54.55,52.52,52.52,33,113
950801,52.4,53,52.07,52.8,28,122
950802,52,52.5,52,52.15,11,125
950803,52.17,52.17,51.35,51.52,30,134
950804,52.6,53,51,52.5,42,137
950807,53.15,53.25,52.2,52.55,29,143
950808,52.5,52.5,51.65,51.65,53,154
950809,51.4,52.4,50.95,52,43,153
950810,52.5,52.6,51.57,51.67,59,159
950811,51.8,53.1,51.4,53,101,170
950814,53,53.7,52.6,53.1,141,203
950815,53.1,53.2,52,52.8,73,203
950816,52.85,53.3,52.4,53.3,19,206
950817,53,53.45,52.95,53.15,19,204
950818,53.2,54.7,53.2,54.17,93,219
950821,54.3,56.17,53.9,56.17,114,249
950822,56.8,56.95,56.1,56.77,156,289
950823,56.95,57.8,56.45,57.8,40,299
950824,57.7,58.7,57.4,58,59,309
950825,57.35,57.42,56.15,56.35,41,307
950828,56.3,56.6,55.55,55.95,48,304
950829,55.7,56.25,55.7,56.25,23,305
950830,55.85,57.25,55.62,57.22,78,340
950831,56.9,57,56.6,56.9,38,346
950901,56.95,57.95,56.9,57.77,61,373
950905,57.4,58.75,57.15,58.6,67,380
950906,58.6,58.7,57.25,57.42,71,383
950907,57.6,57.95,55.8,56.9,69,384
950908,57.2,58.65,56.6,58.57,109,389
950911,58.2,59.25,57.25,59.25,132,388
950912,58.7,58.95,58.15,58.5,115,408
950913,57.6,58,57.4,57.5,68,404
950914,57.05,58.65,57.05,58.62,132,414
950915,58.2,59.1,57.95,58.45,55,418
950918,58.15,58.4,57.7,57.87,48,428
950919,57.95,59,57.3,58.7,117,443
950920,58.2,58.8,57.7,58.6,64,430
950921,58.3,60.6,58.15,60.6,186,489
950922,61,61,60.22,60.47,134,500
950925,61.3,61.7,60.4,61.3,145,512
950926,61.15,61.3,59.55,60.92,173,506
950927,60.9,61,59.15,59.77,174,522
950928,59.65,61.05,59.6,60.3,165,488
950929,60.5,61.6,60.35,61.2,126,465
951002,60.25,60.65,59.4,60.15,229,462
951003,60.1,60.65,59.7,60.65,55,474
951004,60.8,61.05,60.2,60.5,57,474
951005,60.55,60.85,59.55,60,79,462
951006,59.95,60.4,58.4,58.42,91,465
951009,58.1,58.6,57.52,58.55,55,461
951010,58.7,58.85,58.4,58.82,42,465
951011,58.9,59.7,58.9,59.62,75,468
951012,60,61.25,60,60.47,233,538
951013,60.9,61,60.02,60.95,193,555
951016,62.4,62.95,62,62.95,225,611
951017,63.4,63.95,62.55,63.27,219,659
951018,63.25,63.6,62.92,63.32,83,666
951019,63.4,63.4,62.6,62.77,153,680
951020,62.15,62.9,61.85,62.8,141,723
951023,62.6,62.6,60.8,60.8,223,768
951024,60.05,61.8,60,61.8,260,723
951025,61.35,61.6,60.57,61.32,126,724
951026,61.3,61.32,59.9,60.05,145,737
951027,60.1,61,59.97,60.9,106,730
951030,60.95,61.65,60.4,61.5,89,729
951031,61.3,61.3,60.8,61.25,51,717
951101,60.4,60.4,59.25,59.25,161,745
951102,57.75,58.2,57.32,57.55,323,757
951103,57.12,57.95,56.6,56.7,201,725
951106,57.2,58.1,57.15,57.82,291,748
951107,58.1,58.35,57.1,57.6,158,752
951108,57.45,58.2,56.85,56.87,202,727
951109,56.4,57.85,55.72,57.6,270,718
951110,57.7,57.7,56.6,56.62,82,714
951113,57,58.62,56.9,58.45,222,712
951114,58.45,58.6,58,58.27,151,737
951115,57.8,58.17,57.3,57.6,109,728
951116,57.1,57.35,56.5,56.6,125,710
951117,56.5,57.15,56.4,56.72,45,711
951120,56.65,57.4,56.2,56.55,53,717
951121,56.45,56.45,54.6,54.9,279,793
951122,54.75,54.85,54,54.02,182,844
951124,53.25,54.95,53.15,54.3,133,872
951127,54.5,54.5,53.5,53.55,344,994
951128,53.45,53.8,53.07,53.62,219,1011
951129,53.8,54.6,53.55,54,144,1004
951130,54.22,55.75,54.22,54.72,259,1006
951201,55.15,56,54.95,55.77,149,1004
951204,56.15,57.6,55.9,57.52,368,1031
951205,57.45,58.22,57,57.85,273,997
951206,57.85,59,57.52,58.87,264,948
951207,58.85,59.8,58.8,59.77,281,1010
951208,59.85,60,58.85,59.65,231,958
951211,59.57,59.95,58.8,58.85,243,910
951212,58.6,59.05,58.15,58.9,211,901
951213,59.22,60.8,59.22,60.3,344,977
951214,60.6,60.7,59.57,60.05,193,996
951215,59.97,61.3,59.85,61.15,253,1028
951218,61.25,61.47,60.4,61.05,246,1015
951219,60.85,60.85,60,60.47,203,1005
951220,60.75,60.95,59.1,59.47,345,1050
951221,59.3,59.62,58.75,59.1,225,1049
951222,58.97,59.9,58.82,59.77,227,999
951226,59.7,60.1,59.4,59.7,82,989
951227,59.5,59.5,58.35,58.72,174,979
951228,58.5,60.6,58.5,60.1,242,989
951229,58.1,58.1,58.1,58.1,53,981
960102,56.1,56.1,56.1,56.1,40,1005
960103,54.1,54.4,54.1,54.1,306,1001
960104,53.1,54.8,53,53.87,767,1090
960105,54.05,54.95,54.05,54.85,297,1050
960108,55.3,55.65,55.15,55.27,201,1048
960109,55.4,55.45,54.35,55.27,461,1174
960110,54.65,55.12,54.15,54.85,265,1228
960111,55,56.2,54.95,56.15,292,1218
960112,56.3,56.4,54.2,54.22,331,1230
960115,54,54.75,53.32,53.77,430,1277
960116,53.6,54.3,53.55,54.12,367,1227
960117,54.5,54.6,52.5,52.62,734,1323
960118,52.9,53.35,52.35,52.7,376,1335
960119,52.7,52.7,51.95,51.97,352,1411
960122,52,53.75,52,53.55,714,1559
960123,53.85,54,53.05,53.67,510,1653
960124,53.85,53.9,52.8,53.15,431,1652
960125,53.2,55.1,53.2,54.97,754,1657
960126,55.25,56.85,55,56.3,755,1739
960129,56.5,57.5,56.3,56.97,753,1867
960130,57.15,57.25,56.35,56.7,472,1861
960131,56.85,57.1,54.7,54.9,1077,1897
960201,54.45,55.5,54.45,55.2,1068,2306
960202,55.1,55.65,54,54.1,1101,2670
960205,53.7,55.17,53.6,55.05,1012,2826
960206,54.95,56.05,54.35,55.77,915,2844
960207,56.55,57.77,56.2,57.52,1768,2742
960208,57.55,58.15,57,57.35,1448,2983
960209,57.6,58.35,57.3,58.05,1289,2946
960212,57.9,60.05,57.8,60.05,1608,2917
960213,60,60.25,59.35,59.77,994,2910
960214,59.1,59.35,57.77,58.35,1696,2931
960215,58.25,60.1,58.25,59.75,1265,3002
960216,59.65,61.6,59.5,60.77,1381,3029
960220,60.95,61.65,60.35,61.32,1667,2949
960221,60.85,60.85,59.75,60.67,1189,2892
960222,60.5,61.9,60.45,61.4,1185,2886
960223,62.1,62.2,60.65,61.72,1098,2900
960226,61.65,62.85,61.55,62.52,1398,2818
960227,62.35,62.35,61.4,61.87,811,2596
960228,61.47,62.5,61.4,61.5,1200,2420
960229,61.9,63.5,61.9,63.5,1249,2460
960301,65,65.5,64.4,65.25,818,2300
960304,65,67.15,64.5,67.07,1461,1830
960305,66.65,67,65.85,66.47,832,1476
960306,65.7,67.3,65.6,66.47,520,1322
960307,67.5,68.47,66.5,68.4,492,1287
960308,68.4,70,68.2,69.95,422,1107
960311,69.45,71,69.35,70.97,322,996
960312,70.75,70.75,69.75,70.62,296,807
960313,70.92,71.05,68.75,70.5,314,661
960314,69.9,69.9,68.5,68.5,228,438
960315,67.25,68.1,66.5,68.1,200,393
960318,68.1,68.8,67.6,68.55,160,343
960319,68.2,68.9,67,68.9,73,337
960320,67.8,69,67.4,68.9,94,290
960321,69.25,70.2,69.25,70.2,79,254
960322,70.5,70.75,70.45,70.75,86,201
960325,69.75,70.7,69.75,70.35,124,88
960326,69.7,70.1,68.35,68.35,48,55
